V01000 V04001 V04002 V04003 V10004 V10201 V10202 V12001 V12052 V12053 V13004 V13003 V13007 V13201 V13241 V13242 V11002 V11042 V11212 V11041 V11043 V14032
56080 1991 1 4 7128 7145 7114 -90 0 -142 13 47 6 0 14 32766 5 60 16 32766 32766 63 
56080 1991 1 5 7118 7137 7087 -100 33 -201 8 34 5 0 19 32766 25 63 10 32766 32766 84 
56080 1991 1 6 7115 7131 7092 -99 43 -194 8 32 5 0 18 32766 3 80 15 32766 32766 83 
56080 1991 1 7 7129 7143 7105 -88 30 -179 10 31 15 0 16 32766 3 37 1 32766 32766 71 
56080 1991 1 8 7118 7145 7080 -77 73 -176 12 37 13 0 16 32766 3 57 10 32766 32766 75 
56080 1991 1 9 7098 7112 7080 -94 -25 -149 12 42 30 0 17 32766 15 73 16 32766 32766 38 
56080 1991 1 10 7127 7146 7106 -93 0 -180 13 52 5 2 19 32766 25 113 13 32766 32766 59 
56080 1991 1 11 7124 7136 7104 -109 -5 -190 9 39 12 0 20 32766 15 57 16 32766 32766 88 
56080 1991 1 12 7122 7140 7095 -109 4 -193 8 31 19 0 16 32766 0 47 16 32766 32766 76 
56080 1991 1 13 7134 7168 7114 -130 -62 -183 11 48 28 0 12 32766 20 83 16 32766 32766 69 
56080 1991 1 14 7185 7210 7160 -125 -7 -214 8 44 7 0 16 32766 10 53 10 32766 32766 82 
56080 1991 1 15 7159 7177 7132 -113 3 -184 7 27 9 0 14 32766 3 67 16 32766 32766 75 
56080 1991 1 16 7169 7190 7139 -122 29 -222 5 23 3 0 15 32766 0 37 12 32766 32766 89 
56080 1991 1 17 7129 7159 7094 -106 32 -208 6 22 11 0 15 32766 3 20 3 32766 32766 89 
56080 1991 1 18 7115 7133 7085 -85 50 -197 8 28 10 0 18 32766 10 80 16 32766 32766 59 
56080 1991 1 19 7104 7119 7074 -79 52 -176 13 38 16 0 20 32766 3 67 4 32766 32766 85 
56080 1991 1 20 7101 7117 7071 -94 -43 -134 19 63 36 1 7 32766 3 50 15 32766 32766 10 
56080 1991 1 21 7126 7148 7106 -101 -2 -167 12 53 7 1 14 32766 10 57 6 32766 32766 75 
56080 1991 1 22 7117 7135 7088 -89 -38 -141 23 76 27 8 9 32766 13 47 15 32766 32766 23 
56080 1991 1 23 7127 7137 7112 -100 -12 -181 18 64 18 6 15 32766 10 87 14 32766 32766 79 
56080 1991 1 24 7131 7143 7106 -111 -14 -195 13 53 25 0 11 32766 5 40 16 32766 32766 75 
56080 1991 1 25 7133 7157 7095 -97 35 -199 10 41 8 0 17 32766 10 90 14 32766 32766 53 
56080 1991 1 26 7137 7152 7111 -78 69 -190 9 29 10 0 19 32766 8 90 13 32766 32766 71 
56080 1991 1 27 7133 7156 7102 -40 56 -95 13 32 13 0 23 32766 8 60 2 32766 32766 68 
56080 1991 1 28 7134 7156 7097 -60 87 -170 13 36 14 0 18 32766 5 40 1 32766 32766 63 
56080 1991 1 29 7113 7139 7067 -57 100 -156 17 44 15 0 20 32766 8 103 16 32766 32766 56 
56080 1991 1 30 7162 7182 7120 -76 -27 -106 26 75 52 31 11 32766 8 53 16 32766 32766 39 
56080 1991 1 31 7169 7191 7143 -88 -9 -148 23 73 52 1 13 32766 3 40 16 32766 32766 55 
56080 1991 2 1 7135 7157 7099 -77 23 -132 24 70 32 2 14 32766 8 47 16 32766 32766 61 
56080 1991 2 2 7125 7135 7107 -77 -34 -98 26 74 51 3 11 32766 18 40 16 32766 32766 58 
56080 1991 2 3 7136 7150 7110 -74 -7 -129 22 64 40 32700 9 32766 5 30 3 32766 32766 56 
56080 1991 2 4 7136 7159 7107 -79 26 -155 18 57 20 32700 18 32766 13 50 5 32766 32766 86 
56080 1991 2 5 7098 7128 7063 -65 -3 -115 23 62 26 4 12 32766 5 53 16 32766 32766 18 
56080 1991 2 6 7113 7128 7093 -59 61 -160 13 46 5 0 33 32766 20 123 13 32766 32766 90 
56080 1991 2 7 7102 7136 7068 -48 50 -111 15 35 23 0 20 32766 5 47 16 32766 32766 58 
56080 1991 2 8 7103 7136 7077 -66 5 -128 22 59 37 0 16 32766 13 87 16 32766 32766 46 
56080 1991 2 9 7116 7149 7093 -65 33 -145 16 53 11 32700 20 32766 15 120 14 32766 32766 67 
56080 1991 2 10 7102 7122 7069 -58 61 -149 16 44 18 32700 24 32766 18 57 16 32766 32766 85 
56080 1991 2 11 7091 7112 7065 -46 45 -94 27 61 40 0 17 32766 5 50 9 32766 32766 63 
56080 1991 2 12 7059 7090 7030 -35 83 -121 29 63 28 0 26 32766 13 83 16 32766 32766 76 
56080 1991 2 13 7078 7103 7045 -28 40 -88 33 68 43 32700 16 32766 10 57 16 32766 32766 31 
56080 1991 2 14 7121 7142 7097 -48 37 -106 20 55 14 32700 15 32766 8 33 5 32766 32766 68 
56080 1991 2 15 7090 7122 7055 -58 18 -107 18 46 27 0 20 32766 18 77 16 32766 32766 34 
56080 1991 2 16 7104 7130 7059 -46 82 -91 24 56 22 0 20 32766 10 80 16 32766 32766 65 
56080 1991 2 17 7121 7145 7086 -57 10 -93 26 66 41 1 16 32766 20 80 16 32766 32766 35 
56080 1991 2 18 7129 7143 7104 -68 -20 -92 23 63 41 32700 16 32766 15 63 16 32766 32766 24 
56080 1991 2 19 7153 7173 7135 -98 -38 -124 24 81 56 28 9 32766 3 57 6 32766 32766 37 
56080 1991 2 20 7174 7190 7155 -94 18 -167 19 66 26 0 15 32766 10 40 16 32766 32766 73 
56080 1991 2 21 7190 7216 7171 -81 -8 -123 21 66 41 0 17 32766 20 47 16 32766 32766 72 
56080 1991 2 22 7223 7247 7196 -79 24 -151 15 52 16 0 18 32766 10 53 16 32766 32766 95 
56080 1991 2 23 7184 7214 7155 -66 58 -165 11 38 11 0 18 32766 5 70 14 32766 32766 98 
56080 1991 2 24 7166 7180 7137 -52 82 -147 14 37 10 0 25 32766 0 40 1 32766 32766 99 
56080 1991 2 25 7141 7178 7089 -27 120 -143 18 42 14 0 33 32766 8 60 5 32766 32766 84 
56080 1991 2 26 7113 7135 7069 -2 130 -98 24 43 11 0 37 32766 13 97 16 32766 32766 63 
56080 1991 2 27 7128 7136 7108 -34 9 -54 27 56 40 32700 21 32766 30 67 6 32766 32766 0 
56080 1991 2 28 7143 7150 7125 -77 -17 -102 26 77 53 102 7 32766 13 60 6 32766 32766 60 
56080 1991 3 1 7151 7162 7140 -82 5 -139 24 75 49 3 17 32766 0 27 10 32766 32766 73 
56080 1991 3 2 7158 7176 7131 -81 10 -151 24 74 47 0 17 32766 5 60 10 32766 32766 76 
56080 1991 3 3 7124 7149 7099 -55 43 -152 27 69 37 0 32 32766 13 87 11 32766 32766 102 
56080 1991 3 4 7099 7118 7083 -20 102 -94 30 60 25 0 27 32766 3 90 16 32766 32766 63 
56080 1991 3 5 7091 7123 7049 15 128 -70 36 58 23 0 40 32766 20 80 10 32766 32766 100 
56080 1991 3 6 7044 7067 7012 -2 75 -44 45 77 44 20 21 32766 10 70 16 32766 32766 58 
56080 1991 3 7 7097 7115 7067 -32 -12 -48 39 82 64 11 6 32766 13 53 16 32766 32766 0 
56080 1991 3 8 7093 7126 7061 -22 87 -81 32 65 28 4 27 32766 13 77 11 32766 32766 75 
56080 1991 3 9 7055 7070 7015 30 164 -27 39 59 11 0 45 32766 28 77 16 32766 32766 78 
56080 1991 3 10 7114 7127 7062 -15 37 -47 42 76 58 1 20 32766 28 97 15 32766 32766 31 
56080 1991 3 11 7122 7145 7095 -24 32 -62 43 84 62 29 8 32766 8 43 16 32766 32766 29 
56080 1991 3 12 7130 7152 7103 15 115 -36 43 67 18 0 37 32766 13 87 14 32766 32766 75 
56080 1991 3 13 7130 7155 7095 27 137 -63 35 57 12 0 41 32766 18 60 8 32766 32766 105 
56080 1991 3 14 7131 7165 7104 -12 80 -47 45 81 39 19 17 32766 15 90 16 32766 32766 0 
56080 1991 3 15 7186 7198 7149 -24 46 -68 36 73 36 18 24 32766 15 57 5 32766 32766 65 
56080 1991 3 16 7178 7195 7154 11 84 -29 42 65 38 32700 27 32766 10 37 7 32766 32766 73 
56080 1991 3 17 7155 7184 7118 19 136 -61 42 65 26 0 38 32766 8 60 16 32766 32766 85 
56080 1991 3 18 7148 7165 7118 35 159 -50 34 52 14 0 47 32766 5 47 14 32766 32766 107 
56080 1991 3 19 7099 7136 7051 46 181 -42 34 48 15 0 53 32766 5 70 1 32766 32766 76 
56080 1991 3 20 7129 7135 7107 34 104 -4 34 44 37 0 48 32766 18 53 5 32766 32766 53 
56080 1991 3 21 7140 7154 7113 35 140 -50 40 57 25 0 39 32766 8 27 2 32766 32766 98 
56080 1991 3 22 7097 7143 7038 56 198 -46 36 51 8 0 82 32766 25 93 10 32766 32766 95 
56080 1991 3 23 7112 7122 7058 29 98 -4 43 57 30 0 36 32766 23 67 6 32766 32766 7 
56080 1991 3 24 7118 7128 7105 5 37 -23 52 81 64 32 8 32766 3 47 8 32766 32766 0 
56080 1991 3 25 7057 7121 7007 5 50 -17 54 86 70 34 17 32766 20 90 16 32766 32766 7 
56080 1991 3 26 7106 7131 7039 -28 24 -89 39 77 46 32 24 32766 13 60 16 32766 32766 94 
56080 1991 3 27 7152 7175 7132 -7 49 -37 37 67 26 3 19 32766 25 80 11 32766 32766 25 
56080 1991 3 28 7145 7158 7125 13 92 -38 33 55 11 0 50 32766 20 100 14 32766 32766 93 
56080 1991 3 29 7167 7177 7142 -7 86 -49 33 64 11 0 29 32766 28 100 16 32766 32766 65 
56080 1991 3 30 7172 7195 7138 -31 45 -67 29 63 31 32700 33 32766 38 70 2 32766 32766 81 
56080 1991 3 31 7200 7214 7172 -48 34 -87 30 70 36 32700 29 32766 30 60 4 32766 32766 104 
56080 1991 4 1 7179 7214 7144 5 104 -67 29 50 10 0 46 32766 25 67 1 32766 32766 110 
56080 1991 4 2 7158 7183 7120 20 133 -67 34 54 21 0 42 32766 8 50 4 32766 32766 92 
56080 1991 4 3 7145 7165 7125 45 132 -18 48 62 24 12 47 32766 18 57 16 32766 32766 84 
56080 1991 4 4 7151 7161 7132 29 94 -23 42 60 31 0 32 32766 18 73 4 32766 32766 8 
56080 1991 4 5 7158 7177 7130 33 115 -29 49 68 30 8 44 32766 10 67 10 32766 32766 95 
56080 1991 4 6 7118 7148 7075 62 184 -41 38 52 8 0 72 32766 38 83 10 32766 32766 102 
56080 1991 4 7 7108 7128 7080 76 154 20 45 44 19 0 63 32766 10 60 4 32766 32766 77 
56080 1991 4 8 7096 7122 7065 71 165 -8 44 52 15 0 58 32766 10 60 4 32766 32766 32766 
56080 1991 4 9 7085 7109 7058 62 157 -26 53 58 28 2 54 32766 15 63 6 32766 32766 59 
56080 1991 4 10 7051 7089 7008 61 206 -14 56 70 18 19 61 32766 18 110 16 32766 32766 86 
56080 1991 4 11 7091 7111 7061 -10 31 -31 50 87 78 25 9 32766 28 93 16 32766 32766 0 
56080 1991 4 12 7135 7149 7105 -10 69 -46 45 79 47 2 21 32766 23 70 5 32766 32766 63 
56080 1991 4 13 7126 7151 7101 34 120 -24 45 64 26 10 44 32766 23 50 16 32766 32766 70 
56080 1991 4 14 7118 7144 7075 60 176 -24 54 64 17 3 52 32766 15 73 10 32766 32766 78 
56080 1991 4 15 7085 7129 7036 72 176 -13 68 71 23 3 41 32766 13 100 16 32766 32766 65 
56080 1991 4 16 7081 7107 7058 48 95 3 73 86 58 137 15 32766 25 90 16 32766 32766 0 
56080 1991 4 17 7148 7170 7107 -23 5 -40 48 93 84 128 21 32766 18 50 16 32766 32766 0 
56080 1991 4 18 7177 7193 7160 -30 7 -62 42 86 56 25 11 32766 3 20 1 32766 32766 0 
56080 1991 4 19 7198 7215 7180 -16 22 -48 42 78 55 14 25 32766 8 50 16 32766 32766 55 
56080 1991 4 20 7190 7207 7173 -9 29 -31 40 70 47 32700 24 32766 25 40 2 32766 32766 38 
56080 1991 4 21 7174 7196 7154 12 60 -26 43 64 45 7 22 32766 10 83 16 32766 32766 56 
56080 1991 4 22 7187 7198 7168 -3 62 -38 44 75 32 32700 30 32766 15 77 16 32766 32766 87 
56080 1991 4 23 7186 7196 7165 23 108 -54 35 57 20 0 54 32766 23 73 14 32766 32766 119 
56080 1991 4 24 7163 7180 7132 45 145 -44 35 50 16 0 57 32766 15 70 3 32766 32766 87 
56080 1991 4 25 7181 7202 7156 52 107 4 50 59 23 32700 47 32766 15 110 14 32766 32766 56 
56080 1991 4 26 7153 7180 7124 48 123 -16 55 68 26 5 47 32766 5 67 2 32766 32766 93 
56080 1991 4 27 7136 7152 7112 50 142 -11 59 71 26 12 40 32766 8 107 9 32766 32766 87 
56080 1991 4 28 7166 7209 7137 12 65 -27 52 80 50 8 27 32766 25 97 16 32766 32766 37 
56080 1991 4 29 7174 7221 7128 37 146 -58 40 59 25 32700 39 32766 13 33 3 32766 32766 92 
56080 1991 4 30 7152 7162 7128 2 120 -18 52 85 31 24 15 32766 23 63 5 32766 32766 0 
56080 1991 5 1 7152 7184 7105 23 117 -35 53 74 25 2 40 32766 18 60 9 32766 32766 62 
56080 1991 5 2 7117 7142 7084 41 135 -13 60 76 45 32700 40 32766 13 100 16 32766 32766 68 
56080 1991 5 3 7124 7151 7081 45 122 2 61 74 52 7 31 32766 10 60 9 32766 32766 33 
56080 1991 5 4 7116 7132 7086 44 90 20 69 83 62 100 23 32766 8 93 1 32766 32766 2 
56080 1991 5 5 7116 7142 7067 62 177 -22 65 74 27 32700 51 32766 13 87 9 32766 32766 74 
56080 1991 5 6 7151 7173 7093 0 106 -40 50 79 62 69 11 32766 28 70 15 32766 32766 0 
56080 1991 5 7 7192 7202 7172 3 58 -37 41 68 43 32700 30 32766 15 67 1 32766 32766 72 
56080 1991 5 8 7185 7209 7150 43 123 -19 42 56 11 0 53 32766 18 53 1 32766 32766 119 
56080 1991 5 9 7157 7179 7132 52 137 -29 41 53 23 0 59 32766 13 90 5 32766 32766 99 
56080 1991 5 10 7166 7173 7152 46 115 -2 58 71 23 1 34 32766 10 97 16 32766 32766 33 
56080 1991 5 11 7187 7207 7157 67 146 4 50 56 16 6 64 32766 28 80 5 32766 32766 85 
56080 1991 5 12 7177 7191 7152 76 157 -4 54 57 23 32700 64 32766 13 60 4 32766 32766 86 
56080 1991 5 13 7184 7198 7164 76 157 15 59 61 26 9 51 32766 10 97 3 32766 32766 75 
56080 1991 5 14 7206 7220 7179 71 154 -5 46 55 16 0 64 32766 18 63 3 32766 32766 109 
56080 1991 5 15 7205 7216 7189 70 135 19 45 48 22 32700 53 32766 18 83 3 32766 32766 65 
56080 1991 5 16 7192 7218 7161 73 169 -22 55 56 24 1 62 32766 13 123 16 32766 32766 115 
56080 1991 5 17 7166 7189 7147 62 110 15 74 78 53 69 30 32766 3 100 16 32766 32766 56 
56080 1991 5 18 7139 7160 7103 89 208 -4 55 57 6 0 77 32766 13 67 6 32766 32766 128 
56080 1991 5 19 7134 7153 7103 118 230 5 57 50 11 0 90 32766 13 73 7 32766 32766 129 
56080 1991 5 20 7155 7178 7113 96 181 76 92 77 30 80 23 32766 15 63 13 32766 32766 0 
56080 1991 5 21 7160 7190 7117 114 229 15 73 64 22 32700 71 32766 15 50 7 32766 32766 103 
56080 1991 5 22 7095 7128 7057 133 249 40 78 56 22 8 79 32766 8 70 16 32766 32766 88 
56080 1991 5 23 7090 7118 7061 112 144 36 94 72 57 20 33 32766 35 77 6 32766 32766 22 
56080 1991 5 24 7122 7129 7074 54 120 1 71 81 60 108 38 32766 13 120 15 32766 32766 6 
56080 1991 5 25 7130 7142 7110 99 199 9 72 64 21 0 68 32766 15 50 5 32766 32766 124 
56080 1991 5 26 7150 7159 7121 129 201 81 89 63 26 15 71 32766 18 90 13 32766 32766 98 
56080 1991 5 27 7151 7186 7109 103 171 74 91 73 45 17 52 32766 35 87 16 32766 32766 17 
56080 1991 5 28 7147 7159 7123 112 179 68 99 76 44 174 62 32766 15 67 1 32766 32766 46 
56080 1991 5 29 7158 7168 7131 111 175 61 95 73 51 32700 52 32766 15 77 11 32766 32766 45 
56080 1991 5 30 7141 7183 7090 143 219 83 108 69 41 0 77 32766 8 60 8 32766 32766 114 
56080 1991 5 31 7116 7126 7091 118 169 84 111 80 60 40 42 32766 33 87 16 32766 32766 12 
56080 1991 6 1 7164 7181 7125 55 91 30 72 80 65 110 35 32 23 67 16 32766 32766 5 
56080 1991 6 2 7199 7210 7178 59 98 34 75 81 60 33 20 16 28 50 9 32766 32766 6 
56080 1991 6 3 7189 7215 7162 86 142 38 70 66 37 0 53 25 8 40 9 32766 32766 89 
56080 1991 6 4 7177 7184 7164 94 152 32 78 68 43 42 50 26 0 70 15 32766 32766 72 
56080 1991 6 5 7194 7210 7175 100 175 16 75 65 37 19 56 32 8 83 1 32766 32766 101 
56080 1991 6 6 7173 7205 7127 108 219 20 75 63 24 5 72 37 15 90 16 32766 32766 92 
56080 1991 6 7 7135 7164 7098 120 210 35 82 63 25 5 69 34 13 67 16 32766 32766 113 
56080 1991 6 8 7120 7137 7099 122 204 53 97 73 29 29 52 28 23 70 16 32766 32766 70 
56080 1991 6 9 7143 7160 7118 114 186 57 106 81 52 13 41 22 5 100 15 32766 32766 57 
56080 1991 6 10 7156 7175 7128 134 221 52 82 63 21 32700 78 40 10 40 11 32766 32766 112 
56080 1991 6 11 7125 7158 7069 136 254 64 108 73 29 43 78 48 13 100 16 32766 32766 95 
56080 1991 6 12 7131 7146 7111 143 211 94 103 65 41 3 73 46 18 77 15 32766 32766 94 
56080 1991 6 13 7130 7141 7114 128 166 116 117 80 55 11 40 30 25 60 16 32766 32766 20 
56080 1991 6 14 7177 7191 7141 125 164 101 98 69 38 32700 43 26 15 53 6 32766 32766 26 
56080 1991 6 15 7181 7187 7171 98 160 39 86 73 45 2 31 24 23 97 13 32766 32766 4 
56080 1991 6 16 7177 7196 7148 117 196 33 83 64 29 32700 62 34 10 73 16 32766 32766 86 
56080 1991 6 17 7141 7164 7117 117 164 86 99 73 46 2 40 27 18 47 6 32766 32766 22 
56080 1991 6 18 7147 7155 7127 116 166 61 90 68 46 36 57 37 18 80 1 32766 32766 70 
56080 1991 6 19 7147 7167 7121 118 181 74 92 68 44 0 52 35 10 57 8 32766 32766 37 
56080 1991 6 20 7129 7142 7113 144 226 78 104 66 36 0 78 41 18 57 3 32766 32766 99 
56080 1991 6 21 7170 7183 7129 128 181 69 99 69 48 32700 48 31 8 50 2 32766 32766 14 
56080 1991 6 22 7187 7205 7163 136 197 55 92 63 35 0 68 38 8 63 4 32766 32766 93 
56080 1991 6 23 7160 7182 7126 125 221 33 75 58 18 0 89 51 15 50 2 32766 32766 127 
56080 1991 6 24 7154 7166 7138 120 214 20 71 56 28 32700 76 44 15 47 8 32766 32766 123 
56080 1991 6 25 7142 7163 7110 141 241 30 77 54 23 0 93 47 15 57 7 32766 32766 128 
56080 1991 6 26 7133 7140 7114 149 244 64 97 61 33 32700 83 50 30 73 3 32766 32766 93 
56080 1991 6 27 7155 7164 7131 134 184 99 117 76 52 58 37 26 10 57 5 32766 32766 20 
56080 1991 6 28 7167 7174 7153 125 182 73 109 77 57 0 46 33 30 63 16 32766 32766 22 
56080 1991 6 29 7169 7180 7150 141 191 106 110 69 48 1 48 30 13 40 6 32766 32766 7 
56080 1991 6 30 7170 7186 7147 139 206 81 96 63 35 0 67 34 8 53 16 32766 32766 78 
56080 1991 7 1 7157 7172 7134 138 213 85 101 66 34 4 74 48 13 60 7 32766 32766 87 
56080 1991 7 2 7143 7161 7120 153 206 106 96 58 31 1 73 50 15 87 16 32766 32766 86 
56080 1991 7 3 7140 7156 7113 140 210 92 99 65 34 18 66 42 30 47 6 32766 32766 77 
56080 1991 7 4 7133 7147 7113 154 222 91 103 63 34 73 76 48 15 83 5 32766 32766 89 
56080 1991 7 5 7138 7155 7107 129 172 98 109 74 48 138 62 48 23 70 15 32766 32766 56 
56080 1991 7 6 7153 7174 7124 122 211 39 91 68 25 32700 75 44 10 57 3 32766 32766 105 
56080 1991 7 7 7155 7177 7134 121 184 74 100 73 45 44 68 51 23 53 16 32766 32766 86 
56080 1991 7 8 7160 7165 7144 114 173 47 90 70 41 0 46 30 8 40 9 32766 32766 63 
56080 1991 7 9 7167 7180 7150 119 194 47 89 67 35 32700 66 41 20 80 6 32766 32766 100 
56080 1991 7 10 7181 7193 7158 122 169 88 98 71 38 4 43 30 23 70 8 32766 32766 20 
56080 1991 7 11 7173 7195 7143 128 223 20 70 56 17 0 81 45 8 47 3 32766 32766 116 
56080 1991 7 12 7146 7164 7118 142 243 40 85 58 23 0 86 47 20 60 4 32766 32766 128 
56080 1991 7 13 7142 7148 7123 127 199 92 111 77 43 7 33 28 15 70 16 32766 32766 5 
56080 1991 7 14 7151 7166 7132 147 231 64 100 65 28 0 71 38 15 70 6 32766 32766 80 
56080 1991 7 15 7147 7159 7124 156 256 55 96 60 20 32700 86 44 10 60 4 32766 32766 113 
56080 1991 7 16 7154 7160 7136 157 241 62 103 64 24 0 80 54 18 53 3 32766 32766 115 
56080 1991 7 17 7171 7185 7152 161 232 96 127 73 40 73 59 35 5 57 4 32766 32766 55 
56080 1991 7 18 7168 7186 7147 171 257 90 116 65 28 0 77 41 13 43 5 32766 32766 116 
56080 1991 7 19 7179 7193 7149 168 242 123 129 69 43 43 63 43 28 87 5 32766 32766 59 
56080 1991 7 20 7150 7182 7113 166 261 84 126 70 31 0 81 47 20 53 5 32766 32766 119 
56080 1991 7 21 7151 7164 7115 136 210 96 117 76 30 225 50 53 48 150 16 32766 32766 47 
56080 1991 7 22 7161 7180 7129 135 229 52 92 66 28 32700 70 39 15 43 5 32766 32766 99 
56080 1991 7 23 7151 7164 7138 128 202 76 109 76 43 1 60 49 25 80 16 32766 32766 48 
56080 1991 7 24 7170 7177 7162 155 211 111 118 69 52 5 41 26 13 60 8 32766 32766 26 
56080 1991 7 25 7164 7178 7144 150 200 121 131 77 59 13 30 14 10 30 3 32766 32766 13 
56080 1991 7 26 7153 7165 7140 156 201 127 151 85 62 125 28 17 8 40 16 32766 32766 4 
56080 1991 7 27 7141 7159 7121 163 232 114 133 75 47 26 48 25 20 57 16 32766 32766 45 
56080 1991 7 28 7165 7178 7130 116 195 96 112 83 55 120 21 29 23 57 16 32766 32766 0 
56080 1991 7 29 7174 7191 7149 119 201 52 102 77 46 32700 51 27 10 50 4 32766 32766 61 
56080 1991 7 30 7166 7173 7159 123 157 110 110 77 56 7 21 23 8 53 10 32766 32766 0 
56080 1991 7 31 7165 7174 7146 90 161 45 91 81 50 2 30 17 10 40 1 32766 32766 40 
56080 1991 8 1 7153 7170 7128 115 216 36 100 77 36 5 55 27 10 47 10 32766 32766 79 
56080 1991 8 2 7159 7165 7140 144 222 55 106 68 43 2 69 35 3 70 16 32766 32766 116 
56080 1991 8 3 7173 7191 7152 145 229 52 107 69 39 0 66 41 5 57 8 32766 32766 89 
56080 1991 8 4 7166 7177 7154 119 185 106 110 79 54 111 31 32 25 73 16 32766 32766 0 
56080 1991 8 5 7169 7185 7151 125 204 44 103 74 39 0 66 33 0 50 16 32766 32766 102 
56080 1991 8 6 7166 7176 7149 140 221 54 98 66 36 32700 67 38 8 43 16 32766 32766 105 
56080 1991 8 7 7166 7179 7146 147 238 85 112 71 33 2 73 41 15 60 4 32766 32766 106 
56080 1991 8 8 7161 7171 7140 140 209 87 115 75 39 50 45 34 30 60 12 32766 32766 55 
56080 1991 8 9 7161 7177 7141 140 207 114 127 81 48 53 48 29 13 70 3 32766 32766 50 
56080 1991 8 10 7144 7157 7122 145 237 55 111 70 34 0 70 43 15 57 4 32766 32766 117 
56080 1991 8 11 7165 7170 7134 150 214 95 111 69 40 0 57 41 13 57 4 32766 32766 57 
56080 1991 8 12 7181 7196 7157 143 204 76 104 67 38 0 53 39 15 57 5 32766 32766 47 
56080 1991 8 13 7180 7191 7167 118 171 86 104 76 50 31 23 21 18 73 16 32766 32766 0 
56080 1991 8 14 7212 7220 7192 107 156 80 98 78 55 123 36 21 23 47 6 32766 32766 31 
56080 1991 8 15 7212 7228 7190 106 194 29 71 62 21 0 70 39 10 60 16 32766 32766 120 
56080 1991 8 16 7205 7224 7174 103 214 14 76 67 25 32700 64 42 8 63 2 32766 32766 104 
56080 1991 8 17 7194 7215 7165 113 213 33 90 70 35 8 58 38 15 120 13 32766 32766 76 
56080 1991 8 18 7186 7198 7171 120 176 94 114 82 53 33 28 20 13 37 11 32766 32766 39 
56080 1991 8 19 7187 7204 7174 119 201 52 96 74 39 16 41 21 10 63 1 32766 32766 59 
56080 1991 8 20 7186 7203 7159 131 233 36 90 67 27 0 66 40 8 50 6 32766 32766 120 
56080 1991 8 21 7167 7182 7143 148 247 51 101 66 25 0 69 35 13 67 3 32766 32766 95 
56080 1991 8 22 7173 7182 7158 157 255 56 89 57 15 0 91 53 15 70 5 32766 32766 123 
56080 1991 8 23 7182 7195 7163 144 233 62 99 66 32 0 68 39 15 60 5 32766 32766 89 
56080 1991 8 24 7181 7194 7156 140 221 81 91 63 23 0 80 51 15 73 5 32766 32766 102 
56080 1991 8 25 7188 7197 7169 125 217 36 76 58 28 0 79 50 18 70 4 32766 32766 111 
56080 1991 8 26 7200 7210 7181 121 176 110 102 73 39 5 20 21 10 37 16 32766 32766 0 
56080 1991 8 27 7215 7233 7202 71 115 44 93 91 81 52 2 19 20 100 16 32766 32766 0 
56080 1991 8 28 7221 7244 7195 75 128 44 81 79 53 21 32 19 15 50 8 32766 32766 58 
56080 1991 8 29 7194 7215 7163 86 204 -9 68 67 24 0 60 31 8 33 2 32766 32766 121 
56080 1991 8 30 7163 7187 7132 117 244 5 67 58 14 32700 81 42 10 70 10 32766 32766 111 
56080 1991 8 31 7161 7181 7134 119 211 39 82 62 28 2 54 28 10 53 16 32766 32766 66 
56080 1991 9 1 7196 7209 7159 115 176 76 104 78 46 144 37 24 10 100 16 32766 32766 60 
56080 1991 9 2 7207 7218 7199 85 129 50 80 75 37 32700 23 22 18 73 7 32766 32766 0 
56080 1991 9 3 7185 7209 7158 100 193 18 74 67 13 0 67 38 10 70 14 32766 32766 100 
56080 1991 9 4 7192 7203 7173 101 201 14 75 67 20 0 61 33 3 57 14 32766 32766 113 
56080 1991 9 5 7204 7215 7186 112 209 20 64 58 14 0 72 40 20 80 1 32766 32766 116 
56080 1991 9 6 7187 7217 7149 115 225 17 81 64 32 5 62 34 13 47 1 32766 32766 111 
56080 1991 9 7 7201 7209 7168 69 168 45 80 81 49 41 12 27 18 90 16 32766 32766 0 
56080 1991 9 8 7181 7210 7157 87 159 32 89 81 45 17 33 11 3 60 4 32766 32766 63 
56080 1991 9 9 7191 7198 7175 92 112 75 96 82 75 2 17 15 20 70 16 32766 32766 0 
56080 1991 9 10 7214 7225 7189 103 173 49 90 75 38 12 48 26 13 60 16 32766 32766 58 
56080 1991 9 11 7236 7242 7219 86 132 63 91 82 46 1 19 14 3 57 10 32766 32766 20 
56080 1991 9 12 7238 7252 7213 71 147 28 76 77 38 5 40 27 25 77 10 32766 32766 98 
56080 1991 9 13 7205 7240 7171 79 186 -8 61 65 24 0 52 29 5 57 5 32766 32766 114 
56080 1991 9 14 7185 7200 7170 65 146 2 73 76 40 7 28 23 3 73 13 32766 32766 73 
56080 1991 9 15 7207 7222 7188 70 113 27 81 82 66 5 15 10 5 53 6 32766 32766 14 
56080 1991 9 16 7201 7218 7173 94 177 32 74 67 29 32700 47 25 8 53 8 32766 32766 72 
56080 1991 9 17 7193 7215 7155 89 205 4 58 61 9 0 65 38 18 73 10 32766 32766 113 
56080 1991 9 18 7193 7205 7170 80 134 54 64 59 46 0 43 41 15 57 9 32766 32766 43 
56080 1991 9 19 7193 7207 7167 62 167 -23 54 63 23 0 46 28 10 60 5 32766 32766 96 
56080 1991 9 20 7184 7205 7142 71 197 -20 54 61 21 32700 56 49 15 80 16 32766 32766 95 
56080 1991 9 21 7184 7194 7169 101 151 67 65 52 43 32700 50 31 13 53 16 32766 32766 20 
56080 1991 9 22 7208 7225 7184 75 113 51 76 74 56 30 20 11 15 40 6 32766 32766 0 
56080 1991 9 23 7205 7222 7190 68 112 37 77 79 50 21 14 11 18 37 16 32766 32766 12 
56080 1991 9 24 7190 7206 7164 85 162 37 76 71 28 1 42 14 10 57 1 32766 32766 74 
56080 1991 9 25 7187 7193 7175 67 137 20 67 73 36 2 26 26 8 97 14 32766 32766 50 
56080 1991 9 26 7197 7209 7169 49 156 -25 57 70 24 32700 37 21 10 57 13 32766 32766 75 
56080 1991 9 27 7190 7211 7148 66 177 -27 60 67 25 0 44 30 15 73 3 32766 32766 79 
56080 1991 9 28 7199 7220 7170 84 159 36 71 68 28 68 39 18 15 60 12 32766 32766 84 
56080 1991 9 29 7158 7194 7115 73 196 -15 64 69 27 0 38 22 8 33 4 32766 32766 91 
56080 1991 9 30 7135 7152 7102 80 181 26 78 76 41 2 40 23 15 90 16 32766 32766 59 
56080 1991 10 1 7166 7182 7130 70 152 34 82 83 54 8 32 32766 23 70 16 32766 32766 38 
56080 1991 10 2 7194 7217 7157 41 103 24 70 86 56 22 26 32766 33 63 16 32766 32766 19 
56080 1991 10 3 7221 7241 7189 46 131 15 56 68 31 0 40 32766 25 70 5 32766 32766 55 
56080 1991 10 4 7200 7220 7170 48 134 15 46 57 26 32700 45 32766 15 70 5 32766 32766 68 
56080 1991 10 5 7213 7231 7189 49 120 8 48 56 24 0 35 32766 15 37 16 32766 32766 82 
56080 1991 10 6 7200 7228 7152 37 154 -47 49 68 27 8 28 32766 10 63 14 32766 32766 73 
56080 1991 10 7 7174 7203 7139 75 171 10 66 69 25 0 43 32766 8 43 5 32766 32766 93 
56080 1991 10 8 7163 7172 7136 48 125 -7 62 74 47 0 31 32766 13 60 1 32766 32766 30 
56080 1991 10 9 7163 7181 7129 76 142 37 75 74 50 16 28 32766 20 67 7 32766 32766 39 
56080 1991 10 10 7165 7180 7135 66 122 36 77 80 50 70 22 32766 20 87 14 32766 32766 39 
56080 1991 10 11 7183 7203 7157 49 114 15 69 81 44 37 30 32766 18 47 15 32766 32766 53 
56080 1991 10 12 7158 7183 7126 65 119 32 75 78 53 32700 27 32766 8 43 16 32766 32766 25 
56080 1991 10 13 7159 7173 7138 73 110 49 80 79 57 9 22 32766 10 47 9 32766 32766 28 
56080 1991 10 14 7157 7177 7134 78 146 56 85 82 51 11 30 32766 18 77 15 32766 32766 42 
56080 1991 10 15 7198 7210 7174 46 92 25 72 85 66 53 19 32766 20 70 16 32766 32766 0 
56080 1991 10 16 7213 7230 7184 40 115 15 63 79 48 3 26 32766 8 63 16 32766 32766 58 
56080 1991 10 17 7205 7216 7181 41 80 16 61 75 56 32700 18 32766 3 40 4 32766 32766 0 
56080 1991 10 18 7212 7224 7196 33 83 7 60 78 53 18 16 32766 13 47 5 32766 32766 36 
56080 1991 10 19 7204 7224 7177 39 125 3 51 66 25 0 35 32766 8 60 5 32766 32766 80 
56080 1991 10 20 7194 7215 7181 -1 48 -15 51 84 46 34 7 32766 13 57 16 32766 32766 0 
56080 1991 10 21 7216 7234 7190 11 89 -33 51 77 31 32700 20 32766 3 43 5 32766 32766 67 
56080 1991 10 22 7217 7221 7207 0 45 -15 54 87 58 7 6 32766 3 40 15 32766 32766 25 
56080 1991 10 23 7217 7236 7192 0 83 -64 34 63 21 0 26 32766 18 73 13 32766 32766 99 
56080 1991 10 24 7194 7221 7160 7 110 -70 30 55 17 0 40 32766 8 70 11 32766 32766 96 
56080 1991 10 25 7178 7191 7162 3 114 -75 35 62 18 0 32 32766 13 60 16 32766 32766 94 
56080 1991 10 26 7220 7236 7192 1 86 -60 38 67 28 0 23 32766 3 60 15 32766 32766 75 
56080 1991 10 27 7235 7252 7208 -5 70 -44 38 66 27 0 12 32766 0 23 2 32766 32766 22 
56080 1991 10 28 7204 7225 7170 -3 97 -72 31 60 4 0 21 32766 10 47 16 32766 32766 81 
56080 1991 10 29 7200 7214 7187 -11 47 -52 39 71 35 0 13 32766 10 50 9 32766 32766 33 
56080 1991 10 30 7207 7231 7178 -2 86 -54 35 63 27 0 21 32766 3 33 10 32766 32766 66 
56080 1991 10 31 7187 7209 7152 1 109 -84 38 64 26 0 25 32766 8 70 10 32766 32766 76 
56080 1991 11 1 7206 7230 7174 17 80 -17 28 46 12 32700 40 32766 15 70 13 32766 32766 76 
56080 1991 11 2 7207 7230 7170 -17 113 -114 21 47 11 0 29 32766 8 33 5 32766 32766 91 
56080 1991 11 3 7199 7228 7162 -8 112 -101 20 44 7 0 34 32766 18 70 10 32766 32766 89 
56080 1991 11 4 7154 7191 7110 -7 122 -94 28 53 15 0 33 32766 5 73 12 32766 32766 92 
56080 1991 11 5 7152 7181 7118 -19 104 -80 35 73 28 15 22 32766 23 73 16 32766 32766 65 
56080 1991 11 6 7219 7240 7181 -66 -16 -94 30 81 59 54 20 32766 8 80 16 32766 32766 74 
56080 1991 11 7 7183 7213 7151 -67 54 -150 28 74 32 0 18 32766 0 20 14 32766 32766 89 
56080 1991 11 8 7156 7173 7127 -31 83 -98 32 69 25 0 21 32766 8 60 16 32766 32766 84 
56080 1991 11 9 7196 7219 7173 -35 30 -76 30 64 30 32700 18 32766 8 33 16 32766 32766 63 
56080 1991 11 10 7200 7218 7178 -33 45 -76 33 71 46 0 14 32766 15 43 16 32766 32766 73 
56080 1991 11 11 7192 7213 7167 -11 54 -38 42 74 52 32700 17 32766 8 67 16 32766 32766 35 
56080 1991 11 12 7197 7206 7170 -5 57 -36 38 66 30 1 20 32766 3 50 16 32766 32766 71 
56080 1991 11 13 7225 7238 7207 -35 17 -62 30 66 28 0 15 32766 8 40 12 32766 32766 23 
56080 1991 11 14 7219 7243 7178 -37 57 -105 31 69 25 32700 20 32766 10 80 16 32766 32766 80 
56080 1991 11 15 7199 7226 7150 -26 63 -64 33 69 12 32700 15 32766 0 47 5 32766 32766 55 
56080 1991 11 16 7205 7212 7190 -34 55 -78 28 61 20 0 14 32766 5 47 16 32766 32766 63 
56080 1991 11 17 7202 7219 7180 -42 56 -116 19 52 9 0 19 32766 8 50 16 32766 32766 75 
56080 1991 11 18 7198 7205 7182 -42 60 -124 17 48 6 0 24 32766 10 63 16 32766 32766 82 
56080 1991 11 19 7193 7217 7165 -47 65 -124 23 59 5 0 18 32766 3 40 9 32766 32766 64 
56080 1991 11 20 7151 7173 7126 -29 70 -103 27 59 16 0 20 32766 5 37 1 32766 32766 82 
56080 1991 11 21 7157 7170 7144 -35 60 -113 24 56 11 0 18 32766 3 40 16 32766 32766 64 
56080 1991 11 22 7172 7184 7152 -22 89 -104 23 51 7 0 26 32766 13 60 15 32766 32766 80 
56080 1991 11 23 7206 7217 7184 -35 17 -64 28 58 33 32700 13 32766 5 37 8 32766 32766 0 
56080 1991 11 24 7211 7233 7182 -34 59 -91 28 63 17 0 20 32766 13 50 10 32766 32766 79 
56080 1991 11 25 7186 7198 7168 -65 3 -107 31 81 47 11 4 32766 0 30 16 32766 32766 19 
56080 1991 11 26 7204 7209 7192 -51 1 -70 27 65 24 0 14 32766 3 27 15 32766 32766 32 
56080 1991 11 27 7170 7209 7130 -66 47 -158 17 54 9 0 17 32766 8 43 10 32766 32766 81 
56080 1991 11 28 7150 7165 7127 -69 38 -147 16 53 12 0 17 32766 5 57 1 32766 32766 75 
56080 1991 11 29 7141 7163 7108 -72 48 -166 15 50 11 0 16 32766 0 30 11 32766 32766 64 
56080 1991 11 30 7123 7133 7104 -63 46 -136 18 55 17 0 17 32766 5 67 16 32766 32766 81 
56080 1991 12 1 7140 7162 7125 -54 9 -104 24 61 32 6 15 32766 0 47 16 32766 32766 47 
56080 1991 12 2 7186 7192 7162 -82 12 -134 15 50 20 0 11 32766 8 30 1 32766 32766 74 
56080 1991 12 3 7180 7196 7161 -88 45 -178 13 48 11 0 16 32766 5 57 14 32766 32766 81 
56080 1991 12 4 7162 7175 7133 -88 60 -183 12 43 8 0 18 32766 0 47 10 32766 32766 82 
56080 1991 12 5 7169 7187 7153 -65 74 -167 15 42 10 0 15 32766 0 47 9 32766 32766 68 
56080 1991 12 6 7182 7213 7164 -68 28 -146 14 45 15 0 24 32766 18 83 16 32766 32766 73 
56080 1991 12 7 7208 7221 7194 -74 40 -157 11 38 7 0 16 32766 8 67 16 32766 32766 80 
56080 1991 12 8 7200 7224 7173 -68 82 -165 13 41 9 0 16 32766 8 37 9 32766 32766 81 
56080 1991 12 9 7153 7174 7124 -65 17 -128 18 51 27 0 16 32766 10 63 1 32766 32766 77 
56080 1991 12 10 7200 7215 7174 -84 6 -150 17 61 19 0 13 32766 0 43 3 32766 32766 58 
56080 1991 12 11 7200 7223 7177 -87 -10 -139 20 63 44 0 9 32766 0 27 10 32766 32766 39 
56080 1991 12 12 7194 7203 7182 -71 22 -115 18 54 6 5 13 32766 5 70 14 32766 32766 76 
56080 1991 12 13 7186 7207 7150 -82 62 -180 14 48 17 0 13 32766 3 30 16 32766 32766 74 
56080 1991 12 14 7184 7201 7163 -42 92 -146 18 44 14 0 28 32766 13 87 11 32766 32766 84 
56080 1991 12 15 7174 7188 7151 -39 123 -133 17 42 11 0 26 32766 3 60 10 32766 32766 83 
56080 1991 12 16 7172 7184 7161 -19 120 -112 16 37 4 0 28 32766 8 77 12 32766 32766 83 
56080 1991 12 17 7173 7201 7143 -47 123 -143 17 47 7 0 21 32766 0 47 9 32766 32766 70 
56080 1991 12 18 7150 7162 7131 -52 97 -143 16 42 14 0 14 32766 0 13 1 32766 32766 74 
56080 1991 12 19 7145 7158 7126 -59 99 -147 17 47 12 0 12 32766 0 20 14 32766 32766 46 
56080 1991 12 20 7147 7170 7114 -44 98 -141 20 51 15 0 14 32766 3 37 15 32766 32766 66 
56080 1991 12 21 7105 7138 7064 -45 127 -140 21 53 15 0 17 32766 0 30 16 32766 32766 77 
56080 1991 12 22 7113 7123 7063 -46 16 -72 30 71 39 32700 14 32766 15 43 1 32766 32766 38 
56080 1991 12 23 7102 7127 7072 -65 -4 -84 28 74 55 32700 8 32766 10 70 9 32766 32766 27 
56080 1991 12 24 7086 7110 7069 -84 -26 -100 24 74 49 4 7 32766 15 40 16 32766 32766 32 
56080 1991 12 25 7089 7126 7044 -75 1 -134 24 72 44 5 8 32766 8 37 16 32766 32766 43 
56080 1991 12 26 7089 7096 7045 -141 -42 -160 15 72 56 26 6 32766 18 80 16 32766 32766 46 
56080 1991 12 27 7131 7147 7096 -203 -118 -245 8 68 45 32700 9 32766 3 37 16 32766 32766 70 
56080 1991 12 28 7144 7156 7124 -205 -81 -279 8 66 36 0 7 32766 0 20 10 32766 32766 67 
56080 1991 12 29 7114 7142 7087 -163 -66 -238 10 60 37 0 7 32766 0 23 16 32766 32766 51 
56080 1991 12 30 7092 7101 7062 -136 -21 -226 12 54 27 0 9 32766 3 30 16 32766 32766 76 
56080 1991 12 31 7111 7120 7093 -145 -43 -220 12 59 29 0 9 32766 3 33 6 32766 32766 81 
56080 1992 1 1 7123 7131 7104 -119 -29 -204 15 58 40 0 12 32766 5 57 16 32766 32766 81 
56080 1992 1 2 7125 7136 7102 -112 -15 -183 14 54 0 4 16 32766 5 67 12 32766 32766 78 
56080 1992 1 3 7148 7171 7122 -128 12 -226 11 49 15 0 10 32766 0 40 11 32766 32766 72 
