V01000 V04001 V04002 V04003 V10004 V10201 V10202 V12001 V12052 V12053 V13004 V13003 V13007 V13201 V13241 V13242 V11002 V11042 V11212 V11041 V11043 V14032
54161 1959 1 4 9941 9966 9922 -245 -213 -280 4 45 38 32700 7 32766 38 140 16 32766 32766 35 
54161 1959 1 5 9964 9977 9959 -232 -171 -271 5 50 30 0 4 32766 30 102 15 32766 32766 75 
54161 1959 1 6 9946 9962 9935 -192 -134 -240 6 49 32 0 6 32766 45 98 13 32766 32766 69 
54161 1959 1 7 9965 9992 9941 -185 -130 -247 7 48 28 0 7 32766 18 74 16 32766 32766 76 
54161 1959 1 8 9937 9986 9894 -152 -85 -210 10 50 34 0 10 32766 50 150 11 32766 32766 50 
54161 1959 1 9 9930 9955 9900 -177 -97 -224 10 62 47 0 4 32766 35 86 15 32766 32766 76 
54161 1959 1 10 9882 9920 9841 -209 -152 -256 6 50 31 0 17 32766 40 122 14 32766 32766 80 
54161 1959 1 11 9823 9869 9788 -166 -105 -219 10 53 39 32700 8 32766 63 169 12 32766 32766 0 
54161 1959 1 12 9865 9879 9854 -148 -73 -221 8 45 31 0 10 32766 30 75 14 32766 32766 75 
54161 1959 1 13 9894 9921 9871 -172 -107 -236 8 49 28 0 9 32766 40 98 13 32766 32766 76 
54161 1959 1 14 9865 9916 9818 -104 -20 -176 15 52 42 0 19 32766 90 186 10 32766 32766 7 
54161 1959 1 15 9877 9922 9828 -157 -52 -194 14 74 56 31012 4 32766 60 149 15 32766 32766 45 
54161 1959 1 16 9931 9962 9911 -230 -192 -246 7 71 61 31007 4 32766 68 143 16 32766 32766 0 
54161 1959 1 17 9980 9992 9961 -255 -198 -299 5 63 45 31001 5 32766 38 82 13 32766 32766 78 
54161 1959 1 18 9974 9986 9959 -201 -137 -246 7 57 47 0 4 32766 55 91 12 32766 32766 77 
54161 1959 1 19 9940 9976 9884 -131 -65 -205 13 58 43 0 11 32766 88 186 11 32766 32766 82 
54161 1959 1 20 9925 9996 9887 -115 -69 -172 18 69 47 0 9 32766 43 151 12 32766 32766 77 
54161 1959 1 21 9969 10000 9898 -143 -64 -204 12 61 34 0 12 32766 58 153 12 32766 32766 78 
54161 1959 1 22 9894 9923 9872 -78 -19 -116 18 53 34 0 18 32766 75 186 11 32766 32766 40 
54161 1959 1 23 9880 9922 9809 -70 28 -142 20 57 28 0 21 32766 58 159 11 32766 32766 82 
54161 1959 1 24 9834 9862 9802 -37 1 -80 19 41 30 0 34 32766 68 202 12 32766 32766 60 
54161 1959 1 25 9904 9941 9851 -108 -64 -152 9 33 12 0 23 32766 58 192 14 32766 32766 82 
54161 1959 1 26 9913 9937 9892 -108 -21 -156 11 38 23 31001 16 32766 40 97 3 32766 32766 26 
54161 1959 1 27 9956 9970 9935 -143 -59 -209 12 63 29 31006 10 32766 45 100 13 32766 32766 76 
54161 1959 1 28 9938 9960 9904 -84 3 -143 16 52 26 0 17 32766 43 117 11 32766 32766 55 
54161 1959 1 29 9888 9918 9873 -89 -59 -116 24 76 51 31002 9 32766 53 139 1 32766 32766 20 
54161 1959 1 30 9925 9941 9918 -165 -97 -229 11 67 41 32700 5 32766 45 104 13 32766 32766 80 
54161 1959 1 31 9948 9970 9920 -108 -7 -179 15 55 30 0 20 32766 53 141 12 32766 32766 83 
54161 1959 2 1 9866 9920 9801 -20 30 -74 23 44 29 0 44 32766 110 258 11 32766 32766 32 
54161 1959 2 2 9793 9825 9777 -6 28 -30 36 61 41 32700 36 32766 105 233 12 32766 32766 69 
54161 1959 2 3 9864 9920 9825 -52 14 -114 25 65 24 0 19 32766 43 135 12 32766 32766 74 
54161 1959 2 4 9900 9930 9870 -20 76 -115 22 45 18 0 29 32766 48 150 11 32766 32766 82 
54161 1959 2 5 9917 10028 9881 -13 24 -72 46 81 70 31005 10 32766 50 128 1 32766 32766 0 
54161 1959 2 6 10065 10083 10028 -121 -60 -171 13 55 31 32700 9 32766 30 119 1 32766 32766 87 
54161 1959 2 7 10021 10069 9936 -110 -49 -176 13 53 23 0 11 32766 23 71 6 32766 32766 84 
54161 1959 2 8 9910 9936 9884 -58 -2 -104 17 44 23 32700 25 32766 58 166 12 32766 32766 7 
54161 1959 2 9 9954 9972 9936 -132 -49 -194 12 58 17 32700 10 32766 33 117 1 32766 32766 89 
54161 1959 2 10 9984 10001 9969 -166 -101 -232 7 47 23 0 8 32766 30 101 15 32766 32766 89 
54161 1959 2 11 9960 9994 9885 -122 -17 -192 7 31 7 0 22 32766 43 209 12 32766 32766 87 
54161 1959 2 12 9895 9988 9862 -25 19 -82 27 50 43 31001 39 32766 133 288 12 32766 32766 0 
54161 1959 2 13 9986 10000 9975 -79 -4 -152 16 49 22 0 12 32766 20 60 3 32766 32766 92 
54161 1959 2 14 9990 10001 9972 -80 -17 -137 14 44 23 0 19 32766 50 137 3 32766 32766 58 
54161 1959 2 15 9949 9972 9936 -86 -37 -113 17 53 35 32700 15 32766 33 119 4 32766 32766 0 
54161 1959 2 16 9947 9967 9935 -69 19 -133 18 58 11 0 16 32766 35 111 11 32766 32766 88 
54161 1959 2 17 9980 9993 9967 -86 -18 -139 15 48 27 0 17 32766 33 88 15 32766 32766 91 
54161 1959 2 18 9968 9989 9941 -77 6 -165 12 39 15 0 19 32766 25 97 11 32766 32766 83 
54161 1959 2 19 9929 9941 9918 -56 27 -117 11 28 11 0 15 32766 35 96 11 32766 32766 94 
54161 1959 2 20 9929 9941 9919 -78 5 -130 10 31 17 0 24 32766 33 109 12 32766 32766 89 
54161 1959 2 21 9925 9954 9913 -86 -10 -143 10 32 23 0 22 32766 35 103 11 32766 32766 93 
54161 1959 2 22 9973 10004 9953 -105 -30 -171 9 34 20 0 18 32766 30 114 13 32766 32766 91 
54161 1959 2 23 10001 10010 9988 -96 -12 -157 10 37 17 0 22 32766 30 134 11 32766 32766 97 
54161 1959 2 24 10016 10030 10004 -90 -7 -166 9 30 16 0 17 32766 20 78 10 32766 32766 97 
54161 1959 2 25 10046 10063 10020 -90 -37 -142 9 29 20 0 20 32766 35 110 2 32766 32766 97 
54161 1959 2 26 10051 10067 10030 -73 12 -143 9 28 17 0 18 32766 20 74 11 32766 32766 97 
54161 1959 2 27 10033 10070 10018 -88 -17 -144 10 31 23 0 19 32766 28 98 11 32766 32766 75 
54161 1959 2 28 10027 10065 9934 -70 14 -142 10 29 18 0 17 32766 13 47 11 32766 32766 92 
54161 1959 3 1 9864 9934 9816 -34 18 -82 15 31 28 0 40 32766 68 157 11 32766 32766 29 
54161 1959 3 2 9877 9934 9824 -73 -13 -104 21 60 25 31004 22 32766 68 157 16 32766 32766 92 
54161 1959 3 3 9896 9928 9816 -36 57 -123 13 31 14 0 54 32766 93 283 10 32766 32766 87 
54161 1959 3 4 9885 9939 9814 25 86 -23 27 40 17 0 80 32766 105 300 11 32766 32766 98 
54161 1959 3 5 9912 9930 9892 6 51 -30 31 44 30 32700 22 32766 23 67 4 32766 32766 0 
54161 1959 3 6 9920 9937 9908 1 84 -63 28 51 22 0 31 32766 35 77 2 32766 32766 98 
54161 1959 3 7 9912 9928 9893 1 88 -69 19 33 19 0 33 32766 25 57 6 32766 32766 89 
54161 1959 3 8 9925 9949 9900 -21 46 -69 16 33 14 0 42 32766 55 123 16 32766 32766 105 
54161 1959 3 9 9908 9951 9860 -5 88 -74 14 24 18 0 58 32766 45 127 10 32766 32766 80 
54161 1959 3 10 9852 9873 9839 -8 42 -55 21 35 17 31001 42 32766 63 125 16 32766 32766 68 
54161 1959 3 11 9899 9952 9871 -80 -4 -134 15 43 31 31002 20 32766 40 117 15 32766 32766 74 
54161 1959 3 12 9981 10022 9950 -101 -21 -166 9 34 17 0 25 32766 60 137 13 32766 32766 103 
54161 1959 3 13 10039 10058 10022 -56 31 -136 8 21 12 0 23 32766 25 40 2 32766 32766 104 
54161 1959 3 14 10045 10061 10019 -13 80 -96 9 17 8 0 30 32766 33 53 3 32766 32766 107 
54161 1959 3 15 9985 10019 9950 16 108 -54 11 16 9 0 89 32766 28 70 13 32766 32766 103 
54161 1959 3 16 9946 9959 9924 30 121 -32 28 39 26 0 48 32766 48 77 12 32766 32766 100 
54161 1959 3 17 9937 9961 9924 50 150 -27 27 34 20 0 68 32766 55 117 12 32766 32766 103 
54161 1959 3 18 9977 9998 9960 39 135 -55 19 26 11 0 47 32766 30 80 13 32766 32766 95 
54161 1959 3 19 9967 9990 9955 34 89 9 43 55 18 4 17 32766 28 90 5 32766 32766 23 
54161 1959 3 20 9975 9994 9924 10 94 -90 31 58 8 0 29 32766 35 83 3 32766 32766 85 
54161 1959 3 21 9891 9924 9831 36 71 2 59 74 42 7 16 32766 38 100 9 32766 32766 0 
54161 1959 3 22 9832 9884 9806 27 49 14 70 93 84 69 1 32766 18 61 15 32766 32766 0 
54161 1959 3 23 9885 9895 9870 39 109 2 66 82 29 2 29 32766 40 120 16 32766 32766 93 
54161 1959 3 24 9832 9875 9779 67 143 2 56 60 24 0 46 32766 38 97 8 32766 32766 103 
54161 1959 3 25 9807 9881 9771 46 105 30 73 86 69 39 12 32766 40 123 6 32766 32766 2 
54161 1959 3 26 9915 9936 9881 60 128 12 73 78 38 32700 23 32766 15 57 7 32766 32766 75 
54161 1959 3 27 9857 9916 9810 82 139 22 63 60 30 32700 59 32766 98 243 10 32766 32766 32 
54161 1959 3 28 9858 9881 9819 82 131 58 60 57 25 0 75 32766 73 227 10 32766 32766 46 
54161 1959 3 29 9880 9899 9856 33 104 -17 30 43 11 0 57 32766 35 77 13 32766 32766 105 
54161 1959 3 30 9877 9904 9855 23 101 -28 27 40 23 0 45 32766 38 107 15 32766 32766 106 
54161 1959 3 31 9937 9961 9904 35 108 -30 31 41 23 0 46 32766 28 83 15 32766 32766 116 
54161 1959 4 1 9912 9939 9880 71 164 -3 32 34 17 0 94 32766 78 188 10 32766 32766 112 
54161 1959 4 2 9892 9905 9867 99 188 33 46 38 27 0 143 32766 95 225 10 32766 32766 113 
54161 1959 4 3 9864 9881 9817 98 145 58 57 48 36 0 92 32766 63 204 9 32766 32766 15 
54161 1959 4 4 9745 9817 9694 47 104 4 69 82 69 15 7 32766 53 173 15 32766 32766 0 
54161 1959 4 5 9830 9861 9784 21 98 -46 33 53 11 1 53 32766 60 163 13 32766 32766 108 
54161 1959 4 6 9831 9857 9794 84 176 -7 37 38 14 0 91 32766 100 277 10 32766 32766 56 
54161 1959 4 7 9781 9797 9756 123 176 84 56 40 30 0 191 32766 155 281 10 32766 32766 75 
54161 1959 4 8 9705 9765 9657 98 178 55 63 51 42 32700 88 32766 95 263 10 32766 32766 9 
54161 1959 4 9 9711 9806 9668 14 116 -24 65 94 70 30029 11 32766 83 167 9 32766 32766 0 
54161 1959 4 10 9843 9874 9806 -7 75 -84 23 46 11 31001 44 32766 50 190 15 32766 32766 119 
54161 1959 4 11 9879 9904 9845 35 106 -53 20 27 9 0 56 32766 40 130 13 32766 32766 82 
54161 1959 4 12 9788 9845 9758 45 88 11 54 62 37 63 27 32766 50 160 16 32766 32766 4 
54161 1959 4 13 9873 9899 9833 27 100 -37 34 48 14 32700 43 32766 60 158 12 32766 32766 123 
54161 1959 4 14 9865 9891 9845 74 139 7 45 43 30 0 53 32766 45 123 9 32766 32766 47 
54161 1959 4 15 9808 9851 9756 88 144 60 59 54 21 2 66 32766 45 222 9 32766 32766 33 
54161 1959 4 16 9738 9769 9722 40 75 22 73 90 57 52 5 32766 40 98 6 32766 32766 0 
54161 1959 4 17 9799 9823 9769 47 107 -2 54 67 21 32700 39 32766 35 91 16 32766 32766 117 
54161 1959 4 18 9787 9822 9756 86 177 15 49 49 22 0 104 32766 85 224 9 32766 32766 118 
54161 1959 4 19 9743 9769 9715 147 239 72 68 40 28 0 182 32766 115 251 9 32766 32766 112 
54161 1959 4 20 9782 9844 9760 169 217 136 90 48 36 32700 145 32766 93 273 8 32766 32766 51 
54161 1959 4 21 9888 9913 9842 15 180 0 64 93 41 31110 21 32766 53 122 14 32766 32766 117 
54161 1959 4 22 9825 9885 9737 31 104 -28 51 71 23 0 39 32766 48 155 10 32766 32766 124 
54161 1959 4 23 9675 9737 9630 69 156 10 56 58 26 32700 78 32766 75 206 10 32766 32766 87 
54161 1959 4 24 9711 9790 9658 42 87 4 63 77 37 11 35 32766 63 177 12 32766 32766 60 
54161 1959 4 25 9817 9863 9788 68 152 -15 45 51 11 32700 85 32766 80 190 14 32766 32766 107 
54161 1959 4 26 9827 9863 9804 68 118 17 64 67 38 32700 35 32766 30 154 3 32766 32766 17 
54161 1959 4 27 9815 9824 9803 89 148 1 45 42 24 32700 72 32766 53 153 2 32766 32766 72 
54161 1959 4 28 9832 9860 9818 87 174 -10 51 48 22 32700 71 32766 30 129 14 32766 32766 93 
54161 1959 4 29 9866 9879 9855 151 242 57 53 36 11 0 149 32766 75 169 12 32766 32766 131 
54161 1959 4 30 9818 9857 9783 179 236 131 68 33 24 0 318 32766 160 368 12 32766 32766 94 
54161 1959 5 1 9741 9837 9702 171 260 108 65 33 26 32700 247 32766 120 287 13 32766 32766 104 
54161 1959 5 2 9850 9883 9820 95 160 23 45 41 24 0 78 32766 25 89 14 32766 32766 117 
54161 1959 5 3 9772 9820 9747 94 133 75 70 60 35 25 0 32766 30 78 5 32766 32766 0 
54161 1959 5 4 9775 9798 9754 101 178 56 88 74 27 18 44 32766 28 160 12 32766 32766 74 
54161 1959 5 5 9829 9851 9798 103 192 9 54 49 4 0 109 32766 55 187 15 32766 32766 126 
54161 1959 5 6 9852 9870 9845 145 237 65 36 25 4 0 145 32766 60 190 15 32766 32766 130 
54161 1959 5 7 9849 9870 9828 184 275 101 40 21 3 0 214 32766 98 194 12 32766 32766 124 
54161 1959 5 8 9857 9868 9843 180 266 93 50 26 10 0 199 32766 63 156 12 32766 32766 125 
54161 1959 5 9 9887 9914 9868 184 274 97 73 37 21 32700 172 32766 65 178 12 32766 32766 110 
54161 1959 5 10 9896 9918 9878 187 266 125 71 35 23 32700 210 32766 90 244 13 32766 32766 76 
54161 1959 5 11 9869 9917 9809 133 200 73 77 54 21 38 102 32766 53 153 12 32766 32766 104 
54161 1959 5 12 9819 9846 9795 77 163 21 40 38 15 32700 104 32766 75 222 16 32766 32766 90 
54161 1959 5 13 9768 9833 9704 147 297 4 53 39 4 0 131 32766 70 233 12 32766 32766 103 
54161 1959 5 14 9710 9795 9693 235 316 156 84 29 11 0 395 32766 143 274 12 32766 32766 121 
54161 1959 5 15 9798 9828 9767 186 263 95 54 23 17 0 136 32766 45 107 4 32766 32766 118 
54161 1959 5 16 9778 9832 9763 170 237 128 106 55 29 14 94 32766 43 168 12 32766 32766 61 
54161 1959 5 17 9852 9870 9832 151 227 61 67 45 14 0 107 32766 35 135 3 32766 32766 132 
54161 1959 5 18 9857 9883 9838 191 271 92 54 26 9 0 114 32766 20 87 8 32766 32766 121 
54161 1959 5 19 9830 9853 9804 215 302 118 51 21 11 0 219 32766 83 194 12 32766 32766 130 
54161 1959 5 20 9800 9816 9778 195 268 147 97 45 34 22 233 32766 88 242 12 32766 32766 75 
54161 1959 5 21 9791 9812 9772 103 178 44 83 70 19 57 164 32766 65 195 15 32766 32766 71 
54161 1959 5 22 9779 9790 9761 180 283 78 81 43 13 0 166 32766 65 165 14 32766 32766 133 
54161 1959 5 23 9788 9800 9769 240 331 146 73 27 8 0 262 32766 88 216 12 32766 32766 125 
54161 1959 5 24 9783 9804 9758 236 295 155 52 18 14 0 340 32766 130 260 12 32766 32766 110 
54161 1959 5 25 9795 9837 9783 224 301 153 74 29 13 0 242 32766 80 158 12 32766 32766 113 
54161 1959 5 26 9825 9847 9792 159 246 63 38 22 16 1 165 32766 63 207 1 32766 32766 86 
54161 1959 5 27 9804 9826 9739 139 200 50 40 30 11 32700 123 32766 45 151 16 32766 32766 100 
54161 1959 5 28 9785 9813 9741 137 191 61 61 41 21 32700 103 32766 60 178 5 32766 32766 101 
54161 1959 5 29 9766 9797 9751 134 170 105 68 45 39 3 66 32766 33 102 3 32766 32766 5 
54161 1959 5 30 9775 9797 9757 115 196 81 95 71 31 83 37 32766 35 144 16 32766 32766 62 
54161 1959 5 31 9802 9811 9797 98 138 58 105 86 58 35 19 32766 48 157 16 32766 32766 32 
54161 1959 6 1 9806 9823 9783 122 214 52 102 76 33 39 62 32766 35 141 15 32766 32766 101 
54161 1959 6 2 9797 9829 9782 124 171 102 120 84 51 19 39 32766 45 141 1 32766 32766 44 
54161 1959 6 3 9851 9875 9827 132 188 70 108 73 43 0 40 32766 30 116 2 32766 32766 94 
54161 1959 6 4 9850 9874 9818 156 208 91 112 65 43 0 60 32766 23 80 5 32766 32766 41 
54161 1959 6 5 9802 9821 9761 174 200 146 132 67 51 1 41 32766 20 53 16 32766 32766 10 
54161 1959 6 6 9744 9761 9723 150 189 131 146 86 57 61 17 32766 15 78 14 32766 32766 0 
54161 1959 6 7 9743 9784 9731 142 178 121 151 94 72 6 12 32766 28 92 1 32766 32766 8 
54161 1959 6 8 9781 9795 9761 187 275 106 134 67 28 13 92 32766 20 129 16 32766 32766 133 
54161 1959 6 9 9781 9793 9764 194 252 125 115 53 35 0 105 32766 30 114 3 32766 32766 135 
54161 1959 6 10 9768 9783 9755 204 267 117 122 53 32 0 112 32766 40 149 6 32766 32766 137 
54161 1959 6 11 9768 9787 9737 216 284 133 116 47 31 0 121 32766 43 106 9 32766 32766 121 
54161 1959 6 12 9712 9737 9692 178 248 163 159 79 54 44 41 32766 78 176 8 32766 32766 3 
54161 1959 6 13 9709 9715 9705 165 205 138 154 82 67 14 55 32766 50 127 8 32766 32766 20 
54161 1959 6 14 9709 9721 9698 175 203 131 176 89 67 98 22 32766 18 65 3 32766 32766 25 
54161 1959 6 15 9737 9768 9709 191 247 151 160 75 43 2 68 32766 25 125 15 32766 32766 93 
54161 1959 6 16 9783 9797 9766 203 272 122 134 61 30 0 92 32766 33 95 14 32766 32766 125 
54161 1959 6 17 9775 9797 9750 228 304 148 145 55 32 0 110 32766 28 102 11 32766 32766 108 
54161 1959 6 18 9734 9752 9705 225 307 181 155 60 31 79 84 32766 25 150 10 32766 32766 100 
54161 1959 6 19 9733 9751 9718 226 295 155 158 62 32 3 96 32766 33 125 2 32766 32766 131 
54161 1959 6 20 9760 9776 9741 216 297 136 116 47 27 32700 120 32766 45 159 1 32766 32766 118 
54161 1959 6 21 9774 9797 9758 229 288 161 136 52 31 3 118 32766 40 156 15 32766 32766 129 
54161 1959 6 22 9807 9822 9792 167 244 126 123 65 46 19 50 32766 35 83 3 32766 32766 30 
54161 1959 6 23 9821 9833 9806 198 265 120 131 62 30 0 79 32766 33 114 4 32766 32766 32766 
54161 1959 6 24 9817 9837 9793 214 275 138 126 52 30 0 85 32766 30 71 7 32766 32766 118 
54161 1959 6 25 9805 9818 9779 236 304 163 148 51 41 32700 121 32766 48 136 10 32766 32766 91 
54161 1959 6 26 9770 9793 9749 256 338 188 188 59 41 14 148 32766 80 183 11 32766 32766 75 
54161 1959 6 27 9770 9783 9753 236 290 209 170 59 52 4 114 32766 80 185 10 32766 32766 17 
54161 1959 6 28 9786 9808 9776 220 278 170 178 69 36 23 113 32766 60 153 11 32766 32766 88 
54161 1959 6 29 9816 9826 9808 232 303 154 167 63 32 0 121 32766 50 118 12 32766 32766 125 
54161 1959 6 30 9803 9815 9789 244 303 198 173 58 35 32700 90 32766 45 133 12 32766 32766 54 
54161 1959 7 1 9766 9798 9732 240 292 152 164 57 39 0 88 32766 20 89 3 32766 32766 116 
54161 1959 7 2 9725 9745 9715 225 277 196 192 72 49 32700 80 32766 38 127 15 32766 32766 43 
54161 1959 7 3 9763 9778 9745 207 257 177 208 86 56 39 28 32766 18 88 6 32766 32766 30 
54161 1959 7 4 9769 9779 9761 202 238 177 213 90 70 176 29 32766 20 71 7 32766 32766 24 
54161 1959 7 5 9779 9786 9768 209 251 177 216 88 66 13 39 32766 20 53 1 32766 32766 48 
54161 1959 7 6 9755 9779 9726 194 227 181 214 95 87 242 17 32766 35 102 2 32766 32766 0 
54161 1959 7 7 9734 9751 9721 208 250 177 202 84 53 54 32 32766 40 160 2 32766 32766 68 
54161 1959 7 8 9731 9744 9709 214 268 155 166 69 32 2 83 32766 33 104 15 32766 32766 141 
54161 1959 7 9 9709 9715 9697 190 240 172 190 86 65 13 19 32766 33 99 9 32766 32766 0 
54161 1959 7 10 9711 9734 9698 217 298 161 190 76 36 1 77 32766 23 81 14 32766 32766 114 
54161 1959 7 11 9746 9764 9732 216 256 171 160 63 48 32700 86 32766 48 117 1 32766 32766 106 
54161 1959 7 12 9744 9756 9730 214 279 140 155 63 38 0 87 32766 15 96 1 32766 32766 131 
54161 1959 7 13 9741 9754 9732 230 285 153 152 57 41 0 91 32766 25 100 1 32766 32766 108 
54161 1959 7 14 9760 9774 9753 241 307 166 176 60 38 0 85 32766 15 73 6 32766 32766 121 
54161 1959 7 15 9779 9791 9768 248 307 184 197 65 45 13 87 32766 38 100 10 32766 32766 99 
54161 1959 7 16 9782 9792 9759 247 290 207 192 63 48 0 99 32766 53 150 9 32766 32766 56 
54161 1959 7 17 9728 9759 9667 211 265 198 211 85 70 10 30 32766 33 96 8 32766 32766 0 
54161 1959 7 18 9707 9754 9669 208 263 156 189 79 44 174 81 32766 43 134 10 32766 32766 112 
54161 1959 7 19 9768 9798 9751 236 284 196 209 72 56 32700 90 32766 60 183 10 32766 32766 105 
54161 1959 7 20 9786 9800 9775 232 272 211 184 65 45 3 83 32766 48 148 10 32766 32766 24 
54161 1959 7 21 9803 9817 9781 213 265 162 213 85 50 14 48 32766 28 73 7 32766 32766 55 
54161 1959 7 22 9702 9781 9634 226 251 211 264 96 87 521 17 32766 75 214 10 32766 32766 0 
54161 1959 7 23 9693 9784 9668 229 276 183 218 79 51 134 81 32766 53 147 13 32766 32766 112 
54161 1959 7 24 9807 9826 9784 191 253 127 141 65 30 0 80 32766 25 90 13 32766 32766 138 
54161 1959 7 25 9798 9807 9785 226 301 159 169 62 40 0 106 32766 50 118 11 32766 32766 130 
54161 1959 7 26 9795 9827 9782 241 308 176 187 62 56 0 99 32766 45 141 10 32766 32766 118 
54161 1959 7 27 9822 9841 9799 245 315 161 200 65 48 0 83 32766 28 69 2 32766 32766 131 
54161 1959 7 28 9776 9799 9746 271 329 218 243 69 56 0 106 32766 65 185 10 32766 32766 108 
54161 1959 7 29 9763 9788 9750 274 314 258 262 72 65 32700 98 32766 65 175 10 32766 32766 74 
54161 1959 7 30 9785 9795 9777 248 295 223 267 86 64 264 100 32766 25 81 11 32766 32766 40 
54161 1959 7 31 9768 9785 9734 235 266 212 235 82 59 8 36 32766 28 96 3 32766 32766 17 
54161 1959 8 1 9731 9751 9716 222 237 210 246 92 82 284 54 32766 45 129 11 32766 32766 20 
54161 1959 8 2 9765 9822 9733 232 268 205 244 87 77 129 50 32766 45 129 11 32766 32766 53 
54161 1959 8 3 9842 9853 9822 235 296 175 203 72 45 32002 67 32766 15 47 7 32766 32766 127 
54161 1959 8 4 9825 9844 9807 257 312 211 242 74 61 0 75 32766 45 105 10 32766 32766 112 
54161 1959 8 5 9827 9837 9816 233 273 190 237 83 64 72 48 32766 30 98 15 32766 32766 73 
54161 1959 8 6 9798 9825 9746 229 269 172 207 76 49 0 53 32766 8 68 1 32766 32766 102 
54161 1959 8 7 9733 9746 9711 232 285 191 195 70 50 32700 69 32766 28 112 3 32766 32766 73 
54161 1959 8 8 9711 9714 9706 211 244 193 220 88 65 13 24 32766 33 74 2 32766 32766 18 
54161 1959 8 9 9723 9742 9709 204 230 192 225 94 79 260 32 32766 23 68 3 32766 32766 0 
54161 1959 8 10 9751 9786 9738 194 223 176 215 96 81 566 0 32766 25 80 1 32766 32766 0 
54161 1959 8 11 9813 9848 9786 217 264 172 212 82 64 32700 146 32766 23 108 3 32766 32766 99 
54161 1959 8 12 9848 9861 9833 224 273 172 206 77 54 32001 58 32766 20 73 7 32766 32766 124 
54161 1959 8 13 9815 9833 9783 220 268 159 192 74 48 0 62 32766 28 102 6 32766 32766 112 
54161 1959 8 14 9750 9783 9723 223 267 182 198 74 59 1 70 32766 20 74 6 32766 32766 109 
54161 1959 8 15 9722 9732 9709 215 255 190 224 88 65 117 27 32766 15 112 5 32766 32766 30 
54161 1959 8 16 9731 9750 9724 222 280 189 227 86 60 32700 50 32766 28 84 11 32766 32766 94 
54161 1959 8 17 9745 9754 9731 217 247 201 223 86 69 8 125 32766 40 108 8 32766 32766 23 
54161 1959 8 18 9749 9767 9735 243 295 205 248 82 61 0 61 32766 58 114 11 32766 32766 87 
54161 1959 8 19 9743 9767 9730 225 279 191 227 84 50 249 60 32766 35 113 11 32766 32766 92 
54161 1959 8 20 9764 9776 9751 220 288 163 200 77 40 0 65 32766 33 118 10 32766 32766 109 
54161 1959 8 21 9755 9764 9745 231 293 171 214 77 50 0 56 32766 25 70 12 32766 32766 121 
54161 1959 8 22 9748 9759 9737 241 305 185 224 76 50 4 67 32766 45 145 1 32766 32766 110 
54161 1959 8 23 9747 9761 9734 230 285 186 204 74 50 32700 68 32766 50 209 15 32766 32766 70 
54161 1959 8 24 9756 9786 9741 210 263 166 201 82 48 75 73 32766 50 123 11 32766 32766 128 
54161 1959 8 25 9778 9786 9767 204 259 162 190 80 54 2 38 32766 25 83 10 32766 32766 32766 
54161 1959 8 26 9748 9775 9712 220 277 176 216 83 60 0 48 32766 25 108 1 32766 32766 86 
54161 1959 8 27 9719 9730 9703 198 254 168 199 87 61 111 38 32766 33 110 10 32766 32766 46 
54161 1959 8 28 9750 9790 9730 203 261 165 186 80 53 3 61 32766 63 145 13 32766 32766 117 
54161 1959 8 29 9805 9829 9789 214 270 175 197 78 60 24 47 32766 43 148 16 32766 32766 62 
54161 1959 8 30 9799 9809 9790 203 236 182 207 87 76 274 68 32766 53 200 12 32766 32766 46 
54161 1959 8 31 9782 9806 9758 210 268 179 201 82 44 0 44 32766 25 71 12 32766 32766 112 
54161 1959 9 1 9766 9797 9757 194 257 144 170 78 43 0 55 32766 35 93 16 32766 32766 121 
54161 1959 9 2 9813 9834 9788 205 273 130 176 76 43 0 51 32766 3 39 9 32766 32766 124 
54161 1959 9 3 9822 9833 9807 192 258 158 180 83 57 32110 30 32766 43 164 15 32766 32766 57 
54161 1959 9 4 9828 9840 9821 158 219 102 136 78 43 32700 46 32766 40 133 1 32766 32766 101 
54161 1959 9 5 9840 9869 9829 166 236 112 133 73 38 2 37 32766 38 92 3 32766 32766 121 
54161 1959 9 6 9878 9891 9869 174 233 112 150 77 47 0 46 32766 28 74 3 32766 32766 106 
54161 1959 9 7 9828 9878 9743 157 194 140 150 85 68 39 27 32766 48 138 3 32766 32766 0 
54161 1959 9 8 9762 9806 9731 164 203 140 165 89 70 228 31 32766 73 145 9 32766 32766 27 
54161 1959 9 9 9804 9817 9789 177 226 142 171 85 64 131 38 32766 28 98 7 32766 32766 16 
54161 1959 9 10 9802 9817 9791 180 239 148 166 82 48 0 43 32766 28 78 8 32766 32766 74 
54161 1959 9 11 9796 9806 9787 163 214 143 165 90 63 57 28 32766 23 125 10 32766 32766 17 
54161 1959 9 12 9793 9804 9786 170 228 137 168 88 60 32700 29 32766 18 66 11 32766 32766 50 
54161 1959 9 13 9801 9817 9795 182 244 136 178 85 64 0 32 32766 25 61 5 32766 32766 82 
54161 1959 9 14 9828 9844 9816 204 271 153 194 82 58 0 42 32766 33 61 8 32766 32766 93 
54161 1959 9 15 9817 9843 9780 185 233 172 196 92 68 107 22 32766 40 158 10 32766 32766 14 
54161 1959 9 16 9802 9824 9776 167 207 138 137 73 41 0 68 32766 63 172 11 32766 32766 99 
54161 1959 9 17 9783 9820 9750 158 232 108 125 70 45 0 53 32766 45 79 1 32766 32766 111 
54161 1959 9 18 9725 9751 9709 146 197 120 124 77 47 32700 25 32766 5 66 13 32766 32766 23 
54161 1959 9 19 9728 9787 9706 131 188 108 112 75 38 14 45 32766 45 148 12 32766 32766 66 
54161 1959 9 20 9826 9903 9787 124 182 67 80 59 27 32700 73 32766 55 181 13 32766 32766 98 
54161 1959 9 21 9906 9923 9895 136 229 62 110 72 31 2 48 32766 28 86 12 32766 32766 83 
54161 1959 9 22 9895 9903 9884 142 172 127 148 91 76 23 11 32766 25 56 11 32766 32766 2 
54161 1959 9 23 9870 9884 9859 120 184 76 107 79 43 32003 49 32766 33 110 12 32766 32766 109 
54161 1959 9 24 9873 9889 9862 123 194 66 95 69 39 0 41 32766 30 79 14 32766 32766 32766 
54161 1959 9 25 9904 9932 9887 121 208 67 96 71 37 0 40 32766 23 75 15 32766 32766 78 
54161 1959 9 26 9917 9937 9873 130 204 76 103 71 40 0 46 32766 25 97 3 32766 32766 107 
54161 1959 9 27 9877 9887 9869 128 206 68 104 74 40 0 48 32766 25 63 3 32766 32766 105 
54161 1959 9 28 9881 9892 9869 140 213 76 103 67 38 0 34 32766 10 60 11 32766 32766 91 
54161 1959 9 29 9863 9876 9844 132 221 74 103 71 36 0 50 32766 35 87 12 32766 32766 97 
54161 1959 9 30 9841 9852 9825 141 203 108 122 77 61 27 31 32766 53 216 10 32766 32766 31 
54161 1959 10 1 9848 9878 9824 128 181 109 113 78 45 32 47 32766 48 123 11 32766 32766 98 
54161 1959 10 2 9871 9885 9857 124 185 78 105 73 55 32700 24 32766 38 68 2 32766 32766 54 
54161 1959 10 3 9827 9857 9802 119 144 105 124 90 76 46 13 32766 30 66 3 32766 32766 6 
54161 1959 10 4 9820 9842 9803 101 163 51 89 75 32 0 33 32766 33 88 14 32766 32766 103 
54161 1959 10 5 9813 9842 9787 132 227 66 91 63 27 0 70 32766 55 141 12 32766 32766 109 
54161 1959 10 6 9809 9829 9793 173 249 102 131 68 48 0 72 32766 60 140 11 32766 32766 100 
54161 1959 10 7 9881 9948 9825 128 190 102 99 69 35 32700 52 32766 38 128 1 32766 32766 91 
54161 1959 10 8 9926 9955 9865 84 146 27 70 65 37 0 37 32766 30 88 3 32766 32766 84 
54161 1959 10 9 9845 9869 9800 91 111 69 99 86 76 18 17 32766 18 67 3 32766 32766 0 
54161 1959 10 10 9789 9805 9778 92 118 68 99 85 64 12 18 32766 35 120 12 32766 32766 5 
54161 1959 10 11 9827 9873 9804 38 76 20 70 87 70 5 9 32766 55 128 13 32766 32766 0 
54161 1959 10 12 9895 9928 9873 28 46 5 69 93 80 30038 6 32766 65 113 15 32766 32766 0 
54161 1959 10 13 9934 9954 9925 47 77 8 74 87 74 32700 13 32766 53 126 14 32766 32766 0 
54161 1959 10 14 9954 9971 9931 69 126 33 77 79 51 0 19 32766 23 78 9 32766 32766 39 
54161 1959 10 15 9925 9933 9915 78 140 45 65 64 28 32700 34 32766 38 86 12 32766 32766 72 
54161 1959 10 16 9945 9961 9927 57 123 0 57 65 36 0 33 32766 28 81 13 32766 32766 101 
54161 1959 10 17 9945 9961 9921 79 151 4 61 59 35 0 24 32766 8 82 10 32766 32766 100 
54161 1959 10 18 9904 9921 9890 98 179 28 71 61 36 0 57 32766 33 105 12 32766 32766 98 
54161 1959 10 19 9900 9914 9891 110 204 27 77 63 27 0 37 32766 30 82 11 32766 32766 99 
54161 1959 10 20 9888 9907 9881 133 190 94 113 73 64 2 51 32766 83 194 10 32766 32766 22 
54161 1959 10 21 9892 9958 9867 119 153 104 131 94 73 66 24 32766 43 121 2 32766 32766 15 
54161 1959 10 22 9931 9977 9825 85 170 19 94 84 48 0 29 32766 53 184 10 32766 32766 86 
54161 1959 10 23 9859 9947 9808 79 167 35 71 60 37 139 73 32766 135 263 12 32766 32766 89 
54161 1959 10 24 9957 9977 9940 22 87 -27 43 64 29 0 54 32766 50 147 12 32766 32766 102 
54161 1959 10 25 9953 9979 9939 34 108 -13 50 66 32 0 19 32766 33 83 11 32766 32766 93 
54161 1959 10 26 9912 9944 9878 64 153 9 51 54 23 0 47 32766 50 126 11 32766 32766 100 
54161 1959 10 27 9834 9878 9798 95 155 48 77 64 57 0 58 32766 88 192 11 32766 32766 90 
54161 1959 10 28 9859 9887 9809 36 118 3 55 69 31 15 28 32766 38 94 14 32766 32766 83 
54161 1959 10 29 9894 9925 9874 -9 30 -30 36 64 38 0 21 32766 30 109 14 32766 32766 87 
54161 1959 10 30 9899 9937 9874 7 101 -50 38 61 46 0 26 32766 50 135 11 32766 32766 83 
54161 1959 10 31 9918 9938 9884 59 148 -20 58 65 46 0 36 32766 48 141 10 32766 32766 92 
54161 1959 11 1 9867 9890 9804 105 134 86 78 62 54 32700 47 32766 63 117 9 32766 32766 8 
54161 1959 11 2 9837 9900 9793 57 108 27 59 63 26 4 43 32766 58 145 16 32766 32766 85 
54161 1959 11 3 9923 9939 9900 16 87 -35 31 48 18 0 26 32766 13 48 6 32766 32766 88 
54161 1959 11 4 9889 9929 9855 64 148 -15 41 43 19 32700 54 32766 60 157 10 32766 32766 70 
54161 1959 11 5 9929 9973 9864 4 112 -35 37 55 26 30081 41 32766 63 177 13 32766 32766 87 
54161 1959 11 6 9918 9959 9868 0 69 -53 26 45 22 0 27 32766 50 101 8 32766 32766 61 
54161 1959 11 7 9883 9991 9823 -17 33 -65 33 62 45 30002 27 32766 65 184 13 32766 32766 11 
54161 1959 11 8 9998 10009 9988 -110 -59 -134 10 41 25 32700 23 32766 70 160 14 32766 32766 78 
54161 1959 11 9 9983 10002 9963 -94 -35 -136 17 60 32 0 16 32766 43 118 13 32766 32766 85 
54161 1959 11 10 9955 9966 9945 -63 14 -109 22 61 31 0 22 32766 42 124 12 32766 32766 86 
54161 1959 11 11 9917 9951 9882 -30 44 -77 24 51 38 0 26 32766 70 169 12 32766 32766 36 
54161 1959 11 12 9940 9956 9927 -71 -23 -113 21 60 32 31001 19 32766 58 172 13 32766 32766 81 
54161 1959 11 13 9903 9928 9875 -53 21 -102 19 49 22 0 31 32766 68 151 12 32766 32766 84 
54161 1959 11 14 9874 9902 9860 -31 31 -77 25 53 36 0 20 32766 33 100 12 32766 32766 48 
54161 1959 11 15 9910 9923 9897 -60 2 -118 20 57 26 0 19 32766 30 121 13 32766 32766 77 
54161 1959 11 16 9927 9951 9910 -66 -12 -114 18 51 30 0 18 32766 45 136 12 32766 32766 70 
54161 1959 11 17 9946 9958 9936 -41 29 -88 30 67 44 31002 16 32766 33 84 10 32766 32766 42 
54161 1959 11 18 9978 10002 9948 -77 -27 -116 27 81 57 31006 11 32766 30 79 13 32766 32766 79 
54161 1959 11 19 9984 9998 9974 -118 -50 -166 17 71 38 0 8 32766 28 65 14 32766 32766 82 
54161 1959 11 20 9945 9982 9916 -106 -48 -157 19 70 34 31003 10 32766 25 80 16 32766 32766 0 
54161 1959 11 21 9969 10014 9937 -127 -80 -151 19 80 65 31007 5 32766 43 97 12 32766 32766 54 
54161 1959 11 22 10016 10025 10011 -149 -94 -180 14 72 55 0 6 32766 40 93 12 32766 32766 79 
54161 1959 11 23 10008 10024 9987 -113 -65 -162 16 61 42 0 10 32766 35 66 1 32766 32766 0 
54161 1959 11 24 10031 10051 10014 -145 -86 -184 14 71 48 0 10 32766 20 32766 32766 32766 32766 67 
54161 1959 11 25 10041 10051 10029 -142 -77 -181 14 69 53 0 10 32766 35 32766 32766 32766 32766 76 
54161 1959 11 26 10021 10029 10017 -125 -58 -164 15 64 55 0 10 32766 40 32766 32766 32766 32766 77 
54161 1959 11 27 9983 10021 9929 -96 -19 -153 16 58 32 0 13 32766 38 32766 32766 32766 32766 80 
54161 1959 11 28 9929 9956 9916 -43 47 -98 30 64 50 0 21 32766 75 32766 32766 32766 32766 0 
54161 1959 11 29 9928 9952 9900 9 66 -78 52 79 68 0 13 32766 85 32766 32766 32766 32766 0 
54161 1959 11 30 9942 10027 9915 2 42 -35 55 86 67 30026 10 32766 40 32766 32766 32766 32766 0 
54161 1959 12 1 10004 10037 9936 -77 -28 -122 26 74 35 0 10 32766 45 103 4 32766 32766 48 
54161 1959 12 2 9882 9936 9849 -63 -22 -88 32 84 56 0 8 32766 13 30 4 32766 32766 3 
54161 1959 12 3 9820 9849 9795 -48 2 -81 36 84 70 32700 3 32766 40 107 12 32766 32766 19 
54161 1959 12 4 9883 9937 9831 -85 -42 -120 17 54 17 32700 17 32766 70 148 15 32766 32766 69 
54161 1959 12 5 9952 9978 9933 -125 -76 -162 9 42 21 0 13 32766 43 82 14 32766 32766 82 
54161 1959 12 6 9973 9987 9961 -141 -76 -203 9 49 27 0 5 32766 30 52 14 32766 32766 82 
54161 1959 12 7 9912 9961 9870 -83 -17 -137 20 59 52 0 10 32766 55 87 11 32766 32766 34 
54161 1959 12 8 9856 9878 9837 -15 48 -75 49 88 61 0 5 32766 55 127 12 32766 32766 12 
54161 1959 12 9 9950 10019 9861 -91 26 -149 26 69 40 32700 14 32766 68 125 1 32766 32766 72 
54161 1959 12 10 9960 10009 9905 -104 -48 -159 20 70 55 0 9 32766 30 77 11 32766 32766 37 
54161 1959 12 11 9941 10006 9894 -66 -23 -115 25 64 23 0 16 32766 68 153 12 32766 32766 71 
54161 1959 12 12 9975 10006 9940 -110 -35 -158 11 44 20 0 9 32766 28 33 10 32766 32766 74 
54161 1959 12 13 9994 10022 9958 -126 -82 -168 10 47 22 0 5 32766 28 83 15 32766 32766 71 
54161 1959 12 14 10012 10025 10005 -155 -76 -209 7 46 18 0 11 32766 23 68 13 32766 32766 77 
54161 1959 12 15 10023 10042 10014 -181 -126 -212 6 44 27 0 4 32766 48 113 13 32766 32766 78 
54161 1959 12 16 10045 10065 10014 -202 -171 -241 5 42 30 32700 10 32766 55 120 14 32766 32766 77 
54161 1959 12 17 10050 10065 10031 -186 -120 -235 7 45 26 0 12 32766 60 120 12 32766 32766 79 
54161 1959 12 18 9981 10031 9947 -147 -70 -193 11 52 33 0 16 32766 73 167 12 32766 32766 48 
54161 1959 12 19 9995 10018 9983 -167 -126 -211 10 60 45 0 5 32766 25 55 13 32766 32766 0 
54161 1959 12 20 9977 9987 9962 -171 -96 -227 10 61 37 0 7 32766 33 73 14 32766 32766 78 
54161 1959 12 21 9960 9981 9950 -158 -91 -207 10 59 37 0 10 32766 55 112 13 32766 32766 81 
54161 1959 12 22 9974 9990 9957 -141 -80 -201 11 56 38 0 12 32766 58 93 12 32766 32766 76 
54161 1959 12 23 9977 10023 9951 -128 -89 -165 13 56 47 0 13 32766 53 118 1 32766 32766 58 
54161 1959 12 24 9993 10022 9949 -151 -73 -212 10 57 30 0 12 32766 70 167 13 32766 32766 74 
54161 1959 12 25 9930 9949 9913 -111 -34 -149 15 59 28 0 20 32766 70 145 12 32766 32766 74 
54161 1959 12 26 9910 9930 9893 -98 -25 -140 15 54 33 0 19 32766 65 127 12 32766 32766 78 
54161 1959 12 27 9908 9969 9884 -116 -60 -151 16 66 42 0 10 32766 48 80 11 32766 32766 77 
54161 1959 12 28 10000 10023 9969 -151 -75 -215 10 55 35 0 4 32766 18 53 2 32766 32766 77 
54161 1959 12 29 10031 10046 10006 -123 -57 -183 14 57 46 0 11 32766 43 117 11 32766 32766 75 
54161 1959 12 30 9980 10006 9956 -95 -42 -128 17 55 40 0 6 32766 68 105 11 32766 32766 26 
54161 1959 12 31 9952 9983 9935 -123 -72 -163 13 58 38 0 9 32766 25 63 3 32766 32766 56 
54161 1960 1 1 9945 32766 32766 -139 -87 -197 10 52 37 0 7 32766 28 32766 32766 32766 32766 64 
54161 1960 1 2 9853 32766 32766 -96 -31 -168 22 75 45 31006 14 32766 45 32766 32766 32766 32766 58 
54161 1960 1 3 9758 32766 32766 -36 4 -85 33 69 62 0 13 32766 48 32766 32766 32766 32766 0 
