V01000 V04001 V04002 V04003 V10004 V10201 V10202 V12001 V12052 V12053 V13004 V13003 V13007 V13201 V13241 V13242 V11002 V11042 V11212 V11041 V11043 V14032
54161 2001 1 4 9992 10011 9941 -236 -197 -265 7 72 60 0 5 32766 25 47 11 32766 32766 72 
54161 2001 1 5 10043 10070 10008 -234 -187 -253 7 72 54 0 4 32766 15 53 12 32766 32766 69 
54161 2001 1 6 10054 10078 10024 -190 -117 -271 8 61 43 0 4 32766 10 33 5 32766 32766 71 
54161 2001 1 7 9969 10027 9944 -127 -89 -147 15 66 49 32700 13 32766 18 40 2 32766 32766 0 
54161 2001 1 8 9972 9983 9966 -133 -103 -156 19 84 76 12 13 32766 13 37 3 32766 32766 0 
54161 2001 1 9 9942 9968 9913 -195 -130 -230 9 65 46 28 6 32766 43 53 12 32766 32766 72 
54161 2001 1 10 9887 9913 9866 -256 -222 -281 4 58 43 0 4 32766 25 50 12 32766 32766 75 
54161 2001 1 11 9898 9925 9866 -300 -262 -337 3 61 46 0 3 32766 30 60 12 32766 32766 74 
54161 2001 1 12 9943 9960 9920 -277 -229 -311 4 64 52 0 4 32766 20 47 11 32766 32766 73 
54161 2001 1 13 9970 9983 9958 -301 -257 -325 4 72 61 0 2 32766 15 47 12 32766 32766 74 
54161 2001 1 14 9977 9992 9964 -297 -259 -317 4 75 67 0 2 32766 28 47 11 32766 32766 71 
54161 2001 1 15 9997 10008 9989 -276 -230 -308 5 73 62 0 3 32766 38 63 11 32766 32766 74 
54161 2001 1 16 9991 10003 9978 -255 -225 -279 5 69 63 0 5 32766 35 50 12 32766 32766 71 
54161 2001 1 17 9949 9999 9917 -193 -135 -256 10 70 55 1 4 32766 23 53 8 32766 32766 8 
54161 2001 1 18 10032 10061 9935 -215 -158 -255 10 84 70 0 3 32766 18 33 1 32766 32766 59 
54161 2001 1 19 9994 10051 9970 -186 -141 -225 11 76 64 0 5 32766 20 37 13 32766 32766 20 
54161 2001 1 20 9938 9970 9926 -191 -138 -228 11 78 62 0 5 32766 15 37 12 32766 32766 79 
54161 2001 1 21 9953 9971 9927 -194 -142 -235 10 77 58 0 7 32766 5 27 2 32766 32766 30 
54161 2001 1 22 9989 10007 9971 -195 -142 -224 11 81 67 0 4 32766 18 53 12 32766 32766 74 
54161 2001 1 23 10037 10056 10008 -182 -112 -239 11 75 56 0 4 32766 10 30 12 32766 32766 79 
54161 2001 1 24 9973 10033 9948 -145 -98 -169 16 78 64 2 7 32766 40 73 12 32766 32766 0 
54161 2001 1 25 10001 10018 9971 -165 -115 -198 14 82 63 0 9 32766 15 33 11 32766 32766 79 
54161 2001 1 26 9925 10021 9867 -122 -53 -195 15 64 43 0 8 32766 18 33 8 32766 32766 60 
54161 2001 1 27 9863 9871 9855 -128 -88 -144 18 78 56 4 8 32766 35 50 12 32766 32766 33 
54161 2001 1 28 9879 9887 9867 -180 -144 -200 12 82 74 1 4 32766 33 60 12 32766 32766 81 
54161 2001 1 29 9861 9892 9839 -149 -112 -180 13 70 59 0 7 32766 40 77 12 32766 32766 73 
54161 2001 1 30 9908 9943 9877 -145 -90 -213 14 70 49 0 8 32766 28 47 8 32766 32766 72 
54161 2001 1 31 9818 9877 9770 -96 -40 -143 23 75 49 15 16 32766 60 100 12 32766 32766 6 
54161 2001 2 1 9913 9926 9869 -180 -139 -220 9 61 46 0 7 32766 45 77 12 32766 32766 78 
54161 2001 2 2 9933 9968 9907 -230 -164 -262 6 56 44 2 4 32766 33 77 14 32766 32766 71 
54161 2001 2 3 10016 10030 9968 -263 -201 -315 4 57 39 0 5 32766 8 30 12 32766 32766 79 
54161 2001 2 4 10023 10045 10004 -238 -199 -286 5 57 46 0 5 32766 23 53 3 32766 32766 73 
54161 2001 2 5 10012 10024 9998 -233 -193 -258 5 55 47 0 7 32766 23 47 3 32766 32766 77 
54161 2001 2 6 10004 10027 9986 -240 -190 -283 5 59 42 0 3 32766 18 40 3 32766 32766 82 
54161 2001 2 7 9959 9986 9936 -215 -157 -269 7 59 54 0 4 32766 45 63 11 32766 32766 85 
54161 2001 2 8 9909 9940 9884 -150 -90 -210 13 68 59 0 8 32766 33 67 12 32766 32766 76 
54161 2001 2 9 9917 9932 9895 -153 -110 -204 14 76 60 32700 6 32766 23 57 12 32766 32766 77 
54161 2001 2 10 9993 10026 9931 -198 -140 -229 9 72 61 6 5 32766 33 53 12 32766 32766 74 
54161 2001 2 11 10061 10083 10024 -224 -185 -265 7 67 57 0 4 32766 40 57 12 32766 32766 94 
54161 2001 2 12 10031 10073 10002 -188 -142 -232 9 63 54 0 7 32766 45 70 12 32766 32766 87 
54161 2001 2 13 9977 10003 9963 -199 -155 -238 9 67 53 0 7 32766 5 37 11 32766 32766 90 
54161 2001 2 14 9948 9975 9934 -194 -140 -234 9 68 54 0 7 32766 25 50 12 32766 32766 91 
54161 2001 2 15 9934 9953 9920 -168 -105 -215 12 70 52 0 7 32766 20 40 14 32766 32766 88 
54161 2001 2 16 9951 9966 9936 -142 -78 -217 15 69 63 0 8 32766 58 77 11 32766 32766 87 
54161 2001 2 17 9862 9937 9839 -41 2 -103 33 70 56 0 21 32766 80 123 11 32766 32766 85 
54161 2001 2 18 9871 9901 9849 -35 -6 -65 41 86 76 0 12 32766 15 80 11 32766 32766 0 
54161 2001 2 19 9952 9983 9900 -77 -27 -138 29 86 60 0 8 32766 15 50 12 32766 32766 92 
54161 2001 2 20 9863 9958 9795 -23 38 -89 35 67 53 0 36 32766 60 123 11 32766 32766 84 
54161 2001 2 21 9830 9871 9780 -8 30 -37 47 82 57 0 24 32766 48 127 11 32766 32766 79 
54161 2001 2 22 9910 9951 9869 -64 -35 -96 28 74 51 6 10 32766 28 67 2 32766 32766 39 
54161 2001 2 23 9967 9979 9952 -115 -85 -130 17 66 57 0 8 32766 30 50 2 32766 32766 78 
54161 2001 2 24 9934 9965 9919 -130 -83 -182 18 76 61 0 8 32766 20 60 12 32766 32766 93 
54161 2001 2 25 9969 9997 9926 -102 -58 -170 21 74 53 32700 11 32766 23 63 11 32766 32766 93 
54161 2001 2 26 9938 9956 9926 -32 20 -98 34 67 60 0 11 32766 48 67 12 32766 32766 86 
54161 2001 2 27 9884 9926 9860 -3 15 -30 47 78 58 3 17 32766 70 137 10 32766 32766 12 
54161 2001 2 28 9889 9899 9882 -38 -2 -88 30 65 45 0 15 32766 20 40 11 32766 32766 100 
54161 2001 3 1 9896 9920 9873 -43 -17 -65 30 69 58 0 16 32766 30 53 4 32766 32766 92 
54161 2001 3 2 9893 9933 9858 -29 20 -80 33 69 41 0 16 32766 25 47 8 32766 32766 97 
54161 2001 3 3 9808 9864 9774 -39 7 -66 34 72 39 16 16 32766 10 67 12 32766 32766 34 
54161 2001 3 4 9773 9805 9747 -94 -65 -118 24 80 65 4 8 32766 40 73 15 32766 32766 7 
54161 2001 3 5 9850 9865 9806 -95 -58 -145 18 60 55 0 17 32766 28 43 16 32766 32766 97 
54161 2001 3 6 9868 9905 9839 -97 -78 -110 19 63 54 0 12 32766 45 77 2 32766 32766 46 
54161 2001 3 7 9925 9936 9905 -124 -82 -155 19 78 63 3 9 32766 28 53 16 32766 32766 39 
54161 2001 3 8 9901 9930 9882 -119 -71 -171 17 72 50 0 11 32766 18 50 13 32766 32766 98 
54161 2001 3 9 9883 9894 9871 -106 -65 -148 17 61 44 0 13 32766 23 57 12 32766 32766 103 
54161 2001 3 10 9936 9950 9894 -98 -48 -154 20 69 54 0 14 32766 23 60 13 32766 32766 105 
54161 2001 3 11 9922 9947 9912 -73 -33 -111 21 58 49 0 21 32766 33 70 12 32766 32766 105 
54161 2001 3 12 9918 9946 9886 -57 -12 -124 23 61 36 0 18 32766 25 50 8 32766 32766 86 
54161 2001 3 13 9780 9886 9745 22 97 -45 43 56 46 0 42 32766 65 140 11 32766 32766 72 
54161 2001 3 14 9871 9893 9777 -19 43 -31 40 75 56 3 18 32766 30 57 16 32766 32766 27 
54161 2001 3 15 9900 9925 9884 -28 6 -78 28 57 44 0 24 32766 45 77 12 32766 32766 109 
54161 2001 3 16 9849 9884 9818 19 75 -41 37 55 36 0 39 32766 48 83 12 32766 32766 96 
54161 2001 3 17 9745 9818 9707 52 97 13 48 55 44 0 50 32766 63 110 12 32766 32766 66 
54161 2001 3 18 9769 9778 9743 35 95 -12 43 57 31 0 47 32766 58 127 14 32766 32766 108 
54161 2001 3 19 9688 9781 9653 82 143 21 51 47 29 0 67 32766 53 97 12 32766 32766 92 
54161 2001 3 20 9743 9774 9658 4 89 -27 27 41 33 0 59 32766 83 137 14 32766 32766 99 
54161 2001 3 21 9739 9796 9661 -6 53 -65 26 45 32 0 32 32766 30 70 14 32766 32766 84 
54161 2001 3 22 9797 9820 9675 -31 13 -72 29 63 35 4 31 32766 53 80 14 32766 32766 89 
54161 2001 3 23 9841 9874 9785 -20 10 -72 22 42 34 0 29 32766 38 70 12 32766 32766 70 
54161 2001 3 24 9830 9855 9801 -10 6 -23 45 80 37 0 17 32766 33 50 2 32766 32766 10 
54161 2001 3 25 9817 9855 9797 -12 29 -41 38 68 41 2 22 32766 30 63 13 32766 32766 69 
54161 2001 3 26 9799 9811 9783 -47 2 -75 23 55 35 2 35 32766 60 110 13 32766 32766 87 
54161 2001 3 27 9826 9832 9811 -18 40 -67 26 49 34 32700 41 32766 58 87 12 32766 32766 103 
54161 2001 3 28 9842 9849 9832 -10 40 -62 26 46 31 0 34 32766 30 70 12 32766 32766 104 
54161 2001 3 29 9827 9850 9813 -1 54 -53 28 48 25 0 21 32766 13 57 1 32766 32766 97 
54161 2001 3 30 9851 9867 9831 -12 41 -57 46 82 56 9 4 32766 18 60 2 32766 32766 61 
54161 2001 3 31 9873 9891 9858 31 92 -24 31 43 21 0 46 32766 38 70 14 32766 32766 100 
54161 2001 4 1 9770 9858 9724 68 121 16 27 27 15 0 95 32766 80 107 14 32766 32766 97 
54161 2001 4 2 9817 9867 9744 25 81 -9 41 57 15 32700 47 32766 43 80 14 32766 32766 70 
54161 2001 4 3 9900 9926 9867 38 112 -26 37 50 16 0 56 32766 18 63 14 32766 32766 115 
54161 2001 4 4 9829 9894 9789 80 138 21 32 30 19 0 92 32766 68 137 12 32766 32766 53 
54161 2001 4 5 9893 9915 9824 52 102 10 30 34 17 0 65 32766 28 80 15 32766 32766 110 
54161 2001 4 6 9887 9923 9845 78 143 19 25 25 11 0 76 32766 38 63 9 32766 32766 93 
54161 2001 4 7 9791 9847 9752 90 137 46 55 47 21 0 84 32766 75 127 10 32766 32766 0 
54161 2001 4 8 9817 9846 9779 122 186 74 52 40 8 0 127 32766 65 147 12 32766 32766 88 
54161 2001 4 9 9880 9907 9847 110 153 52 63 44 17 0 29 32766 8 40 11 32766 32766 0 
54161 2001 4 10 9864 9886 9835 58 139 18 52 60 27 10 67 32766 63 140 12 32766 32766 29 
54161 2001 4 11 9834 9874 9802 43 95 -8 34 42 27 0 52 32766 25 60 13 32766 32766 87 
54161 2001 4 12 9781 9811 9763 58 122 -18 34 40 12 0 55 32766 23 50 16 32766 32766 107 
54161 2001 4 13 9805 9820 9781 57 122 -20 38 43 23 32700 61 32766 30 80 13 32766 32766 87 
54161 2001 4 14 9775 9810 9739 85 160 32 38 34 20 0 100 32766 70 110 13 32766 32766 79 
54161 2001 4 15 9807 9846 9760 102 184 6 38 36 13 0 96 32766 43 80 10 32766 32766 114 
54161 2001 4 16 9791 9839 9731 149 193 104 44 26 20 0 129 32766 43 107 11 32766 32766 120 
54161 2001 4 17 9766 9842 9719 183 264 90 57 29 12 0 234 32766 108 173 11 32766 32766 100 
54161 2001 4 18 9733 9797 9697 172 233 97 73 36 28 0 179 32766 98 170 11 32766 32766 45 
54161 2001 4 19 9897 9922 9793 32 97 -5 32 43 22 0 64 32766 38 80 2 32766 32766 122 
54161 2001 4 20 9869 9910 9821 74 139 -18 30 30 17 0 80 32766 43 90 13 32766 32766 124 
54161 2001 4 21 9875 9906 9813 71 116 24 39 41 20 0 83 32766 55 93 14 32766 32766 101 
54161 2001 4 22 9841 9911 9753 97 174 8 35 31 15 0 94 32766 38 100 11 32766 32766 97 
54161 2001 4 23 9823 9858 9751 72 150 42 50 49 23 32700 120 32766 70 160 13 32766 32766 79 
54161 2001 4 24 9873 9890 9858 86 155 -2 44 42 19 0 60 32766 13 57 14 32766 32766 96 
54161 2001 4 25 9863 9878 9842 108 180 19 41 33 16 0 76 32766 13 67 13 32766 32766 119 
54161 2001 4 26 9826 9853 9790 149 233 66 30 19 9 0 124 32766 38 107 12 32766 32766 122 
54161 2001 4 27 9826 9844 9798 159 217 105 66 38 18 32700 146 32766 88 120 12 32766 32766 103 
54161 2001 4 28 9839 9865 9815 159 235 100 61 35 8 32700 150 32766 63 140 12 32766 32766 107 
54161 2001 4 29 9877 9899 9852 193 273 97 45 24 6 0 117 32766 20 47 4 32766 32766 123 
54161 2001 4 30 9858 9873 9844 160 233 97 67 42 8 2 108 32766 53 103 14 32766 32766 50 
54161 2001 5 1 9834 9869 9801 159 232 79 80 50 21 6 80 37 23 47 9 32766 32766 116 
54161 2001 5 2 9790 9819 9770 168 221 117 86 48 23 10 117 48 58 123 12 32766 32766 65 
54161 2001 5 3 9836 9862 9813 153 228 83 93 58 25 48 78 37 38 73 7 32766 32766 88 
54161 2001 5 4 9841 9859 9813 108 155 84 59 43 16 138 111 55 73 110 12 32766 32766 64 
54161 2001 5 5 9818 9850 9783 97 148 47 47 45 12 36 119 56 70 127 13 32766 32766 111 
54161 2001 5 6 9841 9861 9812 127 178 50 65 46 18 0 79 53 25 67 11 32766 32766 115 
54161 2001 5 7 9772 9821 9739 142 214 77 76 51 12 0 94 45 50 107 12 32766 32766 103 
54161 2001 5 8 9767 9781 9753 120 174 60 64 47 25 0 67 30 28 63 12 32766 32766 120 
54161 2001 5 9 9751 9784 9730 120 192 88 89 66 33 32700 62 28 25 60 3 32766 32766 67 
54161 2001 5 10 9803 9828 9784 97 120 84 111 92 80 29 4 0 25 40 14 32766 32766 0 
54161 2001 5 11 9837 9864 9811 149 228 68 101 65 27 0 79 39 38 80 12 32766 32766 121 
54161 2001 5 12 9759 9813 9722 221 300 134 63 25 14 0 187 89 93 120 11 32766 32766 126 
54161 2001 5 13 9737 9752 9727 257 313 206 99 30 17 0 268 103 120 173 12 32766 32766 103 
54161 2001 5 14 9767 9773 9752 229 284 200 109 40 23 0 242 94 110 150 12 32766 32766 74 
54161 2001 5 15 9745 9774 9720 139 211 86 85 57 16 38 129 46 85 137 12 32766 32766 98 
54161 2001 5 16 9733 9757 9708 144 220 58 63 41 13 1 109 42 50 110 14 32766 32766 119 
54161 2001 5 17 9659 9711 9603 223 302 146 62 25 7 32700 201 93 63 117 13 32766 32766 109 
54161 2001 5 18 9720 9747 9655 149 215 99 60 36 22 0 135 72 65 160 12 32766 32766 95 
54161 2001 5 19 9722 9753 9693 186 266 126 82 40 23 4 104 35 28 60 7 32766 32766 83 
54161 2001 5 20 9715 9736 9703 235 315 171 125 45 29 0 125 45 38 70 2 32766 32766 103 
54161 2001 5 21 9737 9755 9717 258 330 185 123 39 21 0 183 98 65 110 11 32766 32766 119 
54161 2001 5 22 9774 9797 9727 225 274 172 137 51 26 0 137 61 50 100 11 32766 32766 109 
54161 2001 5 23 9786 9808 9753 216 270 154 107 44 26 0 111 44 43 57 4 32766 32766 105 
54161 2001 5 24 9786 9811 9763 195 235 155 101 45 28 0 113 55 48 80 3 32766 32766 40 
54161 2001 5 25 9763 9807 9724 130 200 119 130 87 49 138 10 6 33 57 2 32766 32766 17 
54161 2001 5 26 9799 9818 9773 160 232 105 118 68 30 32700 78 34 35 77 14 32766 32766 123 
54161 2001 5 27 9770 9805 9721 198 278 104 93 48 17 0 115 44 28 73 12 32766 32766 134 
54161 2001 5 28 9718 9748 9690 211 261 174 95 40 17 8 128 47 23 70 11 32766 32766 106 
54161 2001 5 29 9774 9796 9720 153 202 120 84 51 20 29 94 71 50 97 12 32766 32766 96 
54161 2001 5 30 9794 9805 9787 152 214 97 76 46 24 32700 95 48 28 73 12 32766 32766 118 
54161 2001 5 31 9774 9795 9756 170 227 96 71 40 19 0 74 34 18 70 14 32766 32766 110 
54161 2001 6 1 9783 9791 9769 194 264 113 81 39 17 0 99 43 10 37 16 32766 32766 139 
54161 2001 6 2 9774 9793 9739 256 336 177 93 29 16 0 192 87 60 117 12 32766 32766 87 
54161 2001 6 3 9767 9788 9744 272 349 200 108 31 17 0 136 53 20 43 12 32766 32766 123 
54161 2001 6 4 9720 9750 9689 295 367 225 95 24 9 0 266 115 73 147 11 32766 32766 129 
54161 2001 6 5 9684 9707 9666 298 359 252 105 25 16 0 264 112 78 127 12 32766 32766 121 
54161 2001 6 6 9777 9804 9692 214 295 168 78 31 18 0 139 70 48 90 2 32766 32766 128 
54161 2001 6 7 9794 9818 9772 209 265 145 74 29 21 32700 104 53 30 43 3 32766 32766 87 
54161 2001 6 8 9779 9795 9768 235 298 203 163 57 35 3 104 46 33 63 1 32766 32766 76 
54161 2001 6 9 9817 9829 9789 238 301 173 148 54 29 0 108 45 28 60 2 32766 32766 129 
54161 2001 6 10 9842 9860 9824 223 278 166 109 44 18 0 126 69 35 60 4 32766 32766 135 
54161 2001 6 11 9818 9837 9797 224 279 178 112 42 30 2 87 37 28 40 13 32766 32766 89 
54161 2001 6 12 9784 9807 9754 232 290 157 125 46 27 0 101 50 20 37 2 32766 32766 128 
54161 2001 6 13 9772 9779 9759 213 260 168 98 40 18 0 131 68 35 53 3 32766 32766 135 
54161 2001 6 14 9775 9789 9762 214 278 146 120 49 33 0 119 62 30 47 4 32766 32766 119 
54161 2001 6 15 9783 9790 9768 199 268 177 175 76 38 47 54 22 25 57 12 32766 32766 20 
54161 2001 6 16 9796 9808 9780 207 251 168 190 79 60 40 64 33 20 60 12 32766 32766 75 
54161 2001 6 17 9782 9802 9760 188 233 176 197 91 66 135 43 18 20 57 9 32766 32766 17 
54161 2001 6 18 9749 9770 9728 196 231 172 202 89 68 75 42 19 15 40 12 32766 32766 61 
54161 2001 6 19 9737 9751 9721 227 277 174 193 72 48 10 60 24 20 70 6 32766 32766 94 
54161 2001 6 20 9775 9786 9751 218 265 182 201 78 55 53 60 27 13 37 2 32766 32766 93 
54161 2001 6 21 9783 9792 9772 209 244 190 200 82 64 10 47 17 25 50 2 32766 32766 61 
54161 2001 6 22 9798 9811 9786 208 247 160 137 58 36 0 77 41 30 40 4 32766 32766 122 
54161 2001 6 23 9804 9817 9791 221 280 158 159 62 33 0 94 39 18 50 12 32766 32766 129 
54161 2001 6 24 9792 9808 9772 246 298 204 205 68 46 0 109 47 63 93 12 32766 32766 117 
54161 2001 6 25 9763 9784 9737 258 314 202 198 62 36 0 122 58 60 70 12 32766 32766 129 
54161 2001 6 26 9720 9752 9694 243 296 205 207 70 51 42 119 39 58 103 13 32766 32766 103 
54161 2001 6 27 9719 9730 9703 249 309 207 200 67 34 15 110 55 45 67 11 32766 32766 104 
54161 2001 6 28 9734 9748 9723 239 302 180 221 75 47 96 91 54 53 90 2 32766 32766 98 
54161 2001 6 29 9753 9776 9729 244 293 197 180 62 34 0 83 39 30 50 8 32766 32766 87 
54161 2001 6 30 9698 9735 9687 218 258 200 188 73 43 20 44 30 30 50 6 32766 32766 27 
54161 2001 7 1 9729 9743 9694 228 280 188 247 89 66 149 36 19 18 53 10 32766 32766 47 
54161 2001 7 2 9755 9772 9728 228 262 177 248 89 74 234 43 30 35 137 12 32766 32766 22 
54161 2001 7 3 9764 9773 9750 255 294 222 249 78 51 0 85 34 38 53 13 32766 32766 127 
54161 2001 7 4 9746 9763 9734 210 242 202 231 93 77 26 13 10 28 73 12 32766 32766 0 
54161 2001 7 5 9760 9776 9738 234 288 179 209 75 43 0 61 25 10 50 1 32766 32766 121 
54161 2001 7 6 9814 9821 9777 261 320 196 218 67 35 0 109 52 25 60 12 32766 32766 133 
54161 2001 7 7 9796 9823 9771 264 307 214 207 62 42 0 116 60 45 97 12 32766 32766 129 
54161 2001 7 8 9762 9779 9735 249 288 225 224 71 58 0 77 33 50 77 10 32766 32766 40 
54161 2001 7 9 9738 9750 9725 236 265 218 225 78 60 0 57 42 28 87 11 32766 32766 21 
54161 2001 7 10 9701 9730 9684 234 294 188 219 77 58 172 132 60 55 100 11 32766 32766 90 
54161 2001 7 11 9689 9705 9658 230 278 205 237 85 71 6 75 40 55 80 11 32766 32766 69 
54161 2001 7 12 9696 9717 9671 207 248 188 211 87 74 103 48 39 15 67 2 32766 32766 85 
54161 2001 7 13 9755 9766 9717 223 275 163 205 78 52 0 74 35 25 53 12 32766 32766 114 
54161 2001 7 14 9789 9800 9766 249 292 210 232 74 58 7 75 20 18 63 11 32766 32766 90 
54161 2001 7 15 9797 9804 9788 240 289 192 209 72 49 12 89 42 15 60 12 32766 32766 127 
54161 2001 7 16 9806 9821 9791 247 293 184 203 67 46 0 100 56 18 47 4 32766 32766 136 
54161 2001 7 17 9786 9803 9763 270 317 205 193 57 39 0 114 64 25 63 7 32766 32766 132 
54161 2001 7 18 9752 9767 9743 275 310 234 247 68 53 0 115 60 63 83 11 32766 32766 104 
54161 2001 7 19 9756 9765 9746 244 283 195 238 78 62 35 84 63 65 123 12 32766 32766 11 
54161 2001 7 20 9751 9761 9742 243 285 210 248 82 67 0 76 38 53 80 11 32766 32766 93 
54161 2001 7 21 9771 9784 9761 260 305 222 243 73 52 0 83 36 40 60 10 32766 32766 121 
54161 2001 7 22 9767 9773 9752 216 259 206 238 92 69 75 16 9 15 37 3 32766 32766 0 
54161 2001 7 23 9792 9802 9774 241 293 198 216 74 49 0 70 28 5 37 9 32766 32766 111 
54161 2001 7 24 9800 9809 9791 270 323 209 249 71 50 0 95 44 33 47 9 32766 32766 127 
54161 2001 7 25 9806 9817 9786 273 326 236 263 73 50 32700 95 55 35 63 10 32766 32766 89 
54161 2001 7 26 9780 9802 9771 246 274 223 246 80 60 38 80 46 55 110 12 32766 32766 88 
54161 2001 7 27 9792 9799 9780 249 305 192 229 74 51 0 95 47 35 63 10 32766 32766 123 
54161 2001 7 28 9756 9791 9722 230 265 211 219 79 59 0 50 46 33 53 7 32766 32766 43 
54161 2001 7 29 9752 9769 9720 221 280 196 229 88 64 9 41 22 35 63 12 32766 32766 57 
54161 2001 7 30 9782 9792 9768 234 287 193 221 79 51 27 67 28 10 37 13 32766 32766 107 
54161 2001 7 31 9786 9797 9773 246 285 204 218 71 52 0 68 35 13 43 3 32766 32766 118 
54161 2001 8 1 9805 9824 9780 245 287 199 216 72 51 0 77 31 15 43 2 32766 32766 114 
54161 2001 8 2 9845 9870 9824 221 252 207 229 87 68 35 29 19 23 43 5 32766 32766 34 
54161 2001 8 3 9897 9905 9870 239 286 205 247 84 66 0 70 46 10 23 6 32766 32766 37 
54161 2001 8 4 9880 9907 9852 248 287 225 268 86 70 36 34 16 18 53 12 32766 32766 8 
54161 2001 8 5 9801 9852 9766 240 272 214 258 87 74 0 38 32 28 50 10 32766 32766 26 
54161 2001 8 6 9726 9771 9704 227 244 196 264 95 87 260 32 24 28 70 11 32766 32766 0 
54161 2001 8 7 9765 9795 9717 189 220 178 199 91 62 2 22 10 20 40 1 32766 32766 25 
54161 2001 8 8 9807 9818 9795 203 260 141 168 73 41 0 65 31 13 37 13 32766 32766 125 
54161 2001 8 9 9832 9846 9818 216 275 157 170 68 40 0 75 30 23 60 12 32766 32766 116 
54161 2001 8 10 9867 9875 9847 219 284 144 164 66 35 0 78 42 20 47 12 32766 32766 122 
54161 2001 8 11 9879 9890 9866 240 302 180 178 61 35 0 80 43 25 33 11 32766 32766 116 
54161 2001 8 12 9872 9885 9852 256 302 196 188 59 41 0 91 44 20 40 7 32766 32766 128 
54161 2001 8 13 9847 9865 9828 261 311 200 202 62 39 0 86 40 18 37 11 32766 32766 120 
54161 2001 8 14 9830 9838 9820 219 274 198 216 83 53 10 37 19 20 53 14 32766 32766 22 
54161 2001 8 15 9849 9861 9839 232 276 194 231 82 61 0 53 28 28 47 11 32766 32766 72 
54161 2001 8 16 9848 9857 9839 246 280 221 239 78 59 1 35 19 10 33 7 32766 32766 30 
54161 2001 8 17 9848 9856 9841 232 262 208 221 78 63 2 31 20 25 50 10 32766 32766 8 
54161 2001 8 18 9851 9860 9839 241 290 199 243 82 59 0 51 28 23 47 7 32766 32766 68 
54161 2001 8 19 9833 9855 9814 255 304 222 259 81 58 142 67 36 35 70 11 32766 32766 70 
54161 2001 8 20 9793 9817 9763 200 228 189 230 98 90 985 6 3 28 47 11 32766 32766 0 
54161 2001 8 21 9739 9771 9712 206 262 171 214 90 66 0 42 29 30 53 13 32766 32766 28 
54161 2001 8 22 9703 9720 9697 203 252 179 194 83 53 0 55 24 20 47 13 32766 32766 102 
54161 2001 8 23 9724 9734 9707 188 242 151 182 85 61 32700 46 30 20 40 13 32766 32766 33 
54161 2001 8 24 9777 9805 9735 193 255 149 184 83 56 32700 46 22 15 43 16 32766 32766 76 
54161 2001 8 25 9847 9858 9805 195 241 147 148 68 36 0 71 39 30 50 1 32766 32766 125 
54161 2001 8 26 9868 9881 9852 189 247 122 129 62 38 0 70 44 18 40 2 32766 32766 126 
54161 2001 8 27 9870 9880 9862 205 252 144 142 60 39 0 75 44 25 40 1 32766 32766 118 
54161 2001 8 28 9869 9879 9851 211 260 151 155 64 39 0 67 43 20 33 1 32766 32766 113 
54161 2001 8 29 9864 9877 9849 218 266 153 151 60 37 0 72 40 8 37 16 32766 32766 120 
54161 2001 8 30 9848 9858 9835 218 270 149 162 64 43 0 67 31 8 33 2 32766 32766 121 
54161 2001 8 31 9839 9851 9824 223 287 151 168 65 36 0 60 29 5 27 15 32766 32766 118 
54161 2001 9 1 9845 9854 9835 239 297 175 177 61 43 0 65 28 10 33 15 32766 32766 112 
54161 2001 9 2 9881 9895 9852 223 277 173 189 72 50 0 72 38 18 37 3 32766 32766 115 
54161 2001 9 3 9874 9890 9854 241 300 192 184 63 40 0 83 48 28 53 12 32766 32766 113 
54161 2001 9 4 9818 9859 9784 230 275 198 168 61 37 0 92 57 53 90 11 32766 32766 80 
54161 2001 9 5 9797 9819 9784 197 235 165 178 78 63 32700 42 26 48 100 12 32766 32766 0 
54161 2001 9 6 9846 9862 9818 182 246 115 130 67 27 0 59 35 18 40 2 32766 32766 108 
54161 2001 9 7 9879 9896 9861 209 267 153 108 45 29 0 82 45 18 40 8 32766 32766 117 
54161 2001 9 8 9863 9879 9849 214 275 176 126 51 31 0 73 33 20 40 7 32766 32766 68 
54161 2001 9 9 9887 9911 9861 179 221 166 136 67 37 0 45 25 28 70 1 32766 32766 17 
54161 2001 9 10 9907 9916 9895 161 227 88 128 71 52 0 60 35 35 50 3 32766 32766 114 
54161 2001 9 11 9895 9910 9880 200 274 119 127 58 30 0 67 32 20 37 8 32766 32766 112 
54161 2001 9 12 9876 9891 9857 207 290 120 106 47 19 0 80 37 10 37 8 32766 32766 115 
54161 2001 9 13 9855 9868 9833 220 285 166 150 59 38 0 79 51 40 60 11 32766 32766 109 
54161 2001 9 14 9880 9893 9854 220 275 168 156 60 49 0 74 42 40 43 3 32766 32766 94 
54161 2001 9 15 9858 9896 9821 211 287 142 154 62 43 0 64 33 28 40 13 32766 32766 92 
54161 2001 9 16 9834 9849 9805 151 213 101 135 80 60 57 20 15 30 67 14 32766 32766 0 
54161 2001 9 17 9813 9852 9770 133 208 60 104 71 48 3 45 29 30 77 14 32766 32766 78 
54161 2001 9 18 9847 9865 9807 116 187 38 72 56 30 0 63 35 35 73 14 32766 32766 114 
54161 2001 9 19 9892 9910 9865 126 200 46 71 53 24 0 63 39 25 57 14 32766 32766 116 
54161 2001 9 20 9943 10002 9881 104 144 62 62 49 25 0 55 31 38 60 2 32766 32766 107 
54161 2001 9 21 10023 10053 9994 85 158 -7 49 48 21 0 52 27 10 33 12 32766 32766 113 
54161 2001 9 22 9937 10002 9885 136 223 45 51 36 16 0 87 48 43 77 11 32766 32766 111 
54161 2001 9 23 9854 9885 9842 131 165 119 124 83 32 163 32 14 53 123 11 32766 32766 0 
54161 2001 9 24 9886 9902 9872 129 192 92 112 78 38 0 32 7 8 37 10 32766 32766 91 
54161 2001 9 25 9879 9893 9864 144 222 81 89 58 25 0 60 31 33 57 14 32766 32766 111 
54161 2001 9 26 9844 9872 9827 171 224 127 95 50 35 0 72 37 53 100 12 32766 32766 86 
54161 2001 9 27 9947 9967 9852 98 163 51 43 37 19 0 62 38 35 77 2 32766 32766 112 
54161 2001 9 28 9950 9973 9926 119 210 53 56 44 16 0 60 39 18 77 11 32766 32766 103 
54161 2001 9 29 9909 9940 9889 157 228 105 67 39 21 0 60 35 33 57 12 32766 32766 70 
54161 2001 9 30 9878 9901 9856 158 210 125 103 59 42 0 45 20 10 37 2 32766 32766 52 
54161 2001 10 1 9848 9862 9834 160 232 115 100 58 30 0 54 32766 20 40 2 32766 32766 97 
54161 2001 10 2 9874 9896 9847 151 207 108 96 58 33 0 50 32766 28 70 12 32766 32766 103 
54161 2001 10 3 9926 9947 9898 95 145 84 54 45 31 1 42 32766 23 40 2 32766 32766 15 
54161 2001 10 4 9890 9913 9876 50 87 32 71 83 52 48 18 32766 43 60 2 32766 32766 33 
54161 2001 10 5 9928 9943 9910 85 158 13 61 59 27 0 44 32766 38 60 8 32766 32766 104 
54161 2001 10 6 9929 9942 9911 125 197 62 73 50 35 0 59 32766 33 63 10 32766 32766 102 
54161 2001 10 7 9936 9954 9925 144 210 92 84 54 25 0 51 32766 23 40 8 32766 32766 99 
54161 2001 10 8 9895 9928 9865 155 205 116 106 61 46 0 42 32766 18 43 10 32766 32766 45 
54161 2001 10 9 9851 9865 9838 156 214 111 102 59 36 0 47 32766 13 37 2 32766 32766 68 
54161 2001 10 10 9878 9889 9856 134 192 83 101 69 40 0 51 32766 38 60 2 32766 32766 83 
54161 2001 10 11 9908 9922 9887 121 182 66 84 62 37 0 47 32766 33 47 3 32766 32766 102 
54161 2001 10 12 9916 9934 9894 114 194 42 75 60 25 0 40 32766 8 50 14 32766 32766 94 
54161 2001 10 13 9915 9940 9890 108 167 60 63 50 30 0 54 32766 35 63 2 32766 32766 100 
54161 2001 10 14 9938 9966 9910 96 160 3 48 43 23 0 40 32766 8 33 1 32766 32766 92 
54161 2001 10 15 9861 9911 9834 134 174 85 78 49 32 32700 75 32766 63 123 11 32766 32766 27 
54161 2001 10 16 9908 9920 9841 46 148 13 34 40 24 0 71 32766 58 147 14 32766 32766 95 
54161 2001 10 17 9938 9958 9919 18 82 -43 26 40 18 0 34 32766 25 47 13 32766 32766 96 
54161 2001 10 18 9913 9928 9901 63 128 -9 32 36 18 0 49 32766 30 50 8 32766 32766 86 
54161 2001 10 19 9956 9976 9907 105 168 34 53 44 23 32700 43 32766 20 33 7 32766 32766 94 
54161 2001 10 20 9909 9968 9879 137 189 91 85 53 38 0 70 32766 60 103 11 32766 32766 12 
54161 2001 10 21 9898 9914 9886 144 174 107 124 76 58 0 37 32766 33 93 11 32766 32766 0 
54161 2001 10 22 9890 9915 9875 123 153 88 111 77 63 1 13 32766 38 53 11 32766 32766 0 
54161 2001 10 23 9934 9946 9917 90 118 69 96 84 69 0 15 32766 13 43 1 32766 32766 0 
54161 2001 10 24 9956 9974 9926 79 145 33 70 70 37 0 29 32766 13 57 2 32766 32766 68 
54161 2001 10 25 9962 9984 9941 71 140 2 56 58 37 0 31 32766 8 27 10 32766 32766 84 
54161 2001 10 26 9957 9975 9940 65 121 29 46 49 26 0 38 32766 18 50 15 32766 32766 71 
54161 2001 10 27 9911 9978 9870 42 101 3 47 57 37 5 22 32766 18 57 2 32766 32766 0 
54161 2001 10 28 9952 9975 9888 21 58 -3 48 69 36 0 22 32766 25 53 1 32766 32766 47 
54161 2001 10 29 9926 9976 9893 41 120 -29 29 41 11 0 36 32766 25 67 10 32766 32766 94 
54161 2001 10 30 9863 9893 9837 102 174 26 47 35 23 0 56 32766 55 100 11 32766 32766 80 
54161 2001 10 31 9861 9890 9836 80 128 29 61 56 37 32700 72 32766 63 110 10 32766 32766 31 
54161 2001 11 1 9935 9960 9890 -3 47 -65 26 47 22 0 53 32766 60 100 13 32766 32766 93 
54161 2001 11 2 9914 9940 9892 9 81 -33 32 51 24 0 44 32766 43 100 14 32766 32766 82 
54161 2001 11 3 9975 9991 9941 -35 6 -83 22 48 29 0 20 32766 20 60 14 32766 32766 84 
54161 2001 11 4 9955 9997 9908 -22 27 -74 28 54 27 9 18 32766 28 57 9 32766 32766 42 
54161 2001 11 5 9924 9971 9887 -25 -10 -50 44 84 65 22 10 32766 38 53 16 32766 32766 0 
54161 2001 11 6 9975 9991 9959 -48 6 -108 26 62 45 0 17 32766 38 83 12 32766 32766 88 
54161 2001 11 7 9916 9960 9887 20 90 -44 39 53 44 0 24 32766 43 77 10 32766 32766 63 
54161 2001 11 8 9962 10004 9886 24 73 -26 46 62 47 0 26 32766 30 87 10 32766 32766 89 
54161 2001 11 9 9976 10007 9942 14 81 -40 32 50 24 0 25 32766 35 70 11 32766 32766 87 
54161 2001 11 10 9876 9942 9845 59 113 9 41 45 27 0 57 32766 65 113 10 32766 32766 76 
54161 2001 11 11 9917 9940 9851 -14 76 -53 25 44 22 0 26 32766 28 67 11 32766 32766 87 
54161 2001 11 12 9960 9979 9936 -58 -16 -90 15 40 28 0 20 32766 23 53 14 32766 32766 89 
54161 2001 11 13 9947 9966 9932 -55 19 -118 14 37 16 0 20 32766 35 73 14 32766 32766 81 
54161 2001 11 14 9906 9935 9886 -43 27 -103 18 40 24 0 26 32766 43 83 12 32766 32766 84 
54161 2001 11 15 9876 9896 9862 -19 44 -74 24 46 32 0 28 32766 58 90 12 32766 32766 79 
54161 2001 11 16 9886 9929 9845 12 68 -28 35 54 38 0 29 32766 38 70 11 32766 32766 59 
54161 2001 11 17 9951 9959 9929 -1 60 -46 30 53 25 0 16 32766 30 50 11 32766 32766 80 
54161 2001 11 18 9938 9958 9922 29 94 -19 35 48 31 0 29 32766 33 67 10 32766 32766 80 
54161 2001 11 19 9926 9933 9913 35 107 -11 46 61 37 0 17 32766 25 40 11 32766 32766 72 
54161 2001 11 20 9926 9935 9916 43 107 -5 48 60 38 0 18 32766 28 40 11 32766 32766 79 
54161 2001 11 21 9921 9928 9907 45 100 13 70 84 59 0 6 32766 35 70 11 32766 32766 34 
54161 2001 11 22 9905 9926 9887 69 118 17 74 77 52 0 21 32766 45 77 11 32766 32766 33 
54161 2001 11 23 9849 9888 9827 62 112 29 72 77 51 0 21 32766 40 93 10 32766 32766 53 
54161 2001 11 24 9838 9884 9797 -20 75 -64 48 86 68 11 7 32766 25 57 2 32766 32766 0 
54161 2001 11 25 9896 9905 9882 -95 -61 -115 20 66 46 32700 7 32766 28 67 13 32766 32766 67 
54161 2001 11 26 9925 9961 9897 -116 -88 -147 13 49 37 5 17 32766 55 97 12 32766 32766 82 
54161 2001 11 27 9868 9907 9839 -79 -27 -127 14 42 33 0 23 32766 58 107 12 32766 32766 62 
54161 2001 11 28 9854 9877 9838 -51 -5 -67 23 57 39 0 17 32766 28 50 11 32766 32766 52 
54161 2001 11 29 9887 9905 9863 -82 -28 -116 17 54 39 32700 14 32766 30 87 14 32766 32766 69 
54161 2001 11 30 9888 9914 9871 -104 -62 -153 12 44 31 0 16 32766 43 83 12 32766 32766 80 
54161 2001 12 1 9911 9942 9863 -99 -53 -134 13 48 34 0 24 32766 33 50 14 32766 32766 80 
54161 2001 12 2 9920 9947 9895 -73 -24 -110 15 43 32 0 22 32766 50 110 13 32766 32766 40 
54161 2001 12 3 9961 9974 9917 -97 -49 -144 13 46 32 0 13 32766 35 63 12 32766 32766 79 
54161 2001 12 4 9970 9986 9956 -114 -63 -156 12 46 33 0 9 32766 30 43 13 32766 32766 77 
54161 2001 12 5 9941 9974 9920 -97 -47 -132 12 43 30 0 15 32766 40 97 12 32766 32766 76 
54161 2001 12 6 9947 9967 9924 -117 -60 -163 11 46 33 0 13 32766 45 90 12 32766 32766 77 
54161 2001 12 7 9991 10009 9968 -102 -36 -155 12 42 27 0 11 32766 10 33 12 32766 32766 66 
54161 2001 12 8 10012 10039 9987 -91 -48 -121 16 53 39 0 8 32766 5 27 3 32766 32766 21 
54161 2001 12 9 10088 10108 10040 -112 -69 -145 12 48 39 0 11 32766 20 30 4 32766 32766 69 
54161 2001 12 10 10103 10120 10087 -126 -62 -185 11 51 32 0 6 32766 0 17 3 32766 32766 66 
54161 2001 12 11 10035 10087 10004 -79 -30 -139 14 41 26 0 10 32766 13 37 6 32766 32766 72 
54161 2001 12 12 9934 10003 9908 -70 -47 -95 20 54 38 14 17 32766 53 93 13 32766 32766 0 
54161 2001 12 13 9908 9926 9896 -134 -97 -150 10 44 40 0 17 32766 80 123 13 32766 32766 36 
54161 2001 12 14 9936 9954 9914 -176 -138 -203 7 48 37 0 10 32766 40 87 13 32766 32766 73 
54161 2001 12 15 10010 10025 9954 -164 -103 -226 8 47 33 0 8 32766 45 70 12 32766 32766 74 
54161 2001 12 16 10004 10020 9994 -143 -101 -170 8 42 32 0 11 32766 28 60 11 32766 32766 70 
54161 2001 12 17 10029 10046 10008 -170 -122 -218 8 50 38 0 7 32766 43 60 12 32766 32766 77 
54161 2001 12 18 10056 10068 10033 -158 -102 -205 10 53 37 0 6 32766 33 60 11 32766 32766 73 
54161 2001 12 19 10072 10080 10062 -141 -83 -184 11 54 36 0 6 32766 30 50 11 32766 32766 71 
54161 2001 12 20 10053 10080 10025 -121 -57 -160 13 52 34 0 8 32766 25 43 12 32766 32766 67 
54161 2001 12 21 9997 10023 9989 -128 -79 -170 13 55 45 0 7 32766 15 30 1 32766 32766 64 
54161 2001 12 22 9977 9993 9966 -135 -70 -180 13 61 44 0 5 32766 5 23 14 32766 32766 76 
54161 2001 12 23 9961 9972 9950 -109 -50 -144 15 55 35 0 4 32766 13 33 10 32766 32766 63 
54161 2001 12 24 10025 10050 9972 -136 -94 -173 13 62 48 0 4 32766 28 53 1 32766 32766 69 
54161 2001 12 25 10031 10052 10017 -136 -78 -180 11 54 30 0 5 32766 20 60 12 32766 32766 73 
54161 2001 12 26 10014 10025 10001 -132 -78 -172 13 58 41 0 5 32766 28 37 13 32766 32766 69 
54161 2001 12 27 9984 10000 9977 -123 -58 -182 13 58 37 0 6 32766 38 53 13 32766 32766 72 
54161 2001 12 28 9901 9977 9842 -89 -37 -151 18 58 42 0 12 32766 63 90 11 32766 32766 67 
54161 2001 12 29 9820 9851 9801 -107 -47 -151 19 69 40 0 10 32766 38 90 10 32766 32766 53 
54161 2001 12 30 9902 9922 9853 -164 -113 -220 11 67 46 32700 7 32766 28 50 12 32766 32766 73 
54161 2001 12 31 9890 9912 9869 -132 -86 -176 13 59 41 0 7 32766 23 47 13 32766 32766 73 
54161 2002 1 1 9942 9967 9911 -170 -148 -194 10 63 50 32700 3 32766 28 57 15 32766 32766 62 
54161 2002 1 2 9964 9974 9955 -201 -143 -250 8 60 40 0 3 32766 15 50 14 32766 32766 73 
54161 2002 1 3 9877 9955 9811 -134 -83 -195 13 54 42 0 10 32766 40 90 11 32766 32766 55 
