V01000 V04001 V04002 V04003 V10004 V10201 V10202 V12001 V12052 V12053 V13004 V13003 V13007 V13201 V13241 V13242 V11002 V11042 V11212 V11041 V11043 V14032
56080 1999 1 4 7114 7142 7072 -70 107 -170 16 47 10 0 15 32766 8 63 16 32766 32766 84 
56080 1999 1 5 7130 7164 7099 -83 -27 -135 16 48 28 0 16 32766 13 63 1 32766 32766 74 
56080 1999 1 6 7143 7171 7113 -92 -14 -150 16 54 29 0 13 32766 0 60 16 32766 32766 80 
56080 1999 1 7 7126 7158 7084 -93 12 -161 17 57 24 0 10 32766 0 37 16 32766 32766 84 
56080 1999 1 8 7091 7112 7058 -100 -13 -164 16 60 29 0 11 32766 3 57 16 32766 32766 74 
56080 1999 1 9 7118 7134 7089 -106 -10 -175 15 56 27 0 12 32766 5 57 16 32766 32766 76 
56080 1999 1 10 7157 7175 7128 -115 -61 -131 18 73 44 11 3 32766 10 57 16 32766 32766 68 
56080 1999 1 11 7148 7168 7118 -128 -26 -214 13 60 24 0 12 32766 0 70 9 32766 32766 64 
56080 1999 1 12 7130 7150 7115 -102 11 -199 12 49 9 0 15 32766 13 93 14 32766 32766 91 
56080 1999 1 13 7125 7149 7106 -126 -27 -195 12 53 31 0 12 32766 13 53 16 32766 32766 80 
56080 1999 1 14 7181 7200 7149 -128 -21 -206 12 57 14 32700 10 32766 0 50 1 32766 32766 81 
56080 1999 1 15 7179 7194 7156 -127 15 -222 7 38 5 0 13 32766 0 37 1 32766 32766 90 
56080 1999 1 16 7166 7182 7133 -94 11 -168 10 32 16 0 15 32766 0 80 15 32766 32766 41 
56080 1999 1 17 7147 7184 7094 -96 27 -209 8 30 8 0 17 32766 13 63 16 32766 32766 71 
56080 1999 1 18 7099 7126 7076 -56 19 -123 11 30 13 0 17 32766 0 60 1 32766 32766 61 
56080 1999 1 19 7140 7168 7108 -78 -8 -123 13 39 22 32700 16 32766 8 63 16 32766 32766 79 
56080 1999 1 20 7147 7183 7107 -97 47 -203 10 46 5 0 15 32766 0 43 16 32766 32766 83 
56080 1999 1 21 7122 7145 7100 -76 81 -170 9 26 7 0 24 32766 8 110 14 32766 32766 90 
56080 1999 1 22 7090 7108 7076 -67 65 -155 11 30 16 0 21 32766 5 63 1 32766 32766 90 
56080 1999 1 23 7103 7117 7081 -29 105 -144 13 31 5 0 32 32766 15 90 14 32766 32766 91 
56080 1999 1 24 7154 7172 7110 -40 46 -132 12 29 14 0 26 32766 13 77 16 32766 32766 82 
56080 1999 1 25 7132 7175 7085 -57 81 -155 12 34 7 0 20 32766 0 43 1 32766 32766 90 
56080 1999 1 26 7104 7117 7071 -73 52 -156 12 33 16 0 22 32766 0 70 16 32766 32766 87 
56080 1999 1 27 7132 7153 7089 -71 60 -165 13 41 11 0 19 32766 8 53 16 32766 32766 82 
56080 1999 1 28 7143 7154 7117 -67 51 -153 12 35 14 0 22 32766 13 57 16 32766 32766 91 
56080 1999 1 29 7119 7157 7078 -49 43 -109 17 40 19 0 15 32766 3 53 6 32766 32766 70 
56080 1999 1 30 7088 7120 7044 -43 41 -116 17 38 32 0 22 32766 18 57 16 32766 32766 85 
56080 1999 1 31 7082 7099 7065 -71 -35 -94 26 72 39 3 6 32766 10 50 16 32766 32766 15 
56080 1999 2 1 7137 7170 7100 -75 -4 -124 21 64 29 1 17 32766 13 63 1 32766 32766 65 
56080 1999 2 2 7199 7215 7170 -92 -6 -149 16 58 14 32700 14 32766 0 47 16 32766 32766 74 
56080 1999 2 3 7178 7209 7133 -78 39 -153 14 44 21 0 17 32766 3 70 16 32766 32766 80 
56080 1999 2 4 7149 7183 7104 -52 65 -126 17 40 19 0 19 32766 8 63 16 32766 32766 80 
56080 1999 2 5 7146 7158 7123 -39 59 -130 14 34 9 0 21 32766 0 43 16 32766 32766 81 
56080 1999 2 6 7165 7176 7143 -43 79 -131 14 34 5 0 25 32766 0 40 1 32766 32766 92 
56080 1999 2 7 7164 7182 7140 -47 81 -149 9 25 4 0 28 32766 3 83 13 32766 32766 84 
56080 1999 2 8 7148 7171 7117 -36 123 -154 7 17 4 0 28 32766 5 27 2 32766 32766 97 
56080 1999 2 9 7123 7140 7092 -42 75 -135 15 32 11 0 27 32766 10 73 16 32766 32766 65 
56080 1999 2 10 7171 7190 7132 -23 96 -112 12 30 2 0 34 32766 23 80 14 32766 32766 88 
56080 1999 2 11 7200 7214 7165 -50 73 -145 13 32 15 0 26 32766 0 50 4 32766 32766 94 
56080 1999 2 12 7199 7225 7172 -40 84 -145 15 35 19 0 21 32766 0 50 1 32766 32766 81 
56080 1999 2 13 7165 7196 7114 -30 111 -135 15 35 3 0 29 32766 5 60 16 32766 32766 80 
56080 1999 2 14 7179 7199 7141 -46 24 -117 16 39 27 0 19 32766 5 43 16 32766 32766 74 
56080 1999 2 15 7164 7192 7133 -36 121 -145 17 43 9 0 32 32766 10 80 14 32766 32766 96 
56080 1999 2 16 7132 7162 7086 4 155 -91 17 30 1 0 44 32766 8 87 14 32766 32766 84 
56080 1999 2 17 7138 7171 7107 -23 53 -66 19 38 14 0 29 32766 8 93 1 32766 32766 31 
56080 1999 2 18 7179 7194 7145 -89 41 -175 12 50 0 0 28 32766 20 90 16 32766 32766 95 
56080 1999 2 19 7176 7200 7138 -81 44 -165 12 45 8 0 19 32766 0 50 16 32766 32766 85 
56080 1999 2 20 7156 7177 7119 -67 51 -156 13 42 13 0 23 32766 0 60 16 32766 32766 85 
56080 1999 2 21 7141 7174 7100 -18 114 -126 14 32 8 0 42 32766 10 93 14 32766 32766 98 
56080 1999 2 22 7112 7136 7079 -16 81 -100 16 30 21 0 40 32766 18 90 1 32766 32766 58 
56080 1999 2 23 7116 7140 7077 5 156 -124 13 30 1 0 38 32766 15 70 16 32766 32766 92 
56080 1999 2 24 7104 7129 7075 -5 101 -88 20 33 10 0 38 32766 10 60 4 32766 32766 87 
56080 1999 2 25 7117 7147 7089 -40 22 -86 20 45 27 0 27 32766 10 80 16 32766 32766 25 
56080 1999 2 26 7160 7185 7139 -47 20 -94 21 47 39 0 26 32766 18 70 6 32766 32766 35 
56080 1999 2 27 7184 7204 7161 -57 -26 -83 25 63 46 9 2 32766 0 50 4 32766 32766 0 
56080 1999 2 28 7170 7193 7136 -40 69 -123 16 49 5 0 31 32766 10 60 13 32766 32766 102 
56080 1999 3 1 7127 7145 7095 -38 68 -122 12 32 13 0 21 32766 10 63 1 32766 32766 85 
56080 1999 3 2 7140 7158 7118 -35 77 -129 11 28 5 0 36 32766 10 73 13 32766 32766 99 
56080 1999 3 3 7112 7147 7089 -31 121 -145 11 27 6 0 37 32766 0 70 15 32766 32766 90 
56080 1999 3 4 7075 7096 7048 21 175 -90 11 20 1 0 77 32766 33 107 13 32766 32766 92 
56080 1999 3 5 7072 7097 7026 24 149 -81 18 30 8 0 45 32766 8 83 16 32766 32766 77 
56080 1999 3 6 7090 7108 7067 8 91 -36 28 44 17 32700 33 32766 8 43 16 32766 32766 76 
56080 1999 3 7 7057 7094 7010 40 180 -57 26 41 1 0 58 32766 23 120 15 32766 32766 80 
56080 1999 3 8 7068 7096 7051 -32 61 -54 29 60 38 2 21 32766 18 57 4 32766 32766 0 
56080 1999 3 9 7091 7106 7075 -47 -1 -88 27 64 41 32700 10 32766 8 40 5 32766 32766 11 
56080 1999 3 10 7123 7145 7096 -33 34 -73 29 64 26 1 22 32766 18 50 7 32766 32766 78 
56080 1999 3 11 7085 7124 7060 2 77 -48 29 49 15 0 26 32766 8 47 16 32766 32766 61 
56080 1999 3 12 7072 7085 7046 4 99 -68 32 53 22 0 29 32766 0 80 4 32766 32766 64 
56080 1999 3 13 7099 7112 7072 -26 24 -40 38 76 50 3 13 32766 18 50 6 32766 32766 0 
56080 1999 3 14 7138 7151 7112 -20 41 -61 26 55 16 1 18 32766 15 77 16 32766 32766 68 
56080 1999 3 15 7086 7140 7049 0 137 -113 15 35 1 0 45 32766 13 77 15 32766 32766 81 
56080 1999 3 16 7056 7077 7027 35 133 -65 27 43 5 0 63 32766 38 107 10 32766 32766 66 
56080 1999 3 17 7037 7052 7016 24 111 -40 27 39 19 0 44 32766 20 83 6 32766 32766 56 
56080 1999 3 18 7059 7080 7010 7 114 -30 33 50 29 0 41 32766 20 97 16 32766 32766 62 
56080 1999 3 19 7109 7130 7082 -3 74 -56 31 53 29 32700 34 32766 25 57 16 32766 32766 73 
56080 1999 3 20 7116 7131 7090 0 104 -66 27 48 15 0 41 32766 13 87 3 32766 32766 76 
56080 1999 3 21 7126 7143 7091 -17 56 -62 23 43 32 0 38 32766 23 60 4 32766 32766 81 
56080 1999 3 22 7100 7127 7067 15 110 -53 27 43 21 0 35 32766 0 60 3 32766 32766 63 
56080 1999 3 23 7091 7107 7058 41 159 -55 18 30 0 0 66 32766 18 110 14 32766 32766 90 
56080 1999 3 24 7078 7093 7058 49 139 -21 27 35 15 0 56 32766 10 67 2 32766 32766 65 
56080 1999 3 25 7082 7094 7042 36 137 -40 30 42 6 0 47 32766 15 93 5 32766 32766 58 
56080 1999 3 26 7143 7166 7089 -53 37 -94 32 77 31 59 26 32766 23 67 4 32766 32766 84 
56080 1999 3 27 7149 7164 7124 -40 -8 -64 33 73 53 12 11 32766 15 50 6 32766 32766 9 
56080 1999 3 28 7141 7156 7123 -29 34 -77 35 71 42 5 17 32766 15 63 1 32766 32766 81 
56080 1999 3 29 7136 7152 7119 4 85 -73 28 53 14 0 40 32766 10 93 15 32766 32766 87 
56080 1999 3 30 7095 7130 7048 32 150 -56 38 57 12 32700 46 32766 30 97 11 32766 32766 77 
56080 1999 3 31 7102 7111 7086 43 106 4 58 72 33 19 22 32766 10 47 11 32766 32766 64 
56080 1999 4 1 7153 7174 7106 -20 69 -53 34 64 50 1 21 32766 28 77 16 32766 32766 17 
56080 1999 4 2 7170 7205 7118 -8 83 -55 39 67 40 32700 23 32766 13 57 1 32766 32766 66 
56080 1999 4 3 7177 7186 7148 12 73 -36 28 42 24 32700 40 32766 8 57 5 32766 32766 75 
56080 1999 4 4 7187 7196 7168 22 76 -24 31 44 18 0 38 32766 20 70 9 32766 32766 52 
56080 1999 4 5 7180 7201 7146 20 124 -76 27 48 11 0 46 32766 5 47 6 32766 32766 82 
56080 1999 4 6 7141 7172 7098 48 169 -71 23 38 6 0 61 32766 13 63 2 32766 32766 112 
56080 1999 4 7 7116 7134 7096 48 142 -39 35 44 10 0 60 32766 25 90 1 32766 32766 85 
56080 1999 4 8 7149 7163 7128 59 150 -27 34 44 10 0 58 32766 23 73 16 32766 32766 98 
56080 1999 4 9 7142 7169 7103 65 185 -46 38 46 15 0 60 32766 10 63 4 32766 32766 92 
56080 1999 4 10 7107 7120 7078 75 138 12 43 47 5 0 55 32766 35 80 16 32766 32766 11 
56080 1999 4 11 7126 7139 7101 44 154 -60 26 34 7 0 67 32766 25 77 5 32766 32766 95 
56080 1999 4 12 7137 7166 7104 68 164 -24 36 42 16 0 76 32766 10 77 16 32766 32766 104 
56080 1999 4 13 7147 7160 7118 50 137 -26 35 41 20 0 60 32766 13 73 16 32766 32766 69 
56080 1999 4 14 7153 7171 7120 65 169 -22 43 48 17 0 68 32766 8 67 3 32766 32766 101 
56080 1999 4 15 7148 7167 7113 80 152 27 59 55 38 0 56 32766 13 77 5 32766 32766 33 
56080 1999 4 16 7139 7152 7121 74 145 36 66 67 35 23 41 32766 10 70 16 32766 32766 49 
56080 1999 4 17 7162 7171 7140 49 86 35 58 68 37 0 31 32766 8 53 9 32766 32766 0 
56080 1999 4 18 7157 7172 7132 66 145 -9 40 50 9 32700 63 32766 23 100 13 32766 32766 123 
56080 1999 4 19 7156 7164 7133 21 99 -31 48 69 26 26 17 32766 10 80 16 32766 32766 0 
56080 1999 4 20 7172 7183 7135 54 154 -15 52 64 18 10 54 32766 3 70 12 32766 32766 99 
56080 1999 4 21 7170 7190 7140 87 208 -29 40 49 10 0 74 32766 13 67 14 32766 32766 119 
56080 1999 4 22 7131 7155 7091 87 213 -11 48 47 17 0 69 32766 13 87 6 32766 32766 89 
56080 1999 4 23 7100 7127 7056 130 211 67 72 50 21 32700 82 32766 18 70 6 32766 32766 72 
56080 1999 4 24 7100 7109 7075 121 188 65 86 64 36 22 61 32766 20 73 16 32766 32766 73 
56080 1999 4 25 7168 7205 7110 9 128 -40 56 83 55 17 16 32766 40 70 1 32766 32766 0 
56080 1999 4 26 7215 7230 7189 -19 26 -41 40 76 53 11 21 32766 15 63 6 32766 32766 27 
56080 1999 4 27 7208 7231 7171 17 99 -57 38 59 28 32700 40 32766 15 67 6 32766 32766 95 
56080 1999 4 28 7169 7202 7131 63 152 -20 48 56 16 32700 60 32766 8 77 6 32766 32766 111 
56080 1999 4 29 7165 7185 7130 72 172 -18 37 46 9 0 66 32766 20 83 4 32766 32766 82 
56080 1999 4 30 7162 7180 7132 92 172 9 54 52 19 0 70 32766 10 93 10 32766 32766 98 
56080 1999 5 1 7153 7170 7132 101 184 25 69 59 32 32700 58 32766 10 103 6 32766 32766 74 
56080 1999 5 2 7169 7188 7146 47 123 17 69 80 52 30 10 32766 28 67 16 32766 32766 0 
56080 1999 5 3 7203 7218 7181 49 129 1 55 66 35 4 55 32766 10 67 16 32766 32766 80 
56080 1999 5 4 7203 7220 7186 52 101 20 60 69 44 17 21 32766 0 43 5 32766 32766 16 
56080 1999 5 5 7182 7210 7158 50 112 8 64 76 37 29 18 32766 0 153 14 32766 32766 57 
56080 1999 5 6 7155 7178 7134 70 145 -1 60 66 36 32700 47 32766 13 67 6 32766 32766 79 
56080 1999 5 7 7184 7192 7151 67 129 -1 45 53 14 0 46 32766 8 60 1 32766 32766 72 
56080 1999 5 8 7203 7220 7180 72 155 -21 40 47 14 0 73 32766 18 60 16 32766 32766 108 
56080 1999 5 9 7206 7221 7187 76 148 10 39 41 21 32700 69 32766 20 73 3 32766 32766 115 
56080 1999 5 10 7200 7221 7167 77 166 -24 36 41 12 0 76 32766 20 67 4 32766 32766 107 
56080 1999 5 11 7167 7190 7140 97 192 -5 40 39 14 0 81 32766 10 63 4 32766 32766 114 
56080 1999 5 12 7143 7166 7112 110 212 3 46 42 13 0 97 32766 23 80 4 32766 32766 120 
56080 1999 5 13 7136 7146 7118 105 158 65 60 49 26 8 39 32766 15 70 6 32766 32766 25 
56080 1999 5 14 7148 7157 7130 70 125 31 70 70 34 21 31 32766 8 50 10 32766 32766 54 
56080 1999 5 15 7113 7141 7075 98 195 9 75 66 32 0 61 32766 18 77 5 32766 32766 88 
56080 1999 5 16 7129 7144 7087 88 142 66 85 76 49 190 31 32766 20 63 2 32766 32766 26 
56080 1999 5 17 7160 7172 7139 76 151 21 62 63 22 32700 63 32766 25 90 16 32766 32766 103 
56080 1999 5 18 7194 7204 7173 44 99 4 64 79 51 38 32 32766 18 83 11 32766 32766 57 
56080 1999 5 19 7192 7204 7176 72 134 28 65 68 31 1 44 32766 10 117 15 32766 32766 68 
56080 1999 5 20 7178 7198 7155 89 155 21 63 61 24 0 54 32766 10 110 12 32766 32766 79 
56080 1999 5 21 7143 7163 7121 95 176 11 60 56 14 3 58 32766 33 100 15 32766 32766 114 
56080 1999 5 22 7158 7169 7137 61 106 37 67 73 47 7 28 32766 30 70 6 32766 32766 15 
56080 1999 5 23 7164 7179 7137 51 127 -6 64 75 36 32700 57 32766 18 70 10 32766 32766 51 
56080 1999 5 24 7143 7176 7107 77 152 19 60 61 20 28 59 32766 18 77 11 32766 32766 98 
56080 1999 5 25 7158 7179 7118 44 115 22 55 66 37 32700 32 32766 25 67 16 32766 32766 7 
56080 1999 5 26 7191 7210 7163 83 167 -4 48 50 13 0 83 32766 13 67 5 32766 32766 126 
56080 1999 5 27 7161 7187 7127 111 224 10 62 51 19 32700 91 32766 18 77 5 32766 32766 119 
56080 1999 5 28 7156 7170 7134 130 174 86 63 44 22 0 85 32766 30 60 6 32766 32766 66 
56080 1999 5 29 7158 7171 7141 77 138 51 72 69 34 30 26 32766 23 57 8 32766 32766 0 
56080 1999 5 30 7146 7154 7138 55 72 40 72 80 67 38 7 32766 13 50 16 32766 32766 0 
56080 1999 5 31 7170 7178 7146 71 111 37 69 70 49 32700 42 32766 20 53 16 32766 32766 37 
56080 1999 6 1 7174 7190 7152 95 142 44 66 59 34 32700 52 28 10 63 10 32766 32766 63 
56080 1999 6 2 7155 7166 7138 59 120 16 68 75 37 73 28 21 15 57 16 32766 32766 0 
56080 1999 6 3 7171 7179 7162 77 111 49 80 77 56 5 23 10 5 40 16 32766 32766 0 
56080 1999 6 4 7155 7174 7143 118 188 55 89 68 37 32700 58 20 8 57 5 32766 32766 67 
56080 1999 6 5 7147 7166 7128 119 209 47 97 72 44 1 60 24 13 77 16 32766 32766 85 
56080 1999 6 6 7200 7207 7166 82 118 74 95 87 69 37 12 19 18 60 16 32766 32766 0 
56080 1999 6 7 7200 7210 7189 83 118 65 97 89 77 66 10 1 10 47 16 32766 32766 0 
56080 1999 6 8 7198 7208 7183 104 131 80 105 84 69 15 15 2 8 63 16 32766 32766 0 
56080 1999 6 9 7187 7208 7170 121 174 76 101 75 46 32700 35 11 5 50 4 32766 32766 12 
56080 1999 6 10 7179 7197 7159 138 208 76 92 63 30 39 65 28 18 73 10 32766 32766 115 
56080 1999 6 11 7157 7176 7125 136 227 51 98 67 34 32700 60 30 10 53 10 32766 32766 89 
56080 1999 6 12 7123 7140 7094 154 236 78 125 73 38 185 107 47 15 80 16 32766 32766 91 
56080 1999 6 13 7117 7135 7080 171 248 131 148 77 44 1 62 29 13 67 16 32766 32766 78 
56080 1999 6 14 7146 7158 7097 114 174 94 117 86 78 271 42 35 35 67 16 32766 32766 0 
56080 1999 6 15 7167 7175 7155 104 151 84 105 84 65 115 27 15 35 60 15 32766 32766 18 
56080 1999 6 16 7193 7201 7175 103 123 83 91 74 50 20 25 22 20 63 16 32766 32766 0 
56080 1999 6 17 7181 7208 7153 109 195 22 75 64 29 0 61 26 5 67 11 32766 32766 111 
56080 1999 6 18 7165 7178 7139 137 244 39 83 60 19 0 79 38 13 67 4 32766 32766 125 
56080 1999 6 19 7173 7186 7157 131 190 98 99 66 43 2 34 29 15 53 10 32766 32766 18 
56080 1999 6 20 7158 7174 7139 111 169 51 95 75 43 4 30 19 3 60 14 32766 32766 50 
56080 1999 6 21 7141 7161 7123 124 185 95 103 73 40 13 46 29 8 63 2 32766 32766 40 
56080 1999 6 22 7148 7172 7126 76 118 41 88 84 57 50 25 23 40 93 16 32766 32766 49 
56080 1999 6 23 7146 7167 7129 101 179 55 90 75 45 0 43 29 10 47 8 32766 32766 60 
56080 1999 6 24 7142 7154 7123 128 183 84 93 64 30 0 57 34 15 50 5 32766 32766 78 
56080 1999 6 25 7131 7139 7123 135 193 92 114 75 45 32700 44 26 3 57 2 32766 32766 40 
56080 1999 6 26 7154 7166 7132 124 189 56 94 69 39 0 50 29 20 63 3 32766 32766 64 
56080 1999 6 27 7151 7164 7132 144 225 59 102 66 33 32700 64 26 5 50 7 32766 32766 100 
56080 1999 6 28 7152 7164 7142 127 177 108 113 77 45 4 22 8 8 67 15 32766 32766 0 
56080 1999 6 29 7148 7160 7124 134 202 66 101 68 39 3 67 32 13 57 7 32766 32766 92 
56080 1999 6 30 7141 7159 7120 153 218 98 105 64 36 32700 81 42 13 73 4 32766 32766 115 
56080 1999 7 1 7157 7167 7127 127 174 111 105 72 47 3 41 32 20 60 6 32766 32766 47 
56080 1999 7 2 7137 7165 7127 110 135 93 111 85 66 189 14 15 20 67 16 32766 32766 9 
56080 1999 7 3 7134 7148 7108 118 215 55 104 78 36 32700 59 23 13 60 4 32766 32766 75 
56080 1999 7 4 7146 7158 7119 122 169 80 108 77 57 103 38 31 10 50 16 32766 32766 43 
56080 1999 7 5 7161 7170 7152 118 143 97 113 82 68 128 23 20 10 47 15 32766 32766 9 
56080 1999 7 6 7168 7172 7158 121 150 99 118 85 69 50 13 7 5 40 16 32766 32766 0 
56080 1999 7 7 7172 7178 7159 151 212 99 107 67 27 6 72 35 13 57 16 32766 32766 122 
56080 1999 7 8 7167 7187 7144 120 195 47 105 78 34 0 45 30 5 60 6 32766 32766 70 
56080 1999 7 9 7158 7180 7127 141 219 91 108 70 30 3 73 33 20 60 15 32766 32766 117 
56080 1999 7 10 7149 7162 7131 124 179 95 104 74 46 112 51 41 8 90 16 32766 32766 80 
56080 1999 7 11 7143 7155 7120 112 190 40 95 76 36 7 49 33 8 60 2 32766 32766 96 
56080 1999 7 12 7121 7145 7092 124 223 41 109 78 41 32700 52 28 10 80 16 32766 32766 94 
56080 1999 7 13 7121 7127 7100 143 197 102 122 77 54 175 32766 31 18 67 16 32766 32766 113 
56080 1999 7 14 7146 7151 7128 125 181 73 115 80 54 50 23 26 20 57 15 32766 32766 26 
56080 1999 7 15 7162 7165 7152 110 131 95 113 86 74 148 11 13 33 60 15 32766 32766 0 
56080 1999 7 16 7176 7183 7163 105 125 96 112 89 68 71 4 5 5 50 16 32766 32766 0 
56080 1999 7 17 7192 7200 7181 119 161 92 108 79 51 2 33 17 3 70 7 32766 32766 55 
56080 1999 7 18 7175 7198 7154 111 194 36 97 77 40 32700 45 26 5 57 7 32766 32766 95 
56080 1999 7 19 7157 7165 7146 129 187 80 105 73 46 33 42 26 5 67 16 32766 32766 50 
56080 1999 7 20 7154 7163 7136 124 194 75 116 83 49 28 55 19 8 50 6 32766 32766 58 
56080 1999 7 21 7162 7166 7150 113 185 74 110 84 53 473 32766 24 23 70 3 32766 32766 72 
56080 1999 7 22 7158 7168 7147 113 141 101 122 91 74 210 15 15 8 50 14 32766 32766 0 
56080 1999 7 23 7156 7170 7140 127 186 99 125 86 58 56 31 18 5 57 16 32766 32766 49 
56080 1999 7 24 7156 7161 7151 144 179 119 130 80 64 17 30 17 13 50 11 32766 32766 22 
56080 1999 7 25 7156 7170 7140 151 212 114 138 82 52 36 45 17 8 40 8 32766 32766 66 
56080 1999 7 26 7156 7167 7134 169 246 108 138 74 39 3 70 34 8 53 4 32766 32766 109 
56080 1999 7 27 7162 7170 7146 171 240 106 133 72 32 0 65 44 0 53 2 32766 32766 110 
56080 1999 7 28 7177 7185 7159 163 229 91 113 66 36 32700 78 49 23 60 1 32766 32766 124 
56080 1999 7 29 7179 7188 7168 156 232 75 106 65 33 0 80 48 18 63 16 32766 32766 129 
56080 1999 7 30 7177 7182 7171 160 249 70 108 65 29 0 88 48 15 73 16 32766 32766 130 
56080 1999 7 31 7182 7191 7169 163 261 59 108 63 28 0 74 42 0 50 5 32766 32766 114 
56080 1999 8 1 7178 7190 7154 176 272 84 123 66 24 32700 118 46 5 47 2 32766 32766 125 
56080 1999 8 2 7159 7177 7131 179 272 102 149 74 35 0 71 40 5 57 6 32766 32766 110 
56080 1999 8 3 7147 7161 7123 191 262 138 160 74 41 11 67 40 8 40 5 32766 32766 68 
56080 1999 8 4 7138 7151 7121 191 258 137 155 73 39 0 59 40 3 63 16 32766 32766 57 
56080 1999 8 5 7138 7152 7124 153 198 129 149 86 57 4 27 28 13 57 16 32766 32766 49 
56080 1999 8 6 7147 7162 7128 125 169 110 131 90 77 241 17 9 28 63 15 32766 32766 0 
56080 1999 8 7 7155 7171 7139 118 162 90 113 83 61 15 30 27 8 47 16 32766 32766 10 
56080 1999 8 8 7151 7159 7140 142 205 85 116 75 31 0 48 26 0 50 2 32766 32766 83 
56080 1999 8 9 7187 7200 7159 122 206 56 102 75 29 6 61 39 13 107 16 32766 32766 102 
56080 1999 8 10 7191 7200 7170 127 221 62 102 75 26 90 64 30 10 60 1 32766 32766 102 
56080 1999 8 11 7177 7199 7150 146 229 82 116 74 23 2 64 39 10 67 4 32766 32766 117 
56080 1999 8 12 7141 7170 7112 149 231 86 123 75 37 0 56 39 3 57 3 32766 32766 79 
56080 1999 8 13 7115 7132 7097 157 207 131 138 78 61 1 37 30 10 47 16 32766 32766 39 
56080 1999 8 14 7118 7128 7109 174 251 128 142 73 45 0 63 30 15 60 6 32766 32766 92 
56080 1999 8 15 7173 7181 7128 181 244 142 150 73 42 32700 67 40 25 77 4 32766 32766 76 
56080 1999 8 16 7194 7208 7180 172 233 116 133 71 40 0 61 43 10 70 4 32766 32766 69 
56080 1999 8 17 7203 7211 7183 148 192 128 128 76 57 23 49 49 35 77 16 32766 32766 33 
56080 1999 8 18 7214 7219 7202 119 169 87 109 78 62 28 26 37 23 70 16 32766 32766 13 
56080 1999 8 19 7222 7230 7204 112 176 67 91 70 44 34 48 34 10 47 14 32766 32766 79 
56080 1999 8 20 7215 7232 7193 115 176 78 88 67 40 1 47 39 13 60 5 32766 32766 78 
56080 1999 8 21 7197 7213 7181 91 174 34 81 73 33 32700 48 31 13 67 16 32766 32766 73 
56080 1999 8 22 7199 7211 7186 95 183 21 80 72 31 38 43 36 8 90 14 32766 32766 75 
56080 1999 8 23 7201 7208 7191 73 119 55 91 89 67 131 2 9 8 47 16 32766 32766 2 
56080 1999 8 24 7198 7207 7173 91 165 38 82 76 43 8 36 20 3 83 16 32766 32766 60 
56080 1999 8 25 7191 7203 7167 66 146 8 74 79 45 9 28 29 20 70 16 32766 32766 56 
56080 1999 8 26 7190 7200 7180 81 162 22 77 75 31 7 35 23 0 50 1 32766 32766 54 
56080 1999 8 27 7196 7206 7177 75 149 3 79 79 45 32700 28 22 0 63 9 32766 32766 60 
56080 1999 8 28 7193 7208 7179 97 189 14 76 70 33 8 53 27 13 53 16 32766 32766 93 
56080 1999 8 29 7190 7208 7167 98 209 12 73 67 27 0 58 28 5 30 6 32766 32766 116 
56080 1999 8 30 7181 7188 7171 106 194 47 84 71 29 0 55 31 5 73 3 32766 32766 109 
56080 1999 8 31 7183 7199 7161 112 208 17 81 66 33 0 60 32 5 30 6 32766 32766 98 
56080 1999 9 1 7186 7190 7167 96 172 64 100 84 48 10 27 22 18 70 10 32766 32766 60 
56080 1999 9 2 7187 7209 7166 108 199 29 89 73 34 46 53 31 5 57 14 32766 32766 98 
56080 1999 9 3 7178 7197 7153 114 211 27 88 70 22 0 56 33 10 40 8 32766 32766 110 
56080 1999 9 4 7171 7182 7154 103 165 76 104 83 57 4 7 14 0 60 16 32766 32766 0 
56080 1999 9 5 7188 7201 7172 110 196 48 91 74 35 32700 50 25 5 60 10 32766 32766 92 
56080 1999 9 6 7173 7193 7146 122 232 31 94 71 35 0 61 30 10 60 5 32766 32766 109 
56080 1999 9 7 7154 7167 7132 142 256 49 105 70 27 0 65 27 8 70 4 32766 32766 112 
56080 1999 9 8 7171 7178 7148 146 211 86 117 73 44 0 54 37 15 60 16 32766 32766 91 
56080 1999 9 9 7163 7182 7139 158 228 120 123 71 43 32700 56 33 13 63 4 32766 32766 67 
56080 1999 9 10 7185 7212 7152 104 166 78 109 86 66 16 12 25 35 67 15 32766 32766 0 
56080 1999 9 11 7201 7222 7181 79 115 61 93 88 71 21 13 20 10 53 16 32766 32766 0 
56080 1999 9 12 7179 7199 7155 115 181 72 100 76 52 13 35 12 8 47 5 32766 32766 38 
56080 1999 9 13 7200 7217 7169 77 143 50 90 85 59 155 14 19 8 43 16 32766 32766 0 
56080 1999 9 14 7208 7228 7180 81 177 30 79 77 22 0 38 19 5 20 16 32766 32766 83 
56080 1999 9 15 7195 7204 7180 78 155 8 76 74 42 32700 30 20 0 77 11 32766 32766 58 
56080 1999 9 16 7178 7197 7154 96 194 40 78 70 21 0 50 26 0 50 15 32766 32766 102 
56080 1999 9 17 7163 7180 7123 86 195 22 80 76 34 7 37 31 0 137 16 32766 32766 84 
56080 1999 9 18 7184 7201 7165 95 174 45 80 72 27 93 46 21 15 47 2 32766 32766 90 
56080 1999 9 19 7200 7209 7183 108 174 55 76 64 23 5 44 31 0 37 15 32766 32766 91 
56080 1999 9 20 7206 7216 7182 78 166 6 66 68 27 0 44 32 18 63 16 32766 32766 95 
56080 1999 9 21 7205 7218 7188 88 136 54 81 73 51 0 29 24 5 63 16 32766 32766 42 
56080 1999 9 22 7203 7214 7173 71 166 5 66 69 25 1 36 15 8 60 11 32766 32766 63 
56080 1999 9 23 7201 7215 7178 78 189 -7 62 66 18 0 50 37 5 60 16 32766 32766 106 
56080 1999 9 24 7195 7209 7173 80 189 -6 65 67 27 0 49 30 3 50 16 32766 32766 109 
56080 1999 9 25 7163 7195 7129 83 190 -2 74 70 39 32700 46 23 0 63 16 32766 32766 75 
56080 1999 9 26 7177 7192 7146 95 131 64 93 80 53 186 31 14 3 33 16 32766 32766 26 
56080 1999 9 27 7180 7197 7162 120 200 73 94 70 24 7 52 24 0 70 14 32766 32766 104 
56080 1999 9 28 7216 7229 7195 108 169 63 98 76 53 45 43 27 3 70 13 32766 32766 76 
56080 1999 9 29 7211 7229 7186 109 176 73 102 79 49 32700 41 26 10 60 16 32766 32766 81 
56080 1999 9 30 7175 7210 7129 118 218 52 103 77 43 27 52 29 8 83 16 32766 32766 90 
56080 1999 10 1 7198 7214 7162 60 125 40 87 93 74 119 10 32766 45 70 15 32766 32766 0 
56080 1999 10 2 7217 7229 7202 48 68 30 75 88 78 51 10 32766 10 47 16 32766 32766 0 
56080 1999 10 3 7197 7220 7172 63 104 45 81 86 65 1 14 32766 8 57 15 32766 32766 0 
56080 1999 10 4 7198 7216 7184 53 101 17 76 86 62 84 16 32766 10 40 15 32766 32766 33 
56080 1999 10 5 7206 7214 7190 71 132 41 84 84 56 32700 26 32766 8 50 16 32766 32766 73 
56080 1999 10 6 7200 7221 7175 67 112 50 79 81 61 6 16 32766 13 77 16 32766 32766 33 
56080 1999 10 7 7188 7209 7152 75 145 36 75 73 40 32700 28 32766 5 50 5 32766 32766 49 
56080 1999 10 8 7140 7172 7101 68 126 34 84 86 54 32700 17 32766 13 50 16 32766 32766 27 
56080 1999 10 9 7174 7187 7124 52 76 37 73 83 68 50 11 32766 15 80 16 32766 32766 23 
56080 1999 10 10 7207 7222 7185 56 106 36 66 74 47 1 23 32766 8 53 16 32766 32766 50 
56080 1999 10 11 7191 7231 7160 51 95 16 66 77 54 0 19 32766 0 30 9 32766 32766 36 
56080 1999 10 12 7175 7183 7158 54 113 8 67 78 47 20 26 32766 8 50 16 32766 32766 60 
56080 1999 10 13 7200 7211 7183 25 66 19 67 92 70 77 6 32766 15 40 6 32766 32766 0 
56080 1999 10 14 7219 7227 7201 14 36 1 61 91 79 85 4 32766 8 33 16 32766 32766 0 
56080 1999 10 15 7238 7261 7218 8 17 -6 56 86 75 3 8 32766 18 60 16 32766 32766 0 
56080 1999 10 16 7260 7274 7231 21 76 -12 47 68 38 0 23 32766 10 30 3 32766 32766 73 
56080 1999 10 17 7231 7256 7202 34 109 -14 54 71 37 0 27 32766 13 37 3 32766 32766 94 
56080 1999 10 18 7213 7229 7187 38 124 -12 60 77 37 0 21 32766 10 70 3 32766 32766 54 
56080 1999 10 19 7220 7230 7210 46 87 22 66 79 58 0 20 32766 15 63 16 32766 32766 16 
56080 1999 10 20 7206 7230 7193 31 48 15 65 85 77 18 3 32766 15 43 16 32766 32766 1 
56080 1999 10 21 7207 7219 7195 43 86 13 68 83 61 27 13 32766 0 27 3 32766 32766 31 
56080 1999 10 22 7213 7228 7196 58 125 14 68 76 43 2 23 32766 0 57 14 32766 32766 77 
56080 1999 10 23 7212 7230 7183 43 142 -20 50 67 22 0 30 32766 5 43 13 32766 32766 100 
56080 1999 10 24 7186 7200 7157 39 149 -28 50 67 29 0 25 32766 3 53 16 32766 32766 85 
56080 1999 10 25 7218 7237 7196 22 89 -26 54 77 39 47 18 32766 8 60 15 32766 32766 64 
56080 1999 10 26 7210 7227 7183 26 122 -46 39 60 19 0 31 32766 15 67 12 32766 32766 100 
56080 1999 10 27 7188 7199 7168 14 121 -51 39 64 22 0 24 32766 8 87 15 32766 32766 82 
56080 1999 10 28 7182 7204 7151 23 132 -51 35 58 15 0 33 32766 13 83 11 32766 32766 99 
56080 1999 10 29 7146 7166 7125 46 141 -23 41 56 13 0 34 32766 8 50 4 32766 32766 91 
56080 1999 10 30 7152 7167 7136 38 90 0 43 55 24 7 25 32766 18 83 14 32766 32766 57 
56080 1999 10 31 7200 7240 7167 -30 44 -62 34 70 29 0 18 32766 23 90 16 32766 32766 94 
56080 1999 11 1 7227 7248 7197 -12 108 -94 30 60 17 0 21 32766 3 30 16 32766 32766 98 
56080 1999 11 2 7216 7230 7188 -1 115 -73 36 64 21 0 23 32766 5 50 16 32766 32766 97 
56080 1999 11 3 7201 7225 7166 12 117 -66 40 65 23 0 22 32766 0 37 4 32766 32766 95 
56080 1999 11 4 7168 7190 7142 24 156 -56 37 59 10 0 30 32766 5 67 15 32766 32766 97 
56080 1999 11 5 7159 7173 7139 16 144 -54 41 63 23 0 30 32766 0 47 16 32766 32766 80 
56080 1999 11 6 7176 7192 7139 15 173 -60 42 69 13 0 27 32766 13 70 16 32766 32766 94 
56080 1999 11 7 7183 7208 7148 41 134 -8 55 70 32 0 25 32766 0 57 9 32766 32766 60 
56080 1999 11 8 7164 7178 7135 26 92 1 58 79 49 2 17 32766 13 33 16 32766 32766 36 
56080 1999 11 9 7150 7167 7130 19 40 -5 57 82 67 4 10 32766 5 53 16 32766 32766 0 
56080 1999 11 10 7147 7164 7128 -16 54 -45 47 86 44 35 10 32766 10 40 16 32766 32766 56 
56080 1999 11 11 7158 7170 7132 -16 95 -84 38 71 30 0 14 32766 0 30 10 32766 32766 94 
56080 1999 11 12 7155 7177 7129 6 116 -66 36 64 20 0 25 32766 15 97 9 32766 32766 93 
56080 1999 11 13 7143 7164 7122 12 111 -51 37 61 20 0 19 32766 0 53 16 32766 32766 93 
56080 1999 11 14 7173 7199 7152 7 129 -70 32 59 12 0 28 32766 18 80 10 32766 32766 93 
56080 1999 11 15 7181 7204 7155 -12 61 -62 33 62 29 0 22 32766 10 63 15 32766 32766 89 
56080 1999 11 16 7219 7231 7202 -17 32 -35 41 76 41 27 18 32766 15 60 16 32766 32766 46 
56080 1999 11 17 7222 7248 7188 -37 43 -91 27 62 21 0 16 32766 5 53 9 32766 32766 85 
56080 1999 11 18 7167 7200 7136 -36 55 -103 28 64 22 0 19 32766 0 57 2 32766 32766 69 
56080 1999 11 19 7171 7194 7150 -30 73 -103 24 58 11 0 20 32766 13 50 8 32766 32766 92 
56080 1999 11 20 7150 7167 7129 -32 74 -86 27 60 14 0 10 32766 0 27 2 32766 32766 71 
56080 1999 11 21 7162 7172 7146 -28 75 -89 29 62 26 0 12 32766 0 10 2 32766 32766 85 
56080 1999 11 22 7155 7182 7116 -16 121 -103 22 52 7 0 31 32766 20 110 11 32766 32766 91 
56080 1999 11 23 7148 7195 7122 6 145 -66 26 53 5 0 43 32766 25 100 13 32766 32766 88 
56080 1999 11 24 7177 7210 7148 -22 77 -83 29 62 27 0 17 32766 0 57 15 32766 32766 82 
56080 1999 11 25 7153 7188 7114 -23 86 -97 28 59 21 0 16 32766 0 67 16 32766 32766 67 
56080 1999 11 26 7139 7153 7113 -46 14 -93 25 58 38 0 18 32766 18 70 16 32766 32766 82 
56080 1999 11 27 7176 7188 7153 -56 24 -97 17 43 18 0 23 32766 10 70 5 32766 32766 87 
56080 1999 11 28 7188 7198 7167 -75 13 -137 21 64 26 0 12 32766 8 27 6 32766 32766 85 
56080 1999 11 29 7170 7197 7141 -61 42 -140 20 59 19 0 13 32766 5 50 16 32766 32766 67 
56080 1999 11 30 7158 7176 7135 -47 71 -135 19 52 16 0 22 32766 18 90 14 32766 32766 86 
56080 1999 12 1 7171 7193 7150 -32 117 -127 20 47 11 0 18 32766 5 30 8 32766 32766 76 
56080 1999 12 2 7155 7177 7117 -29 117 -94 26 59 13 0 21 32766 5 90 14 32766 32766 84 
56080 1999 12 3 7204 7219 7177 -55 9 -92 29 73 46 7 13 32766 13 67 5 32766 32766 73 
56080 1999 12 4 7219 7228 7201 -66 -18 -90 27 75 51 4 7 32766 8 23 16 32766 32766 48 
56080 1999 12 5 7217 7230 7194 -95 6 -157 18 64 20 1 7 32766 0 20 16 32766 32766 87 
56080 1999 12 6 7194 7221 7158 -78 36 -165 16 53 15 0 12 32766 0 30 15 32766 32766 85 
56080 1999 12 7 7207 7220 7181 -73 35 -142 16 50 16 0 16 32766 0 50 16 32766 32766 68 
56080 1999 12 8 7227 7247 7203 -81 31 -149 12 43 8 0 11 32766 0 23 4 32766 32766 82 
56080 1999 12 9 7181 7220 7145 -76 29 -152 17 55 27 0 11 32766 0 70 16 32766 32766 60 
56080 1999 12 10 7187 7209 7160 -71 66 -165 16 52 11 0 14 32766 0 30 3 32766 32766 90 
56080 1999 12 11 7181 7195 7158 -51 68 -135 19 50 18 0 15 32766 0 40 16 32766 32766 85 
56080 1999 12 12 7193 7210 7171 -45 43 -107 20 49 25 0 16 32766 13 43 4 32766 32766 79 
56080 1999 12 13 7208 7222 7189 -73 -25 -98 21 60 25 0 11 32766 0 40 10 32766 32766 18 
56080 1999 12 14 7168 7208 7131 -90 24 -183 12 48 9 0 18 32766 15 63 13 32766 32766 88 
56080 1999 12 15 7140 7155 7114 -83 37 -173 12 41 12 0 16 32766 3 60 15 32766 32766 87 
56080 1999 12 16 7164 7187 7145 -90 21 -171 11 41 11 0 18 32766 20 77 13 32766 32766 86 
56080 1999 12 17 7171 7187 7155 -95 24 -183 10 37 14 0 13 32766 5 40 2 32766 32766 82 
56080 1999 12 18 7163 7179 7149 -99 15 -193 9 37 14 0 17 32766 13 63 16 32766 32766 85 
56080 1999 12 19 7179 7195 7156 -121 -36 -175 16 66 21 32700 8 32766 0 53 16 32766 32766 62 
56080 1999 12 20 7181 7196 7151 -119 -11 -188 13 59 21 0 12 32766 0 57 16 32766 32766 82 
56080 1999 12 21 7222 7245 7189 -121 -12 -202 10 45 7 0 12 32766 0 23 6 32766 32766 84 
56080 1999 12 22 7206 7231 7178 -95 -4 -149 14 45 20 0 12 32766 8 53 1 32766 32766 45 
56080 1999 12 23 7232 7247 7205 -113 -36 -181 15 60 24 2 15 32766 20 70 14 32766 32766 81 
56080 1999 12 24 7217 7246 7187 -127 11 -215 8 41 7 0 12 32766 5 50 16 32766 32766 85 
56080 1999 12 25 7191 7213 7160 -119 27 -218 6 30 7 0 13 32766 0 37 12 32766 32766 85 
56080 1999 12 26 7142 7167 7108 -108 37 -213 7 30 9 0 11 32766 0 30 15 32766 32766 84 
56080 1999 12 27 7181 7207 7138 -111 -24 -189 11 41 18 0 10 32766 5 37 16 32766 32766 60 
56080 1999 12 28 7168 7198 7139 -92 19 -178 12 43 10 0 19 32766 20 90 13 32766 32766 84 
56080 1999 12 29 7120 7152 7094 -85 55 -193 6 27 2 0 21 32766 23 80 14 32766 32766 87 
56080 1999 12 30 7120 7129 7099 -72 39 -155 11 32 10 0 14 32766 0 37 16 32766 32766 51 
56080 1999 12 31 7129 7139 7112 -70 53 -149 10 35 4 0 22 32766 20 107 13 32766 32766 86 
56080 2000 1 1 7169 7188 7141 -75 54 -170 8 26 10 0 26 32766 18 100 15 32766 32766 89 
56080 2000 1 2 7148 7188 7109 -64 64 -155 8 23 8 0 25 32766 15 90 14 32766 32766 88 
56080 2000 1 3 7110 7135 7080 -50 91 -148 5 19 1 0 30 32766 13 93 13 32766 32766 86 
