V01000 V04001 V04002 V04003 V10004 V10201 V10202 V12001 V12052 V12053 V13004 V13003 V13007 V13201 V13241 V13242 V11002 V11042 V11212 V11041 V11043 V14032
56080 2011 1 4 7091 7122 7057 -58 76 -171 11 43 6 0 26 32766 31 91 12 207 14 65 
56080 2011 1 5 7109 7144 7078 -94 4 -153 16 56 12 0 16 32766 18 47 16 77 16 68 
56080 2011 1 6 7126 7156 7085 -90 25 -138 15 49 22 0 12 32766 16 56 16 88 1 61 
56080 2011 1 7 7109 7138 7061 -62 78 -173 12 40 4 0 18 32766 11 71 14 130 14 67 
56080 2011 1 8 7117 7144 7084 -122 -12 -177 16 67 16 0 11 32766 20 49 16 81 16 0 
56080 2011 1 9 7127 7156 7092 -143 -84 -178 14 68 48 3 4 32766 19 43 16 69 16 20 
56080 2011 1 10 7110 7125 7093 -146 -60 -190 15 77 51 21 4 32766 13 37 16 55 15 50 
56080 2011 1 11 7102 7134 7059 -166 -6 -268 11 63 17 0 11 32766 9 107 12 252 12 83 
56080 2011 1 12 7074 7091 7051 -139 4 -235 10 55 14 0 11 32766 10 41 16 69 15 83 
56080 2011 1 13 7080 7103 7049 -114 5 -193 14 58 20 0 12 32766 12 53 16 87 16 74 
56080 2011 1 14 7124 7172 7085 -128 -34 -185 14 62 29 0 13 32766 16 61 16 114 15 68 
56080 2011 1 15 7144 7187 7096 -148 -12 -244 9 54 14 0 14 32766 12 40 16 77 16 82 
56080 2011 1 16 7093 7118 7066 -134 -42 -209 10 52 26 0 11 32766 15 69 16 128 16 77 
56080 2011 1 17 7096 7124 7064 -121 -23 -192 12 52 20 0 14 32766 14 33 1 60 16 82 
56080 2011 1 18 7059 7081 7033 -106 11 -176 13 51 14 0 13 32766 13 50 16 88 15 87 
56080 2011 1 19 7089 7108 7068 -118 -60 -141 18 72 41 21 10 32766 13 43 16 69 1 57 
56080 2011 1 20 7105 7125 7072 -141 -16 -241 15 69 31 0 12 32766 8 71 11 102 11 68 
56080 2011 1 21 7094 7113 7076 -98 0 -179 12 51 11 0 27 32766 27 100 14 192 14 82 
56080 2011 1 22 7112 7125 7090 -115 10 -202 10 45 11 0 18 32766 11 58 16 123 16 80 
56080 2011 1 23 7134 7156 7108 -109 8 -187 14 55 15 0 13 32766 12 51 16 74 16 69 
56080 2011 1 24 7124 7138 7094 -101 24 -193 12 52 10 0 16 32766 13 65 16 104 16 84 
56080 2011 1 25 7126 7145 7096 -117 -3 -197 14 57 27 0 11 32766 17 32 16 55 16 81 
56080 2011 1 26 7123 7144 7081 -101 -14 -140 15 54 31 0 13 32766 17 65 16 105 16 48 
56080 2011 1 27 7144 7161 7118 -115 -56 -140 18 71 48 9 9 32766 23 58 16 100 16 46 
56080 2011 1 28 7164 7187 7132 -152 -42 -226 10 57 15 32700 12 32766 17 64 1 101 1 77 
56080 2011 1 29 7127 7158 7092 -129 5 -213 8 45 11 0 16 32766 12 63 16 105 2 78 
56080 2011 1 30 7134 7155 7102 -120 10 -212 11 52 15 0 10 32766 13 32 16 59 16 70 
56080 2011 1 31 7134 7147 7112 -122 6 -211 11 51 14 0 15 32766 12 47 1 96 2 66 
56080 2011 2 1 7139 7164 7106 -119 45 -229 7 40 6 0 20 32766 13 46 1 75 1 93 
56080 2011 2 2 7122 7145 7098 -79 48 -179 8 28 9 0 21 32766 12 95 13 143 13 78 
56080 2011 2 3 7123 7145 7093 -80 71 -207 9 34 8 0 20 32766 24 81 12 148 14 58 
56080 2011 2 4 7126 7158 7091 -54 97 -168 11 34 5 0 22 32766 11 31 9 64 9 74 
56080 2011 2 5 7107 7128 7089 -18 123 -121 14 31 10 0 25 32766 10 44 5 82 6 82 
56080 2011 2 6 7091 7129 7052 -2 131 -109 13 33 5 0 42 32766 34 90 14 186 12 61 
56080 2011 2 7 7072 7091 7055 -14 89 -84 13 25 9 0 23 32766 11 51 16 80 15 13 
56080 2011 2 8 7038 7089 6984 -17 135 -108 19 39 12 0 29 32766 14 79 16 138 15 71 
56080 2011 2 9 7079 7109 7036 -29 58 -78 24 52 16 32700 23 32766 20 49 16 77 2 64 
56080 2011 2 10 7108 7132 7076 -56 84 -158 14 40 8 0 25 32766 13 44 16 72 1 81 
56080 2011 2 11 7130 7160 7080 -48 35 -110 27 64 31 32700 21 32766 21 51 5 91 4 83 
56080 2011 2 12 7105 7122 7070 -77 40 -162 18 63 12 0 23 32766 24 69 16 148 16 89 
56080 2011 2 13 7122 7145 7089 -84 44 -170 15 55 10 32700 20 32766 18 40 1 78 5 73 
56080 2011 2 14 7067 7119 7018 -61 93 -171 13 43 9 0 21 32766 10 45 16 76 15 86 
56080 2011 2 15 7055 7076 7035 -6 95 -84 21 40 15 0 33 32766 14 70 1 129 16 59 
56080 2011 2 16 7100 7132 7075 -67 7 -118 27 75 45 0 13 32766 13 71 16 105 15 12 
56080 2011 2 17 7098 7150 7062 -61 -22 -104 33 82 50 43 6 32766 15 47 9 61 9 0 
56080 2011 2 18 7098 7113 7075 -66 -18 -100 29 80 55 11 19 32766 8 28 16 44 6 59 
56080 2011 2 19 7115 7129 7089 -45 28 -79 32 74 35 32700 18 32766 18 32 5 56 9 78 
56080 2011 2 20 7111 7132 7079 -51 85 -143 22 61 11 0 25 32766 12 70 13 131 14 95 
56080 2011 2 21 7100 7118 7069 -10 100 -119 18 46 6 0 38 32766 39 103 13 179 14 56 
56080 2011 2 22 7140 7163 7109 -28 82 -87 16 39 5 0 32 32766 22 79 14 133 14 95 
56080 2011 2 23 7120 7146 7082 -20 133 -135 13 36 5 0 36 32766 17 57 11 105 11 90 
56080 2011 2 24 7088 7114 7049 -4 125 -103 19 40 9 0 28 32766 13 59 16 87 1 71 
56080 2011 2 25 7074 7096 7050 23 115 -57 25 41 14 0 31 32766 21 63 11 101 13 51 
56080 2011 2 26 7077 7090 7040 5 82 -36 45 73 21 10 24 32766 16 91 16 143 1 36 
56080 2011 2 27 7088 7108 7035 -4 128 -49 35 72 11 0 27 32766 28 93 16 189 15 79 
56080 2011 2 28 7117 7136 7092 -43 48 -85 34 77 45 5 26 32766 21 63 16 106 16 27 
56080 2011 3 1 7127 7160 7088 -35 102 -129 20 58 5 0 36 32766 35 118 14 206 13 84 
56080 2011 3 2 7126 7153 7089 -54 30 -109 26 66 35 0 22 32766 23 69 16 124 16 60 
56080 2011 3 3 7127 7174 7068 -38 122 -146 24 60 11 5 27 32766 20 53 16 99 5 98 
56080 2011 3 4 7073 7109 7047 -16 83 -91 26 53 20 0 36 32766 26 91 16 151 16 78 
56080 2011 3 5 7084 7112 7048 -33 60 -62 33 68 38 0 22 32766 35 89 16 151 16 53 
56080 2011 3 6 7139 7156 7107 -30 65 -104 29 65 15 4 29 32766 21 78 1 135 16 78 
56080 2011 3 7 7162 7187 7122 -28 65 -112 21 53 11 0 25 32766 17 40 16 70 16 73 
56080 2011 3 8 7141 7165 7090 -26 92 -116 17 43 6 0 35 32766 33 66 3 122 3 78 
56080 2011 3 9 7187 7209 7150 -45 37 -91 23 55 26 32700 25 32766 22 54 3 104 4 75 
56080 2011 3 10 7165 7188 7122 -45 57 -106 24 59 22 0 20 32766 15 62 16 113 16 69 
56080 2011 3 11 7153 7178 7126 -34 57 -101 19 47 8 0 37 32766 19 75 16 143 16 83 
56080 2011 3 12 7113 7154 7066 -28 102 -147 10 29 3 0 38 32766 22 76 11 117 12 85 
56080 2011 3 13 7102 7153 7070 -41 91 -99 19 45 10 0 29 32766 33 91 16 150 16 51 
56080 2011 3 14 7193 7219 7148 -88 -33 -114 21 65 28 3 18 32766 34 63 16 119 16 23 
56080 2011 3 15 7204 7245 7154 -94 24 -190 11 48 9 0 28 32766 28 62 1 107 3 90 
56080 2011 3 16 7167 7198 7135 -57 85 -155 10 34 2 0 38 32766 15 67 14 105 14 103 
56080 2011 3 17 7118 7148 7079 -57 93 -124 16 38 8 0 32 32766 29 107 16 178 1 43 
56080 2011 3 18 7107 7134 7068 -56 40 -111 28 70 27 32700 19 32766 18 66 4 110 5 25 
56080 2011 3 19 7077 7102 7053 -52 22 -105 34 83 50 47 19 32766 20 43 2 62 3 87 
56080 2011 3 20 7082 7104 7044 -61 -17 -76 33 84 58 15 13 32766 26 52 16 87 16 32 
56080 2011 3 21 7137 7156 7103 -89 -52 -122 22 72 49 21 19 32766 23 40 16 66 16 31 
56080 2011 3 22 7154 7180 7123 -79 5 -143 25 74 34 32700 16 32766 22 53 16 78 16 62 
56080 2011 3 23 7145 7160 7122 -58 29 -114 28 73 33 5 22 32766 25 56 1 86 16 82 
56080 2011 3 24 7165 7183 7139 -56 18 -102 29 75 38 32700 19 32766 22 46 4 82 4 74 
56080 2011 3 25 7171 7190 7130 -45 44 -106 27 67 24 4 28 32766 24 79 5 114 6 78 
56080 2011 3 26 7176 7193 7144 -24 52 -83 26 55 13 0 33 32766 21 65 16 107 16 71 
56080 2011 3 27 7176 7196 7149 -31 75 -105 22 52 8 0 40 32766 28 88 1 189 2 106 
56080 2011 3 28 7191 7218 7146 -21 119 -125 18 44 7 0 42 32766 12 66 4 111 4 105 
56080 2011 3 29 7160 7188 7117 22 150 -65 33 53 12 0 42 32766 14 51 4 82 5 80 
56080 2011 3 30 7130 7155 7088 40 146 -50 35 54 12 0 50 32766 23 77 4 121 5 74 
56080 2011 3 31 7122 7133 7100 39 110 13 45 58 30 0 43 32766 33 61 16 100 15 42 
56080 2011 4 1 7153 7167 7127 27 85 -6 43 60 32 32700 35 32766 20 53 5 91 4 54 
56080 2011 4 2 7160 7182 7126 13 69 -26 48 73 44 32700 26 32766 21 44 5 77 8 20 
56080 2011 4 3 7145 7163 7112 31 107 -15 55 76 37 7 32 32766 21 50 4 95 4 61 
56080 2011 4 4 7111 7150 7056 72 174 -11 60 64 25 32700 86 32766 30 88 13 144 12 98 
56080 2011 4 5 7100 7124 7076 42 94 5 67 82 56 42 24 32766 23 74 16 129 16 52 
56080 2011 4 6 7150 7160 7124 -12 22 -27 55 97 80 38 9 32766 21 55 4 99 3 0 
56080 2011 4 7 7177 7192 7147 -41 27 -70 36 80 44 53 24 32766 26 54 5 91 6 79 
56080 2011 4 8 7179 7198 7158 -3 61 -53 34 62 18 32700 31 32766 17 41 1 71 16 105 
56080 2011 4 9 7173 7192 7145 22 122 -64 33 55 11 0 47 32766 15 65 14 137 14 108 
56080 2011 4 10 7185 7211 7160 38 138 -45 37 53 16 0 49 32766 14 62 4 98 3 104 
56080 2011 4 11 7162 7190 7137 49 141 -21 49 61 26 32700 50 32766 19 60 13 107 14 82 
56080 2011 4 12 7161 7177 7132 71 183 -22 45 57 9 0 64 32766 17 50 3 89 4 103 
56080 2011 4 13 7150 7172 7109 85 208 -18 45 51 9 0 75 32766 23 84 16 127 16 89 
56080 2011 4 14 7156 7166 7133 67 128 30 36 37 26 0 58 32766 22 76 16 115 16 37 
56080 2011 4 15 7172 7180 7161 25 79 -11 54 75 28 0 26 32766 24 53 9 97 5 27 
56080 2011 4 16 7166 7181 7141 32 141 -44 45 67 18 0 40 32766 21 80 5 123 5 72 
56080 2011 4 17 7207 7223 7171 35 103 -31 46 63 26 0 42 32766 21 61 13 99 5 65 
56080 2011 4 18 7178 7208 7161 33 119 -48 44 64 24 32700 44 32766 20 84 4 154 6 85 
56080 2011 4 19 7131 7177 7077 66 181 -43 51 61 20 0 57 32766 15 44 7 88 10 102 
56080 2011 4 20 7130 7152 7084 69 136 26 72 73 34 135 42 32766 25 54 16 98 16 57 
56080 2011 4 21 7184 7201 7141 39 81 11 55 68 34 9 20 32766 16 43 3 76 4 0 
56080 2011 4 22 7211 7229 7193 29 94 -22 57 80 37 32700 34 32766 19 75 1 121 16 64 
56080 2011 4 23 7198 7214 7175 45 123 -32 43 61 19 0 49 32766 17 62 5 90 7 92 
56080 2011 4 24 7188 7211 7159 47 141 -43 41 55 18 32700 46 32766 18 99 16 172 15 71 
56080 2011 4 25 7160 7183 7128 77 178 -28 41 51 12 0 70 32766 18 78 14 144 13 112 
56080 2011 4 26 7168 7187 7135 99 189 -4 46 45 11 0 90 32766 31 97 15 159 16 92 
56080 2011 4 27 7167 7198 7136 103 198 5 49 48 10 0 95 32766 36 94 1 165 15 120 
56080 2011 4 28 7138 7168 7095 109 231 1 50 48 8 0 83 32766 21 73 11 120 9 107 
56080 2011 4 29 7104 7114 7073 111 219 25 46 40 9 0 83 32766 32 69 11 111 8 108 
56080 2011 4 30 7134 7147 7106 95 191 14 52 46 23 3 71 32766 18 84 5 137 16 80 
56080 2011 5 1 7161 7181 7140 42 89 2 50 63 37 23 29 32766 30 87 16 144 16 0 
56080 2011 5 2 7165 7192 7125 56 140 -21 54 67 23 3 50 32766 18 48 10 69 10 115 
56080 2011 5 3 7152 7169 7128 63 129 24 47 53 12 32700 39 32766 21 75 10 114 12 13 
56080 2011 5 4 7129 7151 7094 81 196 -40 35 44 9 0 82 32766 30 84 13 186 12 117 
56080 2011 5 5 7110 7127 7088 104 212 -12 32 32 6 0 82 32766 17 62 16 130 12 103 
56080 2011 5 6 7111 7131 7080 121 241 4 45 41 7 0 90 32766 23 55 4 102 5 117 
56080 2011 5 7 7084 7103 7051 142 257 26 69 50 13 32700 89 32766 16 69 4 153 10 82 
56080 2011 5 8 7093 7110 7073 121 184 81 87 63 41 0 66 32766 31 60 4 107 4 69 
56080 2011 5 9 7115 7126 7095 59 132 7 78 85 58 185 54 32766 23 74 14 122 13 38 
56080 2011 5 10 7140 7154 7121 105 193 30 77 68 23 0 69 32766 25 49 16 84 4 118 
56080 2011 5 11 7158 7187 7134 48 138 6 76 88 48 27 12 32766 31 100 16 153 16 0 
56080 2011 5 12 7184 7203 7157 53 117 7 72 81 58 0 45 32766 28 70 15 127 16 82 
56080 2011 5 13 7173 7191 7154 39 56 18 67 84 72 24 14 32766 34 67 16 113 16 0 
56080 2011 5 14 7185 7207 7162 66 139 -2 66 72 38 0 50 32766 21 64 16 99 1 91 
56080 2011 5 15 7222 7241 7179 82 139 56 58 55 21 0 55 32766 21 89 16 142 16 70 
56080 2011 5 16 7244 7274 7202 82 182 -7 54 61 12 5 64 32766 15 73 16 111 15 108 
56080 2011 5 17 7190 7218 7149 112 217 1 45 42 11 0 86 32766 15 68 16 123 15 121 
56080 2011 5 18 7154 7169 7126 126 236 14 57 46 9 0 78 32766 21 57 1 109 3 89 
56080 2011 5 19 7150 7183 7125 120 193 60 77 58 27 1 42 32766 16 79 16 168 16 43 
56080 2011 5 20 7143 7152 7127 51 111 26 77 89 62 3 12 32766 29 81 16 121 15 0 
56080 2011 5 21 7166 7179 7151 15 35 1 62 91 64 61 9 32766 27 52 4 80 7 0 
56080 2011 5 22 7156 7178 7129 64 158 -22 67 72 30 32700 51 32766 20 59 11 84 11 117 
56080 2011 5 23 7155 7167 7138 65 108 44 75 78 59 16 6 32766 15 51 5 94 7 0 
56080 2011 5 24 7170 7181 7152 67 125 24 72 77 43 11 40 32766 13 43 2 68 3 62 
56080 2011 5 25 7174 7183 7151 78 155 -2 68 70 28 0 50 32766 14 94 15 173 16 96 
56080 2011 5 26 7185 7220 7154 87 179 8 61 64 22 33 57 32766 26 88 16 143 16 95 
56080 2011 5 27 7160 7187 7126 118 222 17 71 57 15 2 78 32766 22 62 5 114 6 102 
56080 2011 5 28 7155 7168 7143 110 161 84 103 79 38 17 28 32766 29 50 16 85 16 4 
56080 2011 5 29 7188 7202 7152 101 156 60 91 76 49 7 43 32766 23 56 9 87 5 30 
56080 2011 5 30 7205 7220 7188 70 121 35 74 75 43 50 28 32766 25 55 4 82 5 52 
56080 2011 5 31 7181 7210 7150 85 170 -1 70 69 26 32700 54 32766 17 64 12 110 5 100 
56080 2011 6 1 7148 7167 7129 86 144 49 83 76 41 6 32766 17 11 51 16 99 16 20 
56080 2011 6 2 7148 7167 7118 111 192 11 70 61 23 0 32766 32 20 55 1 86 1 129 
56080 2011 6 3 7127 7146 7113 119 183 79 91 67 36 8 32766 24 13 51 3 80 4 23 
56080 2011 6 4 7148 7167 7123 117 156 85 96 71 41 31 32766 18 22 44 16 72 4 43 
56080 2011 6 5 7165 7176 7151 103 163 61 87 72 37 6 32766 24 18 74 16 115 1 19 
56080 2011 6 6 7179 7194 7160 115 183 32 75 64 25 3 32766 30 17 49 10 84 15 105 
56080 2011 6 7 7170 7190 7138 123 228 10 61 52 10 0 32766 41 11 53 9 88 10 128 
56080 2011 6 8 7147 7160 7120 87 180 58 75 69 27 48 32766 28 30 64 8 112 4 20 
56080 2011 6 9 7159 7175 7138 99 167 49 80 70 32 75 32766 37 26 58 16 94 15 104 
56080 2011 6 10 7156 7171 7132 114 200 27 74 61 23 9 32766 38 13 62 4 105 7 112 
56080 2011 6 11 7161 7172 7139 106 189 50 94 78 36 182 32766 40 15 88 2 155 1 73 
56080 2011 6 12 7153 7179 7121 117 216 29 88 71 22 0 32766 30 8 62 4 92 4 103 
56080 2011 6 13 7133 7145 7122 138 181 98 109 72 40 0 32766 27 18 46 9 71 8 47 
56080 2011 6 14 7148 7163 7132 143 230 43 84 61 22 0 32766 38 12 55 14 80 14 96 
56080 2011 6 15 7132 7153 7099 150 239 51 85 57 20 0 32766 45 16 64 4 115 4 100 
56080 2011 6 16 7119 7127 7105 130 200 98 113 77 36 72 32766 32 29 55 16 93 16 8 
56080 2011 6 17 7143 7152 7126 133 193 67 92 61 37 0 32766 39 29 57 16 91 16 107 
56080 2011 6 18 7136 7156 7104 144 243 49 99 67 28 0 32766 35 21 53 5 94 4 129 
56080 2011 6 19 7125 7131 7113 131 193 119 134 89 52 7 32766 27 19 42 16 76 4 0 
56080 2011 6 20 7125 7134 7109 139 193 119 139 89 60 1 32766 11 12 46 16 76 16 16 
56080 2011 6 21 7146 7154 7130 132 168 118 137 91 72 13 32766 17 20 51 16 79 16 4 
56080 2011 6 22 7162 7171 7145 96 122 72 104 88 69 101 32766 28 28 58 16 88 15 10 
56080 2011 6 23 7170 7183 7158 117 190 39 95 74 33 11 32766 28 15 59 10 126 1 123 
56080 2011 6 24 7173 7190 7149 125 222 26 84 65 25 1 32766 31 16 54 3 114 3 103 
56080 2011 6 25 7158 7176 7137 119 206 62 97 76 22 3 32766 36 20 57 7 123 3 62 
56080 2011 6 26 7162 7176 7152 112 162 70 98 77 37 145 32766 37 30 63 16 109 3 96 
56080 2011 6 27 7148 7172 7120 128 235 26 92 68 24 0 32766 36 15 41 5 70 6 129 
56080 2011 6 28 7119 7141 7088 157 266 58 94 61 15 0 32766 46 22 58 11 94 10 131 
56080 2011 6 29 7124 7143 7092 134 200 79 115 77 44 0 32766 32 24 54 16 91 16 72 
56080 2011 6 30 7127 7156 7099 127 196 101 132 90 63 31 32766 31 15 57 16 109 16 0 
56080 2011 7 1 7110 7127 7085 141 211 109 141 89 61 4 32766 19 19 53 16 93 16 25 
56080 2011 7 2 7098 7115 7080 155 209 128 158 90 67 146 32766 14 30 67 16 100 15 66 
56080 2011 7 3 7149 7165 7114 133 151 121 146 96 89 78 32766 11 24 54 16 80 16 0 
56080 2011 7 4 7162 7171 7152 134 177 112 144 94 71 44 32766 14 12 60 16 112 16 9 
56080 2011 7 5 7164 7175 7149 116 145 101 125 92 68 42 32766 21 25 54 16 91 15 2 
56080 2011 7 6 7157 7168 7145 117 165 86 106 79 53 34 32766 25 14 50 1 77 16 45 
56080 2011 7 7 7167 7179 7154 114 182 48 101 77 41 6 32766 33 19 65 13 120 14 75 
56080 2011 7 8 7173 7193 7144 117 227 39 101 77 29 90 32766 38 14 76 16 132 1 99 
56080 2011 7 9 7172 7184 7152 100 156 78 105 86 60 91 32766 24 27 58 16 95 16 21 
56080 2011 7 10 7183 7201 7167 97 165 42 82 71 34 32700 32766 19 13 44 10 76 11 66 
56080 2011 7 11 7174 7185 7163 107 180 39 76 65 25 0 32766 30 18 47 5 74 5 51 
56080 2011 7 12 7184 7192 7171 109 154 63 90 70 48 29 32766 20 20 48 16 87 7 42 
56080 2011 7 13 7193 7203 7183 109 145 82 92 72 51 71 32766 20 24 45 16 81 15 29 
56080 2011 7 14 7202 7212 7186 97 187 35 84 73 29 21 32766 24 25 67 6 124 6 74 
56080 2011 7 15 7184 7204 7158 116 205 29 81 64 24 1 32766 39 16 78 3 127 3 123 
56080 2011 7 16 7168 7179 7149 117 202 50 81 62 26 32700 32766 33 20 77 4 127 4 118 
56080 2011 7 17 7159 7173 7135 134 222 40 72 54 22 0 32766 27 19 48 5 83 6 126 
56080 2011 7 18 7155 7169 7132 140 231 43 76 53 23 0 32766 74 17 39 4 73 4 119 
56080 2011 7 19 7141 7157 7114 145 242 48 80 54 20 0 32766 52 14 42 5 76 4 120 
56080 2011 7 20 7138 7144 7122 115 209 59 98 72 35 25 32766 32 25 67 16 128 14 69 
56080 2011 7 21 7141 7157 7121 140 234 53 92 64 27 25 32766 37 15 42 3 72 15 91 
56080 2011 7 22 7142 7154 7125 157 251 64 92 58 23 0 32766 49 15 54 5 84 6 125 
56080 2011 7 23 7146 7158 7124 156 248 69 88 56 29 0 32766 47 14 53 4 110 6 94 
56080 2011 7 24 7172 7182 7139 155 251 99 116 70 26 38 32766 44 13 85 12 137 12 99 
56080 2011 7 25 7172 7202 7152 150 220 94 115 71 39 15 32766 40 17 94 11 142 11 64 
56080 2011 7 26 7173 7191 7148 146 237 90 103 67 27 50 32766 44 13 61 16 102 16 95 
56080 2011 7 27 7153 7174 7124 154 245 78 107 65 24 32700 32766 45 19 69 5 110 4 95 
56080 2011 7 28 7161 7173 7136 102 161 83 101 81 61 222 32766 37 41 72 16 138 16 0 
56080 2011 7 29 7174 7188 7159 125 177 83 100 70 49 32700 32766 19 16 36 16 59 16 41 
56080 2011 7 30 7174 7187 7156 114 174 58 98 74 36 0 32766 26 15 52 16 91 16 46 
56080 2011 7 31 7163 7175 7150 136 191 92 87 59 31 0 32766 31 17 41 2 64 2 41 
56080 2011 8 1 7173 7176 7158 94 174 57 95 81 46 54 32766 26 29 80 16 190 16 75 
56080 2011 8 2 7182 7193 7162 108 177 36 87 71 35 0 32766 36 16 45 3 109 4 64 
56080 2011 8 3 7166 7186 7144 111 176 36 89 69 34 0 32766 31 13 34 3 62 2 62 
56080 2011 8 4 7159 7166 7151 131 191 78 92 65 30 32700 32766 30 10 45 4 75 3 53 
56080 2011 8 5 7173 7183 7158 127 186 81 90 64 36 6 32766 37 18 82 16 141 15 99 
56080 2011 8 6 7177 7192 7153 122 224 30 79 62 23 32700 32766 34 12 50 12 89 12 112 
56080 2011 8 7 7175 7190 7156 139 240 45 72 52 15 0 32766 52 10 91 13 162 13 91 
56080 2011 8 8 7174 7191 7147 140 251 39 76 54 17 0 32766 45 15 44 10 65 10 105 
56080 2011 8 9 7160 7175 7137 151 254 54 80 53 14 0 32766 50 13 60 6 109 6 124 
56080 2011 8 10 7161 7176 7138 156 256 63 89 57 23 0 32766 47 15 50 5 95 7 113 
56080 2011 8 11 7158 7172 7133 155 261 78 104 64 25 8 32766 47 16 85 4 141 3 78 
56080 2011 8 12 7141 7163 7108 163 275 76 118 67 27 1 32766 42 16 51 16 98 15 118 
56080 2011 8 13 7134 7147 7108 178 281 99 135 68 31 28 32766 47 13 49 16 77 16 103 
56080 2011 8 14 7138 7149 7117 195 273 151 144 66 35 0 32766 39 23 63 4 109 4 69 
56080 2011 8 15 7155 7168 7136 171 231 120 140 74 48 417 32766 48 27 58 7 104 6 39 
56080 2011 8 16 7163 7182 7137 137 186 115 126 81 64 17 32766 77 21 44 16 72 1 26 
56080 2011 8 17 7141 7157 7124 135 200 96 124 80 61 22 32766 46 32 78 16 138 16 66 
56080 2011 8 18 7167 7175 7150 103 158 85 106 85 64 231 32766 93 21 54 15 93 16 0 
56080 2011 8 19 7184 7192 7172 122 157 99 114 81 66 72 32766 57 11 38 16 58 16 0 
56080 2011 8 20 7181 7197 7170 127 181 106 116 79 61 47 32766 10 14 39 16 67 16 3 
56080 2011 8 21 7197 7209 7172 129 216 70 102 72 31 21 32766 24 25 57 16 86 16 75 
56080 2011 8 22 7205 7211 7189 94 128 73 96 82 59 143 32766 24 24 57 16 97 16 7 
56080 2011 8 23 7202 7217 7169 102 205 47 82 70 26 1 32766 30 22 48 4 88 4 69 
56080 2011 8 24 7202 7219 7175 104 192 37 75 65 26 32700 32766 39 17 50 10 76 9 117 
56080 2011 8 25 7202 7225 7178 101 179 49 71 61 27 58 32766 44 30 101 15 164 16 92 
56080 2011 8 26 7197 7214 7169 109 208 23 72 61 23 0 32766 39 21 40 10 57 9 121 
56080 2011 8 27 7176 7193 7147 113 217 36 84 67 23 0 32766 40 15 39 2 71 4 86 
56080 2011 8 28 7168 7181 7146 136 238 43 90 62 18 0 32766 35 13 33 9 51 10 125 
56080 2011 8 29 7173 7186 7153 146 259 54 90 61 17 0 32766 38 12 38 6 73 7 118 
56080 2011 8 30 7180 7190 7160 157 265 65 100 62 13 0 32766 42 13 58 4 86 5 117 
56080 2011 8 31 7191 7206 7169 170 245 122 117 63 34 0 32766 42 22 64 5 126 7 104 
56080 2011 9 1 7179 7198 7149 160 233 116 124 70 39 0 32766 26 20 53 5 96 5 77 
56080 2011 9 2 7157 7172 7133 151 214 120 131 78 51 247 32766 33 22 79 16 129 16 62 
56080 2011 9 3 7189 7202 7161 121 137 112 116 82 73 32700 32766 28 27 54 16 80 16 0 
56080 2011 9 4 7188 7207 7171 119 172 100 117 84 65 6 32766 16 22 55 16 96 16 6 
56080 2011 9 5 7170 7198 7149 110 146 91 110 84 71 106 32766 21 27 67 16 105 16 10 
56080 2011 9 6 7162 7179 7154 93 118 74 93 80 63 99 32766 22 14 51 16 80 16 0 
56080 2011 9 7 7169 7180 7147 95 153 56 86 75 38 6 32766 19 17 84 16 149 16 65 
56080 2011 9 8 7171 7182 7159 91 153 56 74 68 24 2 32766 19 24 73 16 212 15 100 
56080 2011 9 9 7189 7198 7170 80 165 27 74 71 38 15 32766 42 18 72 16 150 16 110 
56080 2011 9 10 7190 7216 7155 101 186 54 85 71 29 32700 32766 30 16 52 16 94 1 71 
56080 2011 9 11 7175 7187 7162 107 182 65 87 70 34 57 32766 30 15 57 4 89 5 74 
56080 2011 9 12 7199 7212 7176 98 164 56 92 79 33 4 32766 21 7 63 16 105 15 33 
56080 2011 9 13 7176 7203 7151 109 191 60 76 63 22 45 32766 28 18 52 10 71 10 104 
56080 2011 9 14 7150 7168 7126 115 214 43 75 62 24 0 32766 32 14 45 15 100 14 113 
56080 2011 9 15 7156 7176 7137 105 197 36 87 71 38 0 32766 31 14 37 3 58 2 90 
56080 2011 9 16 7146 7162 7134 98 143 66 97 80 60 24 32766 26 19 80 16 146 16 11 
56080 2011 9 17 7166 7172 7156 46 68 12 74 86 78 192 32766 21 18 42 16 66 16 0 
56080 2011 9 18 7181 7198 7169 44 117 8 68 82 54 71 32766 16 11 30 16 46 16 40 
56080 2011 9 19 7185 7201 7168 54 79 34 77 86 72 65 32766 10 12 26 11 43 16 0 
56080 2011 9 20 7189 7206 7170 83 169 48 84 78 41 32700 32766 11 13 37 15 57 16 86 
56080 2011 9 21 7178 7194 7164 68 113 53 80 81 60 0 32766 23 24 50 1 90 16 3 
56080 2011 9 22 7180 7195 7156 79 144 48 79 75 48 0 32766 14 13 45 16 68 16 41 
56080 2011 9 23 7188 7202 7163 94 160 66 85 74 41 18 32766 26 16 54 4 94 5 70 
56080 2011 9 24 7185 7199 7173 76 101 50 82 78 61 96 32766 17 16 34 16 60 16 0 
56080 2011 9 25 7188 7200 7169 80 128 42 82 77 51 32700 32766 15 19 32 16 50 16 14 
56080 2011 9 26 7169 7192 7138 94 179 52 88 78 38 75 32766 20 9 46 16 70 12 81 
56080 2011 9 27 7151 7169 7131 84 102 70 90 81 69 35 32766 10 26 53 16 87 16 0 
56080 2011 9 28 7206 7222 7169 42 74 15 64 77 61 44 32766 19 22 59 16 94 16 0 
56080 2011 9 29 7213 7227 7193 66 145 14 65 68 30 0 32766 24 13 48 5 81 6 71 
56080 2011 9 30 7220 7235 7190 75 137 26 69 69 38 65 32766 20 10 42 16 70 16 67 
56080 2011 10 1 7213 7222 7201 26 89 11 63 85 54 90 2 32766 9 33 7 62 6 0 
56080 2011 10 2 7226 7241 7208 48 92 20 62 74 47 1 23 32766 10 29 5 52 6 19 
56080 2011 10 3 7209 7228 7184 56 111 26 64 72 42 0 26 32766 14 55 6 98 6 52 
56080 2011 10 4 7200 7214 7177 62 143 17 62 68 23 0 37 32766 21 41 9 71 9 91 
56080 2011 10 5 7209 7228 7182 66 161 5 56 64 15 0 37 32766 10 39 3 96 6 97 
56080 2011 10 6 7206 7222 7182 62 173 -16 55 63 14 0 39 32766 11 27 4 46 10 108 
56080 2011 10 7 7190 7217 7151 68 199 -19 57 63 20 0 41 32766 8 30 9 55 7 105 
56080 2011 10 8 7178 7201 7156 88 170 33 76 69 32 0 38 32766 14 49 16 78 16 77 
56080 2011 10 9 7185 7218 7145 87 167 44 81 75 42 113 45 32766 14 83 15 151 14 44 
56080 2011 10 10 7200 7213 7179 88 148 47 87 78 54 12 19 32766 14 42 4 67 15 30 
56080 2011 10 11 7212 7230 7190 87 159 55 80 74 39 38 33 32766 13 95 13 224 13 74 
56080 2011 10 12 7198 7227 7178 46 125 -5 59 74 37 32700 22 32766 19 52 16 95 16 58 
56080 2011 10 13 7205 7226 7185 32 115 -11 38 56 9 0 43 32766 14 65 15 102 15 102 
56080 2011 10 14 7188 7219 7169 0 91 -67 35 62 26 0 33 32766 22 74 1 124 16 100 
56080 2011 10 15 7218 7234 7196 -7 91 -65 31 60 9 0 14 32766 10 30 1 51 16 86 
56080 2011 10 16 7221 7241 7195 12 116 -70 27 51 7 0 29 32766 13 31 3 62 5 99 
56080 2011 10 17 7212 7234 7180 28 143 -57 33 52 16 0 35 32766 8 45 6 81 7 102 
56080 2011 10 18 7188 7208 7160 42 130 -12 54 66 37 8 24 32766 13 41 6 69 16 65 
56080 2011 10 19 7185 7197 7169 45 82 24 61 73 54 32700 17 32766 22 49 16 80 16 0 
56080 2011 10 20 7174 7193 7151 60 147 15 60 67 25 1 29 32766 17 40 16 65 2 69 
56080 2011 10 21 7154 7184 7116 55 161 -23 59 68 31 0 26 32766 13 30 16 53 1 65 
56080 2011 10 22 7150 7161 7131 30 85 4 64 85 62 113 9 32766 26 59 15 99 15 0 
56080 2011 10 23 7183 7200 7159 45 116 23 59 72 33 2 29 32766 23 50 16 77 16 76 
56080 2011 10 24 7174 7198 7141 65 146 18 56 61 20 0 36 32766 18 35 4 68 4 86 
56080 2011 10 25 7158 7175 7138 33 78 2 57 74 57 0 20 32766 26 72 16 116 16 8 
56080 2011 10 26 7180 7195 7162 32 86 11 55 72 46 32700 21 32766 17 55 16 95 16 37 
56080 2011 10 27 7202 7217 7181 20 59 -12 38 56 24 0 26 32766 20 46 9 70 9 28 
56080 2011 10 28 7197 7217 7173 13 100 -43 39 63 16 32700 23 32766 21 46 15 75 12 92 
56080 2011 10 29 7168 7194 7136 12 136 -65 31 55 11 0 29 32766 8 49 11 85 12 101 
56080 2011 10 30 7132 7155 7095 36 154 -57 35 53 14 0 37 32766 31 74 14 148 15 86 
56080 2011 10 31 7146 7162 7116 36 154 -37 44 62 11 0 40 32766 23 68 14 114 14 96 
56080 2011 11 1 7164 7180 7149 38 76 14 55 69 47 0 16 32766 19 54 16 89 16 0 
56080 2011 11 2 7154 7169 7132 19 67 -6 57 82 56 52 4 32766 9 36 16 52 16 42 
56080 2011 11 3 7151 7168 7135 32 109 -7 53 72 22 1 24 32766 11 45 1 71 16 83 
56080 2011 11 4 7167 7184 7148 32 80 5 54 72 48 8 18 32766 17 50 9 85 8 44 
56080 2011 11 5 7166 7191 7140 39 109 -7 50 65 29 0 33 32766 16 41 9 72 9 85 
56080 2011 11 6 7155 7172 7142 19 51 6 56 80 55 24 3 32766 16 54 16 81 16 0 
56080 2011 11 7 7220 7239 7172 -16 28 -32 43 79 57 40 15 32766 20 54 16 103 16 33 
56080 2011 11 8 7224 7241 7200 -24 58 -77 31 65 19 32700 14 32766 13 46 14 80 11 80 
56080 2011 11 9 7187 7214 7161 -27 79 -94 25 57 14 0 21 32766 10 48 12 77 12 99 
56080 2011 11 10 7140 7170 7111 -10 130 -93 31 59 19 0 21 32766 9 24 9 36 9 94 
56080 2011 11 11 7144 7162 7122 -13 74 -56 40 73 39 0 12 32766 20 46 16 77 16 66 
56080 2011 11 12 7171 7190 7153 -12 25 -31 41 73 55 32700 12 32766 14 48 16 80 1 6 
56080 2011 11 13 7164 7182 7130 -14 107 -81 33 64 22 32700 18 32766 10 65 16 121 16 76 
56080 2011 11 14 7172 7185 7157 -6 59 -41 44 76 47 11 10 32766 13 40 14 98 15 42 
56080 2011 11 15 7166 7186 7133 2 79 -39 44 75 32 72 2 32766 13 67 10 103 10 66 
56080 2011 11 16 7138 7164 7109 -8 42 -53 46 79 64 50 21 32766 12 37 16 64 16 39 
56080 2011 11 17 7134 7160 7100 -5 45 -30 46 78 55 5 13 32766 11 45 16 74 16 33 
56080 2011 11 18 7150 7162 7128 -32 53 -91 29 64 18 0 18 32766 12 84 13 144 13 85 
56080 2011 11 19 7166 7181 7146 -23 73 -82 24 52 14 0 23 32766 21 65 12 119 12 84 
56080 2011 11 20 7181 7202 7156 -16 96 -90 29 58 23 0 18 32766 12 38 4 57 4 87 
56080 2011 11 21 7206 7214 7183 -23 35 -72 30 61 33 0 15 32766 22 62 16 129 1 35 
56080 2011 11 22 7215 7233 7201 -33 74 -96 26 59 14 0 16 32766 11 58 14 95 14 78 
56080 2011 11 23 7207 7229 7180 -15 105 -91 28 57 18 0 16 32766 10 24 1 42 1 75 
56080 2011 11 24 7179 7196 7151 -7 116 -80 32 60 15 0 16 32766 8 26 4 39 5 88 
56080 2011 11 25 7172 7192 7140 2 130 -69 32 57 8 0 25 32766 13 55 12 88 13 89 
56080 2011 11 26 7157 7174 7135 -4 124 -68 28 54 12 0 26 32766 11 47 1 88 1 82 
56080 2011 11 27 7141 7166 7118 -7 114 -75 29 55 14 0 16 32766 9 17 10 30 2 81 
56080 2011 11 28 7119 7151 7082 -9 90 -79 30 57 26 0 12 32766 16 26 1 39 16 71 
56080 2011 11 29 7171 7191 7106 -2 69 -41 34 58 17 0 19 32766 14 39 16 67 16 71 
56080 2011 11 30 7184 7200 7155 -45 61 -98 24 61 12 0 16 32766 18 48 16 84 16 80 
56080 2011 12 1 7198 7219 7175 -41 27 -76 21 53 11 32700 19 32766 26 78 15 143 14 76 
56080 2011 12 2 7129 7178 7096 -50 90 -128 17 47 10 0 15 32766 11 42 16 72 16 80 
56080 2011 12 3 7096 7129 7067 -31 78 -94 22 51 14 0 24 32766 12 76 1 135 16 80 
56080 2011 12 4 7115 7145 7086 -53 9 -108 28 69 38 2 6 32766 7 24 10 43 10 25 
56080 2011 12 5 7123 7136 7096 -35 59 -94 30 65 31 1 11 32766 14 43 16 74 16 57 
56080 2011 12 6 7152 7186 7121 -43 -10 -61 28 64 51 32700 14 32766 26 52 16 94 16 0 
56080 2011 12 7 7193 7205 7175 -64 -19 -84 27 72 50 1 10 32766 16 42 16 62 16 10 
56080 2011 12 8 7188 7206 7164 -69 6 -105 25 70 33 4 12 32766 13 30 16 48 16 70 
56080 2011 12 9 7179 7198 7151 -79 -12 -108 22 66 36 3 11 32766 18 56 1 105 15 74 
56080 2011 12 10 7189 7216 7149 -101 -17 -149 15 59 21 1 9 32766 9 28 9 47 16 70 
56080 2011 12 11 7154 7171 7133 -78 13 -133 14 47 18 0 12 32766 14 48 16 94 16 64 
56080 2011 12 12 7142 7171 7101 -73 57 -154 16 50 10 0 14 32766 15 45 16 77 1 80 
56080 2011 12 13 7143 7163 7117 -78 26 -144 16 52 19 0 15 32766 9 61 1 99 1 77 
56080 2011 12 14 7170 7186 7134 -92 7 -141 15 55 23 0 13 32766 8 37 1 82 16 72 
56080 2011 12 15 7180 7194 7156 -103 8 -175 12 50 12 0 16 32766 10 56 16 83 16 79 
56080 2011 12 16 7160 7193 7119 -97 2 -169 13 50 18 0 8 32766 10 27 16 50 1 57 
56080 2011 12 17 7155 7178 7138 -76 -13 -99 19 56 32 1 13 32766 10 58 16 80 16 47 
56080 2011 12 18 7155 7184 7120 -91 51 -168 15 53 9 0 13 32766 10 76 14 130 14 71 
56080 2011 12 19 7131 7158 7091 -67 54 -153 13 42 12 0 12 32766 15 46 16 78 16 66 
56080 2011 12 20 7136 7162 7098 -60 53 -141 16 45 15 0 16 32766 16 50 16 95 15 75 
56080 2011 12 21 7165 7186 7133 -79 -10 -125 17 54 19 0 19 32766 14 58 4 102 3 71 
56080 2011 12 22 7144 7177 7102 -107 5 -170 16 60 27 0 11 32766 11 40 16 63 1 71 
56080 2011 12 23 7171 7195 7135 -102 -11 -129 15 55 13 32700 10 32766 15 36 1 59 1 70 
56080 2011 12 24 7154 7177 7119 -116 11 -187 11 48 14 0 10 32766 10 40 4 70 4 75 
56080 2011 12 25 7142 7161 7107 -96 30 -171 14 49 18 0 12 32766 9 47 16 75 16 75 
56080 2011 12 26 7129 7147 7091 -51 79 -147 15 41 10 0 18 32766 16 73 16 116 16 68 
56080 2011 12 27 7146 7164 7123 -42 49 -129 13 36 9 0 16 32766 10 41 4 72 5 72 
56080 2011 12 28 7149 7172 7108 -54 57 -119 17 43 25 0 18 32766 10 83 1 141 16 63 
56080 2011 12 29 7152 7173 7124 -47 62 -125 18 46 20 0 15 32766 9 32 2 52 2 61 
56080 2011 12 30 7169 7187 7149 -70 43 -145 16 50 18 0 16 32766 7 40 1 56 2 80 
56080 2011 12 31 7178 7200 7144 -79 56 -172 11 42 11 0 16 32766 13 34 16 65 16 77 
56080 2012 1 1 7159 7181 7130 -85 37 -144 15 50 18 0 14 32766 9 46 16 70 16 67 
56080 2012 1 2 7137 7164 7109 -99 -41 -116 19 67 41 3 10 32766 20 64 16 97 1 26 
56080 2012 1 3 7154 7172 7138 -134 -63 -177 16 71 45 30 8 32766 16 40 16 61 16 69 
