V01000 V04001 V04002 V04003 V10004 V10201 V10202 V12001 V12052 V12053 V13004 V13003 V13007 V13201 V13241 V13242 V11002 V11042 V11212 V11041 V11043 V14032
54823 2009 1 8 10094 10116 10072 7 45 -14 32 50 25 0 12 32766 31 46 7 69 8 0 
54823 2009 1 9 10143 10162 10114 -51 -4 -81 19 45 22 32700 17 32766 26 55 1 100 3 82 
54823 2009 1 10 10080 10148 10027 -18 45 -80 15 29 18 0 18 32766 27 67 11 99 12 82 
54823 2009 1 11 10101 10157 10035 -37 17 -61 16 33 20 0 21 32766 35 70 4 124 3 84 
54823 2009 1 12 10175 10195 10156 -56 10 -96 12 31 15 0 11 32766 19 34 15 54 15 86 
54823 2009 1 13 10128 10170 10091 -20 52 -76 12 24 12 0 21 32766 26 52 11 83 12 76 
54823 2009 1 14 10178 10209 10117 -33 4 -61 17 36 18 0 17 32766 29 60 3 106 3 77 
54823 2009 1 15 10086 10179 10040 -2 52 -78 18 29 24 0 16 32766 34 59 10 103 11 81 
54823 2009 1 16 10055 10078 10034 8 58 -30 30 48 29 0 12 32766 21 33 9 60 9 59 
54823 2009 1 17 10007 10056 9968 30 88 -26 31 43 23 0 18 32766 25 46 11 81 11 57 
54823 2009 1 18 10012 10034 9974 27 77 -16 28 39 23 0 30 32766 31 55 15 100 15 73 
54823 2009 1 19 10014 10037 9984 44 93 -5 19 24 14 0 38 32766 32 58 9 95 9 35 
54823 2009 1 20 10005 10023 9986 49 78 27 42 49 22 0 28 32766 29 62 9 119 9 0 
54823 2009 1 21 9966 10026 9917 82 138 8 32 32 16 0 46 32766 41 77 9 145 10 84 
54823 2009 1 22 9994 10107 9876 8 121 -62 21 29 10 0 46 32766 44 88 4 141 3 50 
54823 2009 1 23 10153 10180 10106 -93 -60 -119 4 14 11 0 20 32766 44 64 15 113 16 80 
54823 2009 1 24 10065 10147 10026 -57 5 -102 6 14 11 0 18 32766 25 67 13 108 14 91 
54823 2009 1 25 10013 10034 9996 -21 37 -67 9 17 11 0 26 32766 23 56 15 93 14 89 
54823 2009 1 26 10041 10063 10019 -11 70 -66 9 18 9 0 23 32766 32 49 11 77 11 86 
54823 2009 1 27 9995 10035 9952 57 110 -16 16 17 13 0 46 32766 56 109 9 196 9 86 
54823 2009 1 28 9973 9988 9959 96 133 70 26 22 15 0 73 32766 59 116 9 179 10 74 
54823 2009 1 29 10009 10021 9989 59 117 17 37 41 21 0 33 32766 26 33 1 55 16 70 
54823 2009 1 30 10031 10047 10018 3 57 -21 53 84 48 0 11 32766 20 37 16 64 1 47 
54823 2009 1 31 10047 10064 10031 6 32 -17 56 87 77 0 4 32766 13 29 6 40 6 0 
54823 2009 2 1 10057 10080 10036 27 70 -2 57 78 60 0 9 32766 12 31 16 47 15 0 
54823 2009 2 2 10040 10050 10030 31 62 10 57 75 64 0 33 32766 29 62 5 97 5 0 
54823 2009 2 3 10042 10066 10022 18 62 -15 45 65 48 0 18 32766 18 53 5 85 5 12 
54823 2009 2 4 9992 10024 9963 61 99 17 67 72 57 0 24 32766 20 61 11 105 8 64 
54823 2009 2 5 10034 10056 9992 60 102 27 73 78 62 0 14 32766 17 33 5 50 16 0 
54823 2009 2 6 10032 10057 10004 78 114 41 77 73 61 0 14 32766 27 43 9 67 10 0 
54823 2009 2 7 10039 10062 10007 77 100 60 80 76 66 2 4 32766 18 37 5 57 4 0 
54823 2009 2 8 10044 10076 10016 40 73 30 71 87 72 53 2 32766 10 27 7 39 4 0 
54823 2009 2 9 9991 10016 9975 60 104 38 74 81 57 11 16 32766 22 39 11 61 11 47 
54823 2009 2 10 9914 9978 9881 119 170 60 55 40 30 0 49 32766 38 69 11 107 10 91 
54823 2009 2 11 9887 9921 9842 131 211 64 70 48 20 0 49 32766 31 73 8 105 8 87 
54823 2009 2 12 9770 9844 9718 143 179 96 104 65 54 32700 37 32766 35 108 8 139 8 0 
54823 2009 2 13 9857 9924 9737 39 96 12 68 85 63 37 12 32766 37 94 5 141 5 36 
54823 2009 2 14 9939 9970 9910 91 152 24 67 60 31 0 41 32766 32 69 10 121 10 60 
54823 2009 2 15 10043 10083 9942 19 110 -8 35 50 20 0 32 32766 35 88 4 133 4 68 
54823 2009 2 16 10092 10118 10055 25 65 -5 30 42 32 0 23 32766 29 54 5 83 9 0 
54823 2009 2 17 10097 10129 10065 31 65 7 40 52 40 0 18 32766 21 53 11 83 11 9 
54823 2009 2 18 10045 10072 10025 42 62 32 50 61 50 0 12 32766 19 41 8 70 9 0 
54823 2009 2 19 10006 10047 9975 16 39 6 64 93 67 32 5 32766 17 35 3 55 3 0 
54823 2009 2 20 10036 10072 9990 5 47 -24 23 37 17 0 26 32766 31 66 14 104 13 93 
54823 2009 2 21 9912 10006 9864 77 130 -4 39 35 23 0 49 32766 48 120 9 179 8 78 
54823 2009 2 22 9970 9993 9893 38 99 6 42 52 33 0 35 32766 45 95 5 164 5 79 
54823 2009 2 23 9964 10009 9927 47 105 -12 29 36 18 0 28 32766 16 36 5 54 7 47 
54823 2009 2 24 9968 10008 9936 41 78 22 52 64 33 32700 19 32766 27 66 5 100 5 0 
54823 2009 2 25 10064 10095 10005 13 52 -18 29 45 21 32700 27 32766 40 70 5 115 4 58 
54823 2009 2 26 10064 10090 10041 20 63 -14 23 35 17 0 21 32766 12 31 3 50 3 14 
54823 2009 2 27 10047 10063 10032 35 98 -16 47 61 29 0 27 32766 18 30 15 48 15 76 
54823 2009 2 28 10069 10079 10042 46 110 -2 57 70 32 0 21 32766 19 31 15 46 16 81 
54823 2009 3 1 10117 10138 10074 30 65 14 49 64 33 0 20 32766 38 76 5 118 6 40 
54823 2009 3 2 10098 10140 10069 18 57 -16 25 36 19 0 22 32766 19 54 5 79 5 0 
54823 2009 3 3 10023 10081 9987 33 99 -20 42 55 33 0 30 32766 26 62 11 103 12 95 
54823 2009 3 4 9976 10001 9961 53 84 27 48 54 40 0 28 32766 27 53 8 96 11 37 
54823 2009 3 5 9967 9993 9945 57 113 21 54 62 24 11 26 32766 27 65 15 91 16 46 
54823 2009 3 6 10058 10090 9990 47 88 8 21 24 13 0 46 32766 27 61 3 90 3 98 
54823 2009 3 7 9985 10050 9929 87 149 28 26 23 13 0 64 32766 36 86 9 147 8 92 
54823 2009 3 8 9946 9961 9933 111 176 74 47 37 19 0 60 32766 27 97 9 139 9 97 
54823 2009 3 9 9987 10008 9953 89 148 57 49 42 21 0 51 32766 49 96 5 137 5 78 
54823 2009 3 10 10024 10036 10007 60 87 34 30 32 18 32700 23 32766 13 64 5 88 5 0 
54823 2009 3 11 10026 10049 9997 89 140 49 52 46 32 0 34 32766 12 30 3 45 16 73 
54823 2009 3 12 10004 10018 9984 79 103 65 59 56 35 32700 16 32766 16 61 8 87 5 0 
54823 2009 3 13 10068 10099 10013 31 66 10 21 27 12 0 43 32766 33 69 2 110 3 86 
54823 2009 3 14 10005 10065 9943 68 130 -2 22 22 13 0 57 32766 36 78 11 140 10 104 
54823 2009 3 15 9900 9949 9874 149 217 101 48 30 11 0 89 32766 50 85 10 138 11 86 
54823 2009 3 16 9908 9937 9874 164 234 93 45 25 12 0 90 32766 44 78 11 123 8 88 
54823 2009 3 17 9833 9883 9796 208 261 170 71 29 20 0 126 32766 70 87 9 142 10 99 
54823 2009 3 18 9832 9846 9815 236 302 186 102 37 14 0 130 32766 49 91 9 137 9 99 
54823 2009 3 19 9942 9988 9838 131 242 71 84 52 34 0 79 32766 60 90 5 144 5 82 
54823 2009 3 20 9955 9997 9911 133 215 56 40 27 15 0 61 32766 14 41 5 55 5 94 
54823 2009 3 21 9847 9914 9807 118 164 86 94 70 15 40 19 32766 13 40 9 58 13 0 
54823 2009 3 22 9964 10002 9843 96 129 67 53 45 28 0 65 32766 40 70 5 115 3 101 
54823 2009 3 23 10001 10023 9969 98 163 48 42 36 22 0 54 32766 27 45 12 69 9 96 
54823 2009 3 24 10005 10050 9946 33 100 10 57 76 36 52 13 32766 38 74 8 115 9 4 
54823 2009 3 25 9994 10055 9935 63 129 -5 48 53 30 0 46 32766 34 73 11 112 11 102 
54823 2009 3 26 9982 10001 9944 109 156 58 43 35 13 0 68 32766 38 78 5 111 5 100 
54823 2009 3 27 10029 10045 9998 117 166 58 34 24 18 0 59 32766 24 49 7 69 8 55 
54823 2009 3 28 10008 10039 9982 111 175 81 53 41 25 0 58 32766 41 74 11 113 12 76 
54823 2009 3 29 10018 10033 9997 85 140 30 55 51 35 32700 36 32766 20 60 5 85 5 33 
54823 2009 3 30 10050 10065 10019 36 95 31 72 91 56 119 5 32766 29 57 5 95 5 11 
54823 2009 3 31 10081 10096 10056 49 108 17 51 61 28 0 31 32766 19 49 16 79 16 54 
54823 2009 4 1 10097 10119 10072 60 128 8 45 52 20 0 32766 24 21 54 15 79 15 110 
54823 2009 4 2 10041 10082 10006 96 155 40 40 34 23 0 32766 35 42 55 11 78 13 68 
54823 2009 4 3 9985 10017 9962 104 150 77 59 46 35 0 32766 23 23 53 11 89 9 52 
54823 2009 4 4 9994 10011 9976 129 204 69 72 51 24 0 32766 18 17 32 9 45 15 90 
54823 2009 4 5 10005 10023 9980 136 202 88 82 54 28 32700 32766 20 25 74 15 107 13 91 
54823 2009 4 6 9958 9991 9929 184 246 132 62 32 9 0 32766 60 26 47 15 69 15 102 
54823 2009 4 7 9943 9958 9931 207 250 171 86 36 19 0 32766 44 44 75 9 125 11 97 
54823 2009 4 8 9986 10007 9944 212 279 162 71 30 13 0 32766 50 29 60 9 89 9 97 
54823 2009 4 9 10000 10019 9973 214 262 152 57 24 10 0 32766 57 50 93 11 130 10 110 
54823 2009 4 10 9962 9989 9938 216 271 157 53 21 11 0 32766 68 57 72 11 127 8 93 
54823 2009 4 11 9938 9951 9916 198 244 137 90 40 19 9 32766 32 30 100 8 129 8 15 
54823 2009 4 12 9917 9949 9884 196 259 129 119 54 34 0 32766 38 14 34 7 48 9 79 
54823 2009 4 13 9864 9889 9848 210 263 175 141 57 40 0 32766 42 31 72 5 121 5 39 
54823 2009 4 14 9876 9911 9833 178 233 137 130 64 43 2 32766 22 30 67 9 102 9 19 
54823 2009 4 15 9906 9957 9801 98 226 48 89 69 51 32700 32766 75 64 135 5 205 5 13 
54823 2009 4 16 9936 9967 9903 110 191 32 36 28 15 0 32766 24 14 40 5 60 6 107 
54823 2009 4 17 9915 9941 9883 183 261 108 44 23 8 0 32766 51 37 87 9 117 9 108 
54823 2009 4 18 9888 9905 9866 228 302 174 113 41 20 32700 32766 55 37 116 9 154 9 93 
54823 2009 4 19 9858 9888 9837 164 232 113 161 87 53 547 32766 24 24 48 2 70 2 0 
54823 2009 4 20 9848 9860 9828 124 189 78 106 77 35 12 32766 27 32 62 15 93 15 60 
54823 2009 4 21 9897 9909 9854 150 209 88 72 44 24 0 32766 28 31 54 15 84 16 119 
54823 2009 4 22 9939 9960 9908 175 237 107 81 42 26 0 32766 26 19 38 4 55 2 92 
54823 2009 4 23 9933 9965 9893 169 209 136 74 39 27 1 32766 34 43 90 8 133 8 42 
54823 2009 4 24 9923 9955 9886 152 178 141 101 59 43 0 32766 38 32 94 9 132 9 36 
54823 2009 4 25 9994 10010 9953 152 203 99 48 29 17 0 32766 58 43 73 15 119 16 114 
54823 2009 4 26 10001 10026 9968 144 205 77 51 33 14 0 32766 37 22 58 5 89 5 119 
54823 2009 4 27 9954 9979 9928 183 244 119 76 36 26 0 32766 40 34 67 10 106 11 108 
54823 2009 4 28 9940 9951 9916 210 264 173 118 49 28 0 32766 28 25 55 9 80 8 90 
54823 2009 4 29 9955 9978 9930 209 280 138 121 53 24 0 32766 44 25 65 12 98 13 74 
54823 2009 4 30 9944 9958 9922 232 278 188 124 44 30 0 32766 53 39 68 9 121 10 109 
54823 2009 5 1 9936 9952 9921 214 231 192 163 64 45 9 32766 28 41 86 10 143 11 16 
54823 2009 5 2 9976 9991 9951 214 285 156 128 55 10 0 32766 35 15 41 15 63 14 119 
54823 2009 5 3 9962 9981 9937 239 290 194 81 28 20 0 32766 67 42 71 11 105 11 117 
54823 2009 5 4 9946 9962 9924 238 282 205 83 29 12 0 32766 80 70 86 9 153 9 122 
54823 2009 5 5 9950 9964 9934 244 296 206 57 19 11 0 32766 99 48 88 9 147 8 116 
54823 2009 5 6 9939 9963 9909 237 290 196 87 30 18 0 32766 80 49 68 11 105 11 120 
54823 2009 5 7 9892 9915 9866 257 314 214 80 25 18 0 32766 85 45 80 9 139 10 105 
54823 2009 5 8 9861 9885 9828 276 323 229 124 34 23 0 32766 81 54 76 11 125 10 119 
54823 2009 5 9 9829 9846 9816 249 295 175 163 55 28 448 32766 42 57 104 10 172 10 0 
54823 2009 5 10 9878 9894 9838 111 175 102 125 95 93 801 32766 16 43 69 6 109 4 0 
54823 2009 5 11 9894 9905 9877 150 202 104 143 85 67 4 32766 18 21 43 5 66 4 27 
54823 2009 5 12 9941 9959 9905 191 250 140 136 62 32 1 32766 37 24 71 5 100 5 116 
54823 2009 5 13 9962 9986 9936 217 286 146 131 51 28 0 32766 41 17 35 14 52 13 104 
54823 2009 5 14 9948 9958 9936 186 226 147 125 60 32 18 32766 11 14 64 11 88 10 0 
54823 2009 5 15 9926 9959 9909 143 156 132 128 79 64 15 32766 13 15 53 9 76 7 0 
54823 2009 5 16 9895 9919 9866 166 214 130 141 76 52 32700 32766 20 18 29 15 42 16 44 
54823 2009 5 17 9926 9956 9896 202 254 146 97 44 13 0 32766 44 23 46 12 70 3 119 
54823 2009 5 18 9887 9930 9857 245 302 190 100 33 22 0 32766 59 36 58 11 92 13 123 
54823 2009 5 19 9865 9876 9850 271 327 218 109 32 14 0 32766 76 39 62 10 100 11 111 
54823 2009 5 20 9867 9873 9850 233 274 196 150 53 39 32700 32766 46 40 87 8 126 8 17 
54823 2009 5 21 9887 9909 9868 201 262 144 136 58 40 0 32766 22 19 74 8 105 8 64 
54823 2009 5 22 9933 9949 9894 163 231 148 159 85 56 232 32766 19 27 58 9 89 10 0 
54823 2009 5 23 9935 9956 9908 215 290 112 112 48 19 0 32766 40 23 54 12 84 12 127 
54823 2009 5 24 9919 9930 9907 245 290 206 88 29 16 0 32766 57 41 59 12 91 11 113 
54823 2009 5 25 9936 9947 9912 243 276 217 121 40 21 0 32766 73 39 82 9 138 8 71 
54823 2009 5 26 9958 9979 9935 225 283 164 148 55 35 0 32766 69 15 41 11 67 12 105 
54823 2009 5 27 9939 9948 9919 243 288 200 153 52 30 0 32766 35 24 40 6 57 11 37 
54823 2009 5 28 9962 9973 9942 226 275 200 161 59 40 0 32766 30 24 40 15 59 16 0 
54823 2009 5 29 9941 9972 9912 243 300 196 145 50 25 0 32766 38 17 55 12 83 12 54 
54823 2009 5 30 9900 9935 9864 246 293 197 72 24 13 0 32766 60 31 59 15 88 15 115 
54823 2009 5 31 9849 9879 9824 253 311 215 87 27 17 0 32766 68 24 47 15 71 15 123 
54823 2009 6 1 9788 9832 9751 298 352 223 88 21 13 0 32766 83 45 71 10 118 11 125 
54823 2009 6 2 9783 9798 9757 268 307 243 146 42 23 0 32766 69 37 88 9 144 11 124 
54823 2009 6 3 9813 9824 9797 256 315 203 104 32 18 0 32766 60 20 49 5 63 5 116 
54823 2009 6 4 9800 9822 9778 284 337 223 118 31 21 0 32766 63 19 44 14 70 9 122 
54823 2009 6 5 9791 9802 9779 280 333 250 136 38 17 0 32766 73 35 66 5 93 4 112 
54823 2009 6 6 9837 9863 9803 217 284 194 173 68 33 9 32766 21 26 68 16 99 16 29 
54823 2009 6 7 9851 9866 9824 247 323 173 164 55 30 0 32766 43 18 34 8 46 8 121 
54823 2009 6 8 9856 9875 9833 227 273 191 197 72 42 102 32766 9 46 92 8 132 10 6 
54823 2009 6 9 9842 9855 9827 223 279 187 197 74 39 13 32766 27 25 51 15 80 15 69 
54823 2009 6 10 9844 9854 9834 250 307 201 113 39 14 0 32766 46 24 67 16 104 1 129 
54823 2009 6 11 9804 9845 9768 298 357 225 92 22 14 0 32766 86 33 67 10 120 11 111 
54823 2009 6 12 9809 9828 9776 271 317 220 109 32 15 0 32766 84 24 65 5 101 5 100 
54823 2009 6 13 9851 9865 9828 273 340 204 104 29 18 0 32766 98 23 58 5 83 5 129 
54823 2009 6 14 9865 9891 9841 273 327 211 141 40 26 11 32766 39 18 66 8 97 5 46 
54823 2009 6 15 9872 9889 9848 285 341 215 149 39 25 5 32766 54 23 65 8 94 7 93 
54823 2009 6 16 9871 9891 9838 298 352 248 175 44 30 0 32766 70 29 53 9 83 10 89 
54823 2009 6 17 9869 9921 9852 247 311 194 222 73 32 404 32766 17 24 78 1 156 15 73 
54823 2009 6 18 9846 9870 9812 285 330 240 228 60 33 0 32766 53 32 75 8 100 8 84 
54823 2009 6 19 9793 9826 9775 271 292 235 257 72 56 94 32766 6 49 78 8 116 9 0 
54823 2009 6 20 9812 9831 9790 277 341 205 170 51 18 32700 32766 40 19 59 5 85 5 113 
54823 2009 6 21 9776 9802 9752 298 347 261 193 47 27 0 32766 66 37 63 8 91 10 93 
54823 2009 6 22 9827 9838 9761 271 316 219 127 36 22 0 32766 85 36 74 3 138 3 127 
54823 2009 6 23 9813 9839 9787 296 353 210 110 27 17 0 32766 77 37 60 10 93 9 131 
54823 2009 6 24 9806 9822 9785 322 384 267 138 30 11 0 32766 60 32 59 9 84 8 124 
54823 2009 6 25 9799 9805 9785 350 412 305 165 30 12 0 32766 65 55 84 9 125 8 125 
54823 2009 6 26 9818 9835 9795 335 376 303 146 29 14 0 32766 114 57 83 10 129 10 106 
54823 2009 6 27 9811 9828 9778 302 371 250 227 55 20 2 32766 75 32 96 9 136 13 92 
54823 2009 6 28 9797 9832 9789 292 317 220 238 59 50 12 32766 51 26 84 6 125 5 39 
54823 2009 6 29 9792 9799 9783 315 386 267 156 38 9 0 32766 74 32 48 15 76 15 123 
54823 2009 6 30 9807 9824 9788 306 357 279 159 37 19 0 32766 95 32 78 11 110 9 126 
54823 2009 7 1 9843 9854 9824 286 343 226 126 33 20 0 32766 75 34 53 16 92 1 132 
54823 2009 7 2 9850 9861 9835 291 353 221 142 36 24 0 32766 94 23 56 5 80 5 127 
54823 2009 7 3 9835 9856 9814 310 379 231 134 31 16 0 32766 68 23 37 7 54 14 115 
54823 2009 7 4 9841 9851 9822 323 381 276 156 33 21 0 32766 98 41 73 9 115 9 105 
54823 2009 7 5 9859 9872 9845 305 347 266 201 47 32 0 32766 73 45 64 9 111 8 61 
54823 2009 7 6 9854 9872 9835 253 312 222 265 83 42 301 32766 34 23 90 9 135 9 13 
54823 2009 7 7 9851 9865 9835 274 319 238 269 75 55 0 32766 30 20 40 5 62 4 74 
54823 2009 7 8 9807 9853 9758 250 305 219 259 83 57 398 32766 29 26 59 9 76 9 0 
54823 2009 7 9 9818 9838 9769 232 291 194 229 82 52 155 32766 34 31 69 3 109 3 80 
54823 2009 7 10 9852 9864 9836 254 290 216 247 76 62 0 32766 18 12 35 11 49 12 26 
54823 2009 7 11 9842 9858 9825 223 254 202 221 82 68 53 32766 27 22 72 6 116 6 0 
54823 2009 7 12 9839 9852 9824 257 331 193 228 72 42 0 32766 20 23 46 10 66 10 102 
54823 2009 7 13 9829 9853 9806 238 286 205 239 82 52 227 32766 24 24 80 9 120 9 0 
54823 2009 7 14 9822 9832 9806 240 312 195 230 80 46 32 32766 15 18 37 15 55 15 89 
54823 2009 7 15 9849 9861 9828 288 346 216 231 59 34 0 32766 37 18 35 8 54 8 111 
54823 2009 7 16 9827 9850 9801 275 310 239 260 71 54 32700 32766 26 25 44 7 59 8 14 
54823 2009 7 17 9778 9813 9765 302 336 279 317 74 60 4 32766 39 52 86 9 155 9 45 
54823 2009 7 18 9823 9841 9778 231 279 212 247 88 70 13 32766 9 24 52 15 75 13 15 
54823 2009 7 19 9845 9858 9830 270 330 206 237 69 42 0 32766 35 26 49 8 67 9 107 
54823 2009 7 20 9824 9841 9807 284 307 239 313 81 67 128 32766 28 29 58 10 99 10 0 
54823 2009 7 21 9829 9841 9818 277 317 245 293 80 60 135 32766 19 13 47 8 70 12 6 
54823 2009 7 22 9816 9835 9795 295 340 251 279 69 43 0 32766 26 24 49 9 89 9 100 
54823 2009 7 23 9800 9818 9782 276 315 241 237 65 48 0 32766 53 27 59 9 85 10 102 
54823 2009 7 24 9826 9859 9773 243 289 207 215 71 54 15 32766 37 28 105 1 193 2 71 
54823 2009 7 25 9862 9869 9838 231 280 198 219 79 54 25 32766 33 25 61 16 98 16 78 
54823 2009 7 26 9866 9880 9846 241 286 202 223 75 52 0 32766 40 20 43 5 64 4 58 
54823 2009 7 27 9846 9863 9830 234 291 213 233 82 57 236 32766 22 27 49 9 83 8 7 
54823 2009 7 28 9836 9841 9830 246 298 210 239 78 58 0 32766 17 13 51 8 76 8 36 
54823 2009 7 29 9863 9874 9836 264 313 219 250 74 51 0 32766 35 14 32 8 52 12 18 
54823 2009 7 30 9874 9883 9862 268 301 243 249 71 58 0 32766 36 14 41 4 72 4 22 
54823 2009 7 31 9884 9899 9870 265 306 224 233 68 55 0 32766 39 21 37 8 64 7 43 
54823 2009 8 1 9863 9883 9841 265 317 228 253 75 48 32700 32766 40 16 40 4 58 2 71 
54823 2009 8 2 9850 9860 9839 246 279 232 257 83 61 55 32766 24 17 68 8 87 8 27 
54823 2009 8 3 9866 9877 9851 242 289 218 258 86 68 85 32766 16 10 40 3 72 4 0 
54823 2009 8 4 9873 9884 9863 259 295 225 242 73 55 0 32766 42 21 44 7 65 2 28 
54823 2009 8 5 9871 9881 9863 243 286 229 252 83 60 26 32766 5 16 37 7 60 7 13 
54823 2009 8 6 9881 9891 9872 245 290 211 264 86 65 14 32766 8 11 28 16 50 2 22 
54823 2009 8 7 9890 9901 9872 262 310 222 250 75 55 0 32766 32 21 53 5 74 5 73 
54823 2009 8 8 9875 9890 9858 266 312 229 263 76 59 0 32766 33 20 52 5 75 5 73 
54823 2009 8 9 9862 9875 9843 272 319 232 272 76 55 32700 32766 14 13 53 6 69 7 41 
54823 2009 8 10 9861 9873 9848 271 320 239 277 78 55 0 32766 5 23 49 1 76 5 9 
54823 2009 8 11 9859 9873 9846 277 318 238 261 72 47 0 32766 38 20 51 5 78 2 101 
54823 2009 8 12 9846 9855 9833 284 363 223 229 63 24 0 32766 24 17 34 14 50 13 109 
54823 2009 8 13 9856 9866 9843 308 365 230 186 42 30 0 32766 58 25 45 12 65 12 112 
54823 2009 8 14 9867 9877 9854 300 352 258 241 58 34 0 32766 89 22 50 8 77 9 93 
54823 2009 8 15 9885 9894 9867 287 338 256 265 68 47 62 32766 22 13 52 10 109 7 44 
54823 2009 8 16 9903 9919 9888 282 328 258 274 73 54 6 32766 44 26 50 9 72 8 21 
54823 2009 8 17 9899 9919 9876 235 277 212 244 85 53 413 32766 3 23 68 7 98 7 0 
54823 2009 8 18 9882 9905 9865 245 297 204 267 87 69 97 32766 11 24 48 5 83 15 13 
54823 2009 8 19 9860 9879 9845 264 285 248 288 84 68 1 32766 7 26 52 11 90 11 6 
54823 2009 8 20 9883 9894 9858 254 297 228 233 73 40 32700 32766 22 23 43 5 59 5 55 
54823 2009 8 21 9888 9900 9874 256 309 228 206 63 42 0 32766 48 31 78 4 112 4 40 
54823 2009 8 22 9909 9921 9893 191 244 174 194 88 58 83 32766 2 34 62 5 94 5 0 
54823 2009 8 23 9926 9941 9914 217 266 187 226 87 66 3 32766 23 9 27 3 36 3 23 
54823 2009 8 24 9929 9943 9912 237 267 204 242 83 68 32700 32766 8 18 40 9 52 8 0 
54823 2009 8 25 9889 9921 9867 259 307 224 249 76 55 32700 32766 20 22 42 11 60 11 44 
54823 2009 8 26 9847 9872 9833 237 271 213 260 89 71 384 32766 16 32 64 9 105 9 0 
54823 2009 8 27 9861 9877 9845 247 327 187 234 77 42 0 32766 53 16 49 3 84 2 110 
54823 2009 8 28 9921 9947 9872 244 294 211 214 70 53 0 32766 32 45 76 5 108 4 52 
54823 2009 8 29 9983 10001 9947 179 211 153 132 66 36 52 32766 12 20 71 5 109 5 0 
54823 2009 8 30 9971 9994 9945 194 268 128 150 70 37 0 32766 42 15 34 12 51 12 111 
54823 2009 8 31 9954 9971 9940 215 278 154 150 60 37 0 32766 65 31 38 13 62 6 108 
54823 2009 9 1 9951 9969 9934 231 292 177 166 60 40 0 32766 50 19 42 7 62 7 89 
54823 2009 9 2 9944 9957 9923 234 284 192 211 74 56 32700 32766 38 14 26 6 37 6 22 
54823 2009 9 3 9931 9943 9913 230 273 222 244 87 66 17 32766 10 23 55 8 73 8 18 
54823 2009 9 4 9892 9922 9868 256 296 223 237 73 60 32700 32766 30 32 54 8 84 8 27 
54823 2009 9 5 9871 9881 9858 260 304 246 251 75 53 32700 32766 17 25 63 8 96 9 0 
54823 2009 9 6 9897 9915 9872 220 246 192 210 78 65 32700 32766 36 31 74 5 110 5 0 
54823 2009 9 7 9942 9957 9915 147 192 136 151 91 65 56 32766 21 36 61 5 92 5 0 
54823 2009 9 8 9961 9975 9949 155 173 141 134 76 52 32700 32766 7 17 44 5 64 5 0 
54823 2009 9 9 9954 9973 9936 188 260 123 131 64 30 0 32766 24 16 28 16 45 16 108 
54823 2009 9 10 9931 9945 9920 184 226 142 150 71 54 32700 32766 29 15 31 7 41 7 11 
54823 2009 9 11 9908 9933 9893 185 224 167 171 81 62 25 32766 8 14 36 11 61 8 22 
54823 2009 9 12 9949 9966 9906 200 266 148 142 63 30 0 32766 29 15 42 2 71 16 85 
54823 2009 9 13 9955 9972 9937 208 278 135 133 56 32 32700 32766 22 30 56 12 81 12 86 
54823 2009 9 14 9930 9951 9915 188 238 159 166 77 55 30 32766 14 31 55 9 85 10 38 
54823 2009 9 15 9934 9943 9919 212 275 145 182 74 50 0 32766 32 15 34 15 60 15 95 
54823 2009 9 16 9930 9948 9917 227 279 184 169 62 33 0 32766 36 30 59 12 86 11 70 
54823 2009 9 17 9924 9930 9908 229 272 200 187 67 48 0 32766 30 27 45 9 72 11 54 
54823 2009 9 18 9949 9965 9929 225 285 182 190 71 43 0 32766 23 21 33 5 52 6 72 
54823 2009 9 19 9941 9959 9919 214 231 183 169 67 55 32700 32766 12 10 40 6 50 6 0 
54823 2009 9 20 9951 9978 9923 153 212 108 165 93 70 162 32766 14 18 65 1 97 1 0 
54823 2009 9 21 9961 9971 9949 168 248 100 109 63 23 32700 32766 23 22 36 13 57 13 110 
54823 2009 9 22 9953 9970 9933 204 264 131 92 41 24 0 32766 47 32 50 9 71 9 103 
54823 2009 9 23 9944 9955 9931 230 291 188 120 44 28 0 32766 35 34 58 9 107 9 99 
54823 2009 9 24 9960 9980 9948 227 254 190 184 67 54 32700 32766 23 29 42 7 62 8 0 
54823 2009 9 25 9964 9975 9950 234 290 178 184 66 38 0 32766 20 17 38 7 56 5 82 
54823 2009 9 26 9964 9981 9947 231 275 201 189 67 51 0 32766 5 19 37 7 56 8 38 
54823 2009 9 27 9954 9964 9940 220 266 190 195 75 54 0 32766 10 13 27 7 34 7 0 
54823 2009 9 28 9976 9990 9960 217 269 179 195 76 55 0 32766 27 18 30 15 44 16 0 
54823 2009 9 29 9992 10011 9975 228 278 178 186 68 48 0 32766 26 20 29 14 45 15 36 
54823 2009 9 30 9985 10008 9962 238 281 201 168 58 39 0 32766 25 20 45 11 66 12 60 
54823 2009 10 1 9951 9973 9935 226 266 199 142 52 37 0 32766 42 30 54 9 99 9 69 
54823 2009 10 2 9955 9978 9938 205 270 156 128 56 18 0 32766 32 19 39 15 68 16 100 
54823 2009 10 3 9937 9952 9921 210 258 182 112 46 31 0 32766 31 22 36 5 60 11 66 
54823 2009 10 4 9965 9984 9930 195 251 151 114 52 28 0 32766 40 24 42 4 69 2 94 
54823 2009 10 5 9962 9986 9942 193 273 126 86 43 13 0 32766 20 23 31 15 47 15 96 
54823 2009 10 6 9982 10000 9957 208 278 151 109 46 21 0 32766 40 34 63 5 88 6 76 
54823 2009 10 7 9993 10011 9974 189 223 171 135 62 39 0 32766 30 34 61 5 90 5 0 
54823 2009 10 8 9963 9982 9949 156 186 145 123 70 43 32700 32766 28 14 40 5 59 5 0 
54823 2009 10 9 9984 10000 9959 166 211 120 104 57 38 0 32766 23 26 57 5 85 5 76 
54823 2009 10 10 10027 10043 10000 173 218 131 89 47 25 0 32766 36 24 52 5 74 5 71 
54823 2009 10 11 10032 10048 10016 172 218 138 94 49 30 0 32766 20 14 29 5 40 5 22 
54823 2009 10 12 10002 10031 9979 168 197 151 117 62 49 0 32766 25 20 45 10 75 9 0 
54823 2009 10 13 10001 10015 9982 162 211 129 93 54 20 0 32766 38 25 54 15 87 1 69 
54823 2009 10 14 10011 10035 9988 176 246 101 58 32 15 0 32766 35 22 49 13 77 14 93 
54823 2009 10 15 9972 9999 9943 200 252 162 67 29 22 0 32766 34 37 58 11 88 10 86 
54823 2009 10 16 9900 9950 9865 198 239 174 67 29 14 0 32766 49 54 96 15 136 15 61 
54823 2009 10 17 9914 9938 9887 161 224 86 45 26 14 0 32766 55 20 48 13 79 13 98 
54823 2009 10 18 9872 9899 9824 202 257 165 48 21 12 0 32766 40 40 82 16 129 15 41 
54823 2009 10 19 9953 9971 9891 128 180 78 28 20 13 0 32766 54 33 56 1 102 16 90 
54823 2009 10 20 9941 9966 9922 185 252 110 57 27 18 0 32766 43 47 73 9 120 10 87 
54823 2009 10 21 9984 10004 9956 178 244 130 67 34 18 0 32766 20 18 33 6 47 4 77 
54823 2009 10 22 9969 9988 9954 205 262 157 61 26 15 0 32766 38 28 53 10 86 11 79 
54823 2009 10 23 9957 9972 9937 216 283 150 67 27 14 0 32766 46 39 69 9 102 10 75 
54823 2009 10 24 9953 9969 9943 228 270 203 87 32 20 0 32766 42 46 66 8 115 9 73 
54823 2009 10 25 9970 9986 9953 227 274 192 79 30 16 0 32766 32 35 62 9 98 8 79 
54823 2009 10 26 9978 9993 9966 209 246 175 93 39 26 0 32766 30 31 50 11 79 12 60 
54823 2009 10 27 9977 9990 9962 186 247 137 97 49 27 0 32766 24 20 51 9 85 9 29 
54823 2009 10 28 9965 9978 9951 213 254 189 99 39 28 0 32766 27 45 83 10 128 10 70 
54823 2009 10 29 9971 9989 9957 217 275 188 104 41 27 0 32766 38 22 43 9 69 9 86 
54823 2009 10 30 9987 10007 9969 176 221 152 135 67 49 32700 32766 10 22 36 7 54 5 12 
54823 2009 10 31 10013 10047 9966 88 172 57 105 93 80 266 32766 13 30 58 5 89 4 0 
54823 2009 11 1 10079 10143 10047 64 126 26 74 78 53 10 22 32766 31 77 3 130 2 50 
54823 2009 11 2 10210 10246 10142 1 41 -37 24 40 22 7 26 32766 26 70 3 118 4 93 
54823 2009 11 3 10087 10175 10039 62 114 -2 24 25 14 0 45 32766 59 70 10 127 11 72 
54823 2009 11 4 10023 10044 10006 119 169 85 55 40 27 0 52 32766 27 70 10 132 10 77 
54823 2009 11 5 9989 10025 9956 143 225 78 61 40 13 0 28 32766 23 50 9 79 9 85 
54823 2009 11 6 9914 9958 9890 194 241 155 82 37 24 0 78 32766 44 69 9 130 9 86 
54823 2009 11 7 9886 9902 9869 210 243 187 99 41 28 0 71 32766 45 94 9 143 9 50 
54823 2009 11 8 9926 9951 9891 162 230 132 128 70 49 0 35 32766 32 63 5 93 5 32 
54823 2009 11 9 9988 10007 9951 65 132 29 82 83 77 0 16 32766 65 100 5 146 5 0 
54823 2009 11 10 10028 10057 10006 21 31 10 50 70 57 32700 22 32766 76 96 4 143 4 0 
54823 2009 11 11 10081 10107 10053 16 24 12 50 73 61 32700 20 32766 53 96 4 140 5 0 
54823 2009 11 12 10086 10114 10065 -8 12 -15 55 95 82 248 22 32766 26 49 4 71 5 0 
54823 2009 11 13 10059 10078 10035 -11 25 -26 52 91 76 0 8 32766 15 36 3 50 16 6 
54823 2009 11 14 10056 10069 10044 -10 28 -34 44 80 46 0 14 32766 15 58 5 88 5 66 
54823 2009 11 15 10110 10133 10069 -23 11 -44 30 59 41 0 14 32766 30 47 4 69 4 81 
54823 2009 11 16 10165 10181 10130 -32 -10 -47 23 49 34 0 17 32766 26 51 4 79 4 37 
54823 2009 11 17 10146 10174 10121 -26 16 -65 27 55 31 0 15 32766 16 50 14 76 15 85 
54823 2009 11 18 10107 10125 10084 -3 49 -51 27 46 30 0 16 32766 29 44 11 69 13 69 
54823 2009 11 19 10137 10161 10109 5 60 -41 36 59 33 0 12 32766 19 28 7 39 7 67 
54823 2009 11 20 10132 10152 10107 24 60 -2 34 47 33 0 23 32766 22 41 2 64 16 52 
54823 2009 11 21 10089 10155 10032 22 71 -27 29 42 25 0 19 32766 33 69 10 123 10 80 
54823 2009 11 22 10004 10035 9987 68 122 34 42 44 26 0 38 32766 33 78 10 136 9 82 
54823 2009 11 23 9992 10012 9975 102 155 64 64 52 35 0 29 32766 21 38 7 55 8 70 
54823 2009 11 24 9962 9981 9939 99 143 54 67 57 39 0 26 32766 21 48 9 84 9 61 
54823 2009 11 25 10025 10047 9980 35 85 11 64 83 64 0 9 32766 12 53 5 73 5 8 
54823 2009 11 26 10021 10038 10008 34 59 10 64 83 67 0 5 32766 14 28 16 44 1 0 
54823 2009 11 27 10106 10134 10038 26 41 8 55 74 54 0 14 32766 54 80 5 116 5 16 
54823 2009 11 28 10114 10139 10094 11 40 -18 39 60 53 0 11 32766 24 44 5 64 5 0 
54823 2009 11 29 10072 10106 10044 33 95 -14 46 62 33 0 19 32766 19 41 13 63 14 80 
54823 2009 11 30 10055 10079 10040 25 76 -9 55 75 59 0 10 32766 18 45 12 68 12 49 
54823 2009 12 1 10060 10080 10044 19 78 -17 54 79 58 0 9 32766 17 30 7 40 15 66 
54823 2009 12 2 10055 10074 10033 18 54 -2 61 88 72 0 6 32766 16 44 15 60 15 0 
54823 2009 12 3 10063 10094 10024 36 95 -29 36 49 21 0 21 32766 30 56 9 91 11 74 
54823 2009 12 4 9976 10026 9936 51 82 22 48 56 36 0 29 32766 47 94 10 148 9 13 
54823 2009 12 5 10033 10051 10010 9 64 -43 17 27 15 0 23 32766 26 68 16 108 16 82 
54823 2009 12 6 10040 10054 10025 40 102 -2 33 42 23 0 23 32766 21 30 7 43 7 74 
54823 2009 12 7 10051 10067 10040 47 102 -2 31 38 21 0 23 32766 19 37 13 51 12 55 
54823 2009 12 8 10038 10049 10028 56 71 42 68 75 35 3 8 32766 22 36 5 53 5 0 
54823 2009 12 9 10018 10042 10002 54 66 45 77 86 76 32700 4 32766 10 31 2 48 5 0 
54823 2009 12 10 9975 10012 9950 71 94 51 88 88 77 7 5 32766 8 25 13 34 15 0 
54823 2009 12 11 10015 10069 9972 47 80 18 71 81 52 68 3 32766 27 52 4 84 4 0 
54823 2009 12 12 10073 10099 10057 9 44 -19 44 66 43 0 13 32766 24 60 4 99 4 28 
54823 2009 12 13 10063 10075 10042 21 71 -11 44 64 35 0 16 32766 15 36 5 56 5 79 
54823 2009 12 14 10097 10116 10068 12 35 -17 47 70 52 0 9 32766 25 42 5 61 5 0 
54823 2009 12 15 10126 10144 10113 4 23 -9 42 67 51 0 13 32766 28 60 5 79 5 0 
54823 2009 12 16 10104 10132 10084 -23 -7 -30 41 79 66 8 16 32766 15 27 5 40 5 0 
54823 2009 12 17 10099 10111 10085 -32 -12 -44 34 69 50 32700 4 32766 21 34 2 51 1 14 
54823 2009 12 18 10145 10160 10108 -60 -18 -89 15 39 24 0 11 32766 24 48 4 69 3 81 
54823 2009 12 19 10128 10153 10108 -57 -8 -89 17 45 23 0 14 32766 21 39 14 62 16 71 
54823 2009 12 20 10098 10109 10090 -31 21 -70 16 33 21 0 12 32766 18 36 14 57 15 74 
54823 2009 12 21 10034 10100 9985 19 67 -34 15 22 13 0 22 32766 33 72 11 115 11 84 
54823 2009 12 22 9965 9988 9945 32 76 2 41 55 28 0 25 32766 27 69 9 135 9 68 
54823 2009 12 23 10009 10030 9988 23 88 -18 32 46 25 0 16 32766 18 35 5 49 5 51 
54823 2009 12 24 9984 10002 9957 42 97 -1 43 51 33 0 18 32766 16 34 14 53 14 3 
54823 2009 12 25 10056 10076 9992 -27 42 -58 11 23 17 0 20 32766 30 52 16 109 1 75 
54823 2009 12 26 10057 10071 10029 -44 7 -86 11 26 11 0 11 32766 14 38 6 53 7 18 
54823 2009 12 27 10056 10075 10042 -37 -9 -60 19 41 23 0 16 32766 21 39 12 59 13 57 
54823 2009 12 28 9969 10050 9907 -7 38 -64 17 29 18 0 26 32766 53 97 10 178 10 75 
54823 2009 12 29 9936 9984 9899 30 67 4 28 38 20 0 26 32766 22 105 10 160 10 46 
54823 2009 12 30 10033 10055 9984 -32 10 -61 18 38 25 0 17 32766 23 43 15 73 15 57 
54823 2009 12 31 10043 10084 9984 -33 20 -91 14 32 13 0 17 32766 36 54 6 94 11 82 
54823 2010 1 1 9936 9985 9902 31 84 2 28 37 25 0 29 32766 29 82 10 141 9 70 
54823 2010 1 2 9997 10043 9930 -21 13 -36 38 73 46 32700 11 32766 33 66 5 98 5 0 
54823 2010 1 3 9978 10047 9940 -33 -12 -51 36 75 60 32700 2 32766 16 50 8 74 8 0 
54823 2010 1 4 10051 10097 9958 -79 -31 -101 21 62 32 2 8 32766 33 57 1 90 2 71 
54823 2010 1 5 10104 10125 10086 -100 -61 -134 9 32 19 0 10 32766 24 49 4 78 2 69 
54823 2010 1 6 10106 10119 10091 -73 -25 -110 10 28 18 0 12 32766 18 43 3 61 5 59 
54823 2010 1 7 10110 10137 10092 -70 -27 -97 14 39 21 0 7 32766 20 41 5 57 6 62 
