V01000 V04001 V04002 V04003 V10004 V10201 V10202 V12001 V12052 V12053 V13004 V13003 V13007 V13201 V13241 V13242 V11002 V11042 V11212 V11041 V11043 V14032
56080 1997 1 4 7158 7175 7140 -80 25 -162 10 33 1 0 21 32766 8 70 16 32766 32766 85 
56080 1997 1 5 7151 7184 7115 -91 69 -188 9 35 17 0 13 32766 0 30 10 32766 32766 82 
56080 1997 1 6 7151 7166 7126 -73 47 -160 9 24 12 0 21 32766 5 60 4 32766 32766 76 
56080 1997 1 7 7163 7174 7145 -70 9 -112 17 44 24 0 16 32766 0 43 16 32766 32766 65 
56080 1997 1 8 7181 7197 7156 -87 18 -172 15 55 20 0 14 32766 0 40 16 32766 32766 80 
56080 1997 1 9 7185 7199 7166 -105 22 -192 11 42 12 0 17 32766 0 60 1 32766 32766 85 
56080 1997 1 10 7185 7195 7167 -107 29 -205 6 21 9 0 19 32766 0 57 16 32766 32766 83 
56080 1997 1 11 7168 7192 7146 -119 37 -209 5 20 7 0 10 32766 0 20 16 32766 32766 69 
56080 1997 1 12 7135 7166 7106 -100 57 -206 7 22 11 0 13 32766 0 43 2 32766 32766 81 
56080 1997 1 13 7142 7164 7120 -82 34 -172 8 22 16 0 16 32766 0 13 6 32766 32766 60 
56080 1997 1 14 7117 7137 7090 -73 47 -163 7 23 5 0 24 32766 8 73 15 32766 32766 82 
56080 1997 1 15 7113 7127 7095 -57 44 -118 10 24 11 0 23 32766 0 93 14 32766 32766 87 
56080 1997 1 16 7100 7121 7069 -93 5 -164 10 29 17 0 18 32766 5 60 16 32766 32766 69 
56080 1997 1 17 7144 7163 7118 -85 -5 -158 14 47 19 0 13 32766 3 23 16 32766 32766 83 
56080 1997 1 18 7135 7150 7121 -81 -1 -140 10 33 17 0 16 32766 10 23 13 32766 32766 66 
56080 1997 1 19 7097 7140 7060 -94 77 -204 10 32 10 0 19 32766 0 47 14 32766 32766 87 
56080 1997 1 20 7089 7106 7071 -70 76 -186 7 20 7 0 21 32766 0 20 2 32766 32766 87 
56080 1997 1 21 7117 7130 7093 -113 -1 -164 11 40 16 32700 12 32766 10 70 16 32766 32766 10 
56080 1997 1 22 7131 7149 7116 -120 -66 -143 17 72 46 11 8 32766 5 43 16 32766 32766 62 
56080 1997 1 23 7118 7131 7101 -131 -33 -210 16 69 36 0 7 32766 5 23 2 32766 32766 74 
56080 1997 1 24 7105 7126 7076 -115 -22 -189 16 65 32 32700 9 32766 5 40 1 32766 32766 61 
56080 1997 1 25 7123 7140 7100 -110 -16 -194 13 55 17 0 14 32766 8 50 15 32766 32766 75 
56080 1997 1 26 7147 7160 7130 -119 -13 -211 7 32 12 0 17 32766 3 80 15 32766 32766 77 
56080 1997 1 27 7152 7172 7125 -109 12 -202 6 24 9 0 17 32766 13 63 14 32766 32766 85 
56080 1997 1 28 7117 7135 7087 -113 30 -223 6 21 5 0 17 32766 0 40 6 32766 32766 86 
56080 1997 1 29 7082 7117 7043 -85 44 -170 7 22 14 0 19 32766 3 80 15 32766 32766 44 
56080 1997 1 30 7097 7105 7070 -77 55 -183 9 32 8 0 18 32766 5 53 4 32766 32766 82 
56080 1997 1 31 7090 7114 7063 -76 26 -156 16 42 18 0 15 32766 5 60 16 32766 32766 68 
56080 1997 2 1 7102 7110 7088 -94 -27 -155 19 65 44 2 7 32766 0 23 11 32766 32766 0 
56080 1997 2 2 7081 7100 7060 -60 2 -95 26 67 42 32700 8 32766 5 30 9 32766 32766 54 
56080 1997 2 3 7087 7095 7070 -61 4 -99 25 67 37 5 9 32766 5 70 16 32766 32766 55 
56080 1997 2 4 7116 7128 7094 -78 -18 -103 24 71 43 7 8 32766 0 43 2 32766 32766 37 
56080 1997 2 5 7115 7138 7085 -104 -25 -160 20 70 48 0 7 32766 8 27 16 32766 32766 17 
56080 1997 2 6 7107 7122 7081 -85 -13 -141 21 66 34 3 12 32766 3 60 2 32766 32766 75 
56080 1997 2 7 7086 7109 7052 -72 -1 -129 20 59 23 4 14 32766 10 50 1 32766 32766 66 
56080 1997 2 8 7080 7090 7060 -81 -12 -154 20 61 22 7 15 32766 8 50 1 32766 32766 56 
56080 1997 2 9 7096 7106 7080 -92 -9 -153 17 56 28 32700 12 32766 10 50 6 32766 32766 42 
56080 1997 2 10 7113 7130 7094 -83 9 -156 14 48 4 2 18 32766 0 53 1 32766 32766 89 
56080 1997 2 11 7118 7130 7088 -96 7 -175 13 47 16 0 20 32766 3 83 16 32766 32766 75 
56080 1997 2 12 7124 7140 7099 -91 2 -174 17 55 30 0 13 32766 5 50 16 32766 32766 54 
56080 1997 2 13 7131 7151 7106 -66 1 -129 17 51 18 32700 18 32766 5 47 16 32766 32766 78 
56080 1997 2 14 7127 7141 7101 -77 11 -143 15 48 18 0 17 32766 8 60 16 32766 32766 54 
56080 1997 2 15 7137 7154 7105 -87 -11 -159 11 37 14 0 21 32766 20 40 16 32766 32766 81 
56080 1997 2 16 7122 7131 7103 -95 -25 -152 14 45 23 0 16 32766 23 57 5 32766 32766 38 
56080 1997 2 17 7141 7154 7118 -97 7 -183 11 45 12 0 16 32766 5 50 2 32766 32766 65 
56080 1997 2 18 7154 7167 7132 -86 16 -182 10 35 10 0 15 32766 0 40 1 32766 32766 66 
56080 1997 2 19 7140 7158 7102 -76 36 -165 14 40 14 0 21 32766 13 70 5 32766 32766 64 
56080 1997 2 20 7161 7178 7136 -57 -6 -90 19 48 29 2 19 32766 18 53 4 32766 32766 34 
56080 1997 2 21 7140 7158 7117 -52 54 -141 16 48 10 32700 27 32766 28 117 14 32766 32766 90 
56080 1997 2 22 7120 7146 7079 -55 84 -172 10 27 8 0 28 32766 10 50 7 32766 32766 92 
56080 1997 2 23 7117 7126 7096 -42 14 -81 28 63 24 8 15 32766 13 47 1 32766 32766 28 
56080 1997 2 24 7113 7136 7086 -25 47 -68 27 55 19 0 13 32766 10 50 4 32766 32766 50 
56080 1997 2 25 7117 7136 7097 -26 101 -133 15 41 7 0 41 32766 18 97 13 32766 32766 93 
56080 1997 2 26 7112 7124 7093 -46 7 -81 21 46 5 32700 20 32766 28 77 16 32766 32766 23 
56080 1997 2 27 7149 7165 7124 -50 4 -85 26 62 31 3 19 32766 18 63 16 32766 32766 71 
56080 1997 2 28 7158 7175 7130 -47 38 -121 19 53 9 2 27 32766 5 83 11 32766 32766 82 
56080 1997 3 1 7152 7166 7143 -70 3 -137 11 37 10 0 22 32766 13 70 16 32766 32766 77 
56080 1997 3 2 7161 7179 7129 -73 37 -174 14 46 12 0 17 32766 10 50 16 32766 32766 63 
56080 1997 3 3 7146 7165 7117 -41 79 -118 20 49 13 0 25 32766 8 60 6 32766 32766 92 
56080 1997 3 4 7133 7161 7103 -16 99 -112 25 52 18 0 31 32766 18 70 1 32766 32766 81 
56080 1997 3 5 7124 7143 7107 13 94 -42 27 46 5 6 32 32766 13 90 14 32766 32766 76 
56080 1997 3 6 7143 7159 7107 -28 95 -124 15 37 8 0 31 32766 18 67 16 32766 32766 73 
56080 1997 3 7 7164 7188 7139 -4 129 -108 17 38 6 0 37 32766 10 63 1 32766 32766 74 
56080 1997 3 8 7156 7179 7128 2 129 -99 16 31 4 0 41 32766 0 73 15 32766 32766 96 
56080 1997 3 9 7132 7160 7096 15 140 -82 21 32 4 0 42 32766 15 53 4 32766 32766 66 
56080 1997 3 10 7155 7177 7124 16 99 -30 46 70 31 48 37 32766 5 63 12 32766 32766 68 
56080 1997 3 11 7116 7135 7088 36 166 -48 36 53 1 0 46 32766 13 77 12 32766 32766 102 
56080 1997 3 12 7091 7119 7051 33 169 -40 45 64 14 9 34 32766 3 110 16 32766 32766 73 
56080 1997 3 13 7100 7118 7086 18 69 5 59 85 52 3 16 32766 13 93 16 32766 32766 24 
56080 1997 3 14 7136 7152 7118 -7 25 -25 43 74 55 8 15 32766 15 47 16 32766 32766 12 
56080 1997 3 15 7150 7165 7122 -6 68 -50 39 68 38 3 20 32766 8 70 11 32766 32766 40 
56080 1997 3 16 7148 7167 7117 10 97 -52 34 56 17 32700 35 32766 5 43 6 32766 32766 78 
56080 1997 3 17 7118 7136 7094 8 90 -42 43 67 28 32700 24 32766 18 90 16 32766 32766 66 
56080 1997 3 18 7130 7146 7118 -13 16 -29 46 82 48 36 6 32766 0 40 16 32766 32766 0 
56080 1997 3 19 7108 7140 7078 5 87 -61 42 69 24 5 34 32766 15 37 3 32766 32766 104 
56080 1997 3 20 7088 7108 7060 16 98 -50 39 63 23 0 44 32766 15 53 1 32766 32766 100 
56080 1997 3 21 7103 7110 7088 7 53 -41 37 60 40 0 24 32766 13 60 5 32766 32766 17 
56080 1997 3 22 7111 7125 7094 15 79 -45 37 56 31 0 34 32766 18 63 11 32766 32766 65 
56080 1997 3 23 7105 7121 7087 19 52 -2 47 68 51 1 49 32766 13 50 10 32766 32766 0 
56080 1997 3 24 7112 7124 7083 10 79 -19 44 71 30 30 27 32766 15 90 16 32766 32766 29 
56080 1997 3 25 7166 7175 7125 -23 52 -81 39 75 42 8 19 32766 13 70 5 32766 32766 74 
56080 1997 3 26 7172 7191 7141 25 93 -23 38 54 20 5 42 32766 23 67 4 32766 32766 101 
56080 1997 3 27 7145 7163 7128 4 44 -12 53 84 48 42 13 32766 8 47 16 32766 32766 7 
56080 1997 3 28 7154 7162 7133 -2 61 -55 40 69 40 25 28 32766 18 70 16 32766 32766 53 
56080 1997 3 29 7179 7190 7152 -11 59 -61 43 77 47 110 29 32766 10 50 8 32766 32766 67 
56080 1997 3 30 7167 7188 7136 17 97 -40 50 75 39 0 31 32766 13 30 10 32766 32766 75 
56080 1997 3 31 7099 7137 7063 43 134 1 67 80 56 45 26 32766 0 77 1 32766 32766 57 
56080 1997 4 1 7100 7119 7067 53 139 8 73 82 40 32700 43 32766 5 77 4 32766 32766 68 
56080 1997 4 2 7121 7139 7090 29 73 2 61 82 56 41 37 32766 10 83 1 32766 32766 18 
56080 1997 4 3 7162 7176 7140 20 98 -19 47 69 26 8 37 32766 8 57 15 32766 32766 79 
56080 1997 4 4 7159 7175 7132 33 121 -44 39 58 16 0 41 32766 10 50 4 32766 32766 110 
56080 1997 4 5 7131 7158 7093 49 151 -27 47 58 19 0 55 32766 5 67 5 32766 32766 96 
56080 1997 4 6 7099 7113 7083 23 96 -17 58 81 43 59 3 32766 23 90 16 32766 32766 6 
56080 1997 4 7 7134 7141 7112 -17 33 -58 39 73 44 25 36 32766 13 37 4 32766 32766 78 
56080 1997 4 8 7130 7145 7115 -8 19 -22 40 70 55 4 14 32766 18 40 8 32766 32766 21 
56080 1997 4 9 7131 7145 7102 -17 67 -48 41 76 38 17 27 32766 23 80 16 32766 32766 56 
56080 1997 4 10 7153 7165 7127 1 85 -50 40 66 33 2 33 32766 15 57 16 32766 32766 79 
56080 1997 4 11 7155 7169 7134 17 82 -13 51 74 46 32700 28 32766 25 100 15 32766 32766 48 
56080 1997 4 12 7121 7156 7078 34 142 -45 42 61 12 0 49 32766 13 67 13 32766 32766 95 
56080 1997 4 13 7150 7167 7087 8 74 -30 43 67 42 9 29 32766 20 60 6 32766 32766 39 
56080 1997 4 14 7166 7179 7147 16 88 -43 39 60 33 0 43 32766 20 70 1 32766 32766 104 
56080 1997 4 15 7161 7177 7137 34 119 -45 40 55 22 0 55 32766 10 43 5 32766 32766 115 
56080 1997 4 16 7135 7153 7109 49 151 -29 48 58 26 0 65 32766 15 67 1 32766 32766 107 
56080 1997 4 17 7145 7155 7128 55 148 -25 46 55 20 0 65 32766 20 80 5 32766 32766 100 
56080 1997 4 18 7142 7162 7109 67 171 -26 51 58 18 0 66 32766 13 80 3 32766 32766 86 
56080 1997 4 19 7141 7149 7127 54 114 31 69 78 43 28 23 32766 15 77 16 32766 32766 3 
56080 1997 4 20 7168 7183 7150 50 101 18 67 78 52 74 20 32766 15 50 12 32766 32766 40 
56080 1997 4 21 7166 7178 7153 43 78 12 67 80 59 24 15 32766 18 63 16 32766 32766 5 
56080 1997 4 22 7189 7201 7168 50 108 -2 51 63 32 32700 45 32766 15 67 16 32766 32766 86 
56080 1997 4 23 7212 7228 7190 6 79 -15 56 88 43 24 11 32766 25 80 16 32766 32766 10 
56080 1997 4 24 7230 7245 7198 -4 61 -68 48 81 45 24 32 32766 10 87 11 32766 32766 72 
56080 1997 4 25 7184 7213 7160 38 135 -44 43 62 19 0 46 32766 18 80 14 32766 32766 83 
56080 1997 4 26 7177 7185 7161 32 100 -5 50 66 39 2 35 32766 10 100 14 32766 32766 86 
56080 1997 4 27 7179 7197 7162 41 127 -55 46 60 29 32700 37 32766 0 53 14 32766 32766 61 
56080 1997 4 28 7177 7182 7163 38 104 -21 60 75 40 24 43 32766 13 107 14 32766 32766 94 
56080 1997 4 29 7203 7222 7180 60 155 -34 47 57 20 0 57 32766 5 67 16 32766 32766 110 
56080 1997 4 30 7181 7206 7147 82 204 -32 40 48 11 0 84 32766 20 93 15 32766 32766 124 
56080 1997 5 1 7164 7176 7150 94 204 -12 46 45 15 32700 66 32766 13 77 10 32766 32766 67 
56080 1997 5 2 7162 7184 7126 101 199 0 57 50 20 32700 68 32766 13 77 11 32766 32766 90 
56080 1997 5 3 7149 7162 7125 83 191 18 73 70 34 36 52 32766 18 97 4 32766 32766 69 
56080 1997 5 4 7148 7179 7117 100 181 21 80 69 34 26 67 32766 15 47 6 32766 32766 108 
56080 1997 5 5 7130 7143 7119 107 181 29 78 65 37 8 46 32766 10 80 3 32766 32766 63 
56080 1997 5 6 7140 7147 7124 107 187 45 79 66 32 2 63 32766 25 83 5 32766 32766 74 
56080 1997 5 7 7175 7182 7140 84 123 51 64 57 45 2 42 32766 23 63 9 32766 32766 10 
56080 1997 5 8 7175 7194 7151 55 88 27 74 82 44 8 9 32766 5 57 11 32766 32766 0 
56080 1997 5 9 7092 7152 7056 102 177 45 84 70 42 11 42 32766 18 70 12 32766 32766 51 
56080 1997 5 10 7089 7097 7067 99 157 47 91 76 39 23 44 32766 23 60 4 32766 32766 48 
56080 1997 5 11 7094 7107 7075 94 177 9 72 67 32 32700 61 32766 15 73 6 32766 32766 82 
56080 1997 5 12 7112 7123 7086 82 133 61 88 81 50 109 22 32766 20 53 14 32766 32766 30 
56080 1997 5 13 7137 7154 7111 101 181 41 81 70 20 13 68 32766 20 70 5 32766 32766 101 
56080 1997 5 14 7159 7185 7122 73 131 46 84 83 48 101 51 32766 30 90 16 32766 32766 84 
56080 1997 5 15 7203 7218 7172 59 123 23 68 74 47 12 30 32766 13 67 16 32766 32766 32 
56080 1997 5 16 7186 7219 7142 81 142 29 72 70 43 1 42 32766 8 53 5 32766 32766 53 
56080 1997 5 17 7159 7166 7145 82 127 51 81 75 48 13 35 32766 13 67 16 32766 32766 23 
56080 1997 5 18 7174 7190 7156 89 152 28 70 65 32 0 62 32766 18 93 4 32766 32766 93 
56080 1997 5 19 7175 7183 7162 83 124 34 59 55 37 0 45 32766 15 50 6 32766 32766 36 
56080 1997 5 20 7146 7174 7123 77 118 51 77 73 45 4 20 32766 8 43 16 32766 32766 0 
56080 1997 5 21 7146 7163 7132 70 99 56 83 83 74 61 9 32766 10 43 16 32766 32766 2 
56080 1997 5 22 7192 7205 7164 80 143 31 64 64 35 80 61 32766 15 43 2 32766 32766 87 
56080 1997 5 23 7206 7216 7182 56 126 23 70 78 37 27 36 32766 13 70 3 32766 32766 72 
56080 1997 5 24 7183 7207 7157 87 159 25 70 67 33 66 61 32766 25 60 14 32766 32766 107 
56080 1997 5 25 7178 7190 7162 73 154 5 69 71 31 4 53 32766 15 100 1 32766 32766 99 
56080 1997 5 26 7165 7185 7150 80 129 37 82 78 55 6 20 32766 5 87 6 32766 32766 0 
56080 1997 5 27 7184 7201 7160 77 139 31 65 65 33 2 52 32766 18 100 2 32766 32766 84 
56080 1997 5 28 7175 7197 7145 84 163 -7 49 52 19 0 65 32766 18 70 11 32766 32766 96 
56080 1997 5 29 7180 7196 7148 66 137 1 58 63 27 1 54 32766 10 77 10 32766 32766 58 
56080 1997 5 30 7171 7210 7133 76 161 -17 56 59 30 6 55 32766 13 70 15 32766 32766 113 
56080 1997 5 31 7151 7166 7131 90 181 9 57 55 16 0 70 32766 13 123 2 32766 32766 125 
56080 1997 6 1 7154 7177 7129 99 171 29 68 59 37 32700 61 36 20 80 14 32766 32766 111 
56080 1997 6 2 7145 7160 7130 97 164 17 69 61 34 7 52 27 18 67 2 32766 32766 103 
56080 1997 6 3 7160 7172 7140 105 197 12 70 61 28 32700 70 34 5 60 4 32766 32766 115 
56080 1997 6 4 7143 7170 7107 143 247 27 69 51 15 0 97 43 18 53 6 32766 32766 126 
56080 1997 6 5 7137 7156 7110 126 231 57 86 65 14 110 72 42 20 77 4 32766 32766 81 
56080 1997 6 6 7142 7166 7122 130 203 61 101 71 43 28 71 29 13 63 4 32766 32766 102 
56080 1997 6 7 7178 7193 7136 66 168 20 65 69 44 68 27 42 35 63 5 32766 32766 0 
56080 1997 6 8 7196 7207 7188 44 67 27 63 76 52 1 22 20 18 47 2 32766 32766 0 
56080 1997 6 9 7188 7206 7163 69 124 10 62 65 32 32700 43 24 10 70 16 32766 32766 69 
56080 1997 6 10 7180 7206 7155 69 158 -16 54 62 22 0 63 31 20 60 16 32766 32766 108 
56080 1997 6 11 7158 7177 7132 87 177 -5 55 56 13 0 69 39 5 53 4 32766 32766 107 
56080 1997 6 12 7159 7168 7142 104 184 29 72 60 31 4 60 32 20 77 14 32766 32766 103 
56080 1997 6 13 7164 7184 7134 120 225 10 62 54 17 0 86 54 15 63 4 32766 32766 130 
56080 1997 6 14 7159 7168 7142 138 194 93 93 62 27 1 53 21 25 70 8 32766 32766 55 
56080 1997 6 15 7165 7182 7146 95 151 52 93 79 54 58 23 17 18 47 15 32766 32766 45 
56080 1997 6 16 7187 7197 7161 99 130 70 93 77 59 9 33 25 13 60 16 32766 32766 17 
56080 1997 6 17 7192 7210 7171 93 138 66 78 68 43 33 30 19 8 63 1 32766 32766 29 
56080 1997 6 18 7182 7204 7153 102 176 31 82 70 37 5 60 28 5 30 9 32766 32766 103 
56080 1997 6 19 7158 7168 7134 100 171 34 81 70 29 8 40 30 18 83 6 32766 32766 53 
56080 1997 6 20 7176 7186 7158 102 153 63 86 72 45 27 51 25 13 60 16 32766 32766 66 
56080 1997 6 21 7185 7191 7169 92 173 22 84 73 36 3 52 27 20 83 14 32766 32766 96 
56080 1997 6 22 7172 7191 7147 126 198 36 84 61 35 1 71 39 10 70 6 32766 32766 99 
56080 1997 6 23 7161 7179 7137 121 208 27 77 61 26 4 80 38 10 70 14 32766 32766 108 
56080 1997 6 24 7147 7162 7123 135 233 23 65 51 17 0 96 47 13 63 6 32766 32766 130 
56080 1997 6 25 7143 7161 7118 144 240 40 84 55 21 71 102 57 10 90 2 32766 32766 114 
56080 1997 6 26 7127 7136 7096 129 226 67 112 79 40 234 78 38 10 73 16 32766 32766 74 
56080 1997 6 27 7137 7145 7125 123 159 100 120 85 66 53 28 13 13 53 16 32766 32766 18 
56080 1997 6 28 7115 7141 7099 129 175 88 121 82 58 2 28 9 10 40 5 32766 32766 42 
56080 1997 6 29 7093 7118 7072 150 214 84 122 75 25 117 69 23 5 50 9 32766 32766 80 
56080 1997 6 30 7090 7100 7076 162 235 85 127 72 41 1 64 38 0 53 4 32766 32766 82 
56080 1997 7 1 7100 7112 7082 178 244 140 148 74 43 0 65 39 18 70 5 32766 32766 53 
56080 1997 7 2 7130 7144 7098 125 182 95 126 86 73 275 10 21 30 73 16 32766 32766 0 
56080 1997 7 3 7159 7169 7137 91 112 75 100 86 76 259 13 0 33 63 16 32766 32766 0 
56080 1997 7 4 7170 7186 7153 110 153 76 109 84 65 124 29 9 0 43 15 32766 32766 2 
56080 1997 7 5 7159 7174 7148 147 202 96 121 75 49 8 64 24 15 47 16 32766 32766 102 
56080 1997 7 6 7161 7171 7150 130 182 86 110 76 53 2 35 33 13 60 16 32766 32766 65 
56080 1997 7 7 7177 7184 7156 126 190 79 97 68 45 49 50 19 13 77 2 32766 32766 63 
56080 1997 7 8 7183 7195 7164 117 173 71 94 71 45 32700 46 36 13 93 11 32766 32766 58 
56080 1997 7 9 7166 7184 7148 120 194 53 101 75 42 7 49 30 10 67 8 32766 32766 70 
56080 1997 7 10 7146 7162 7124 110 195 36 94 76 39 32700 50 33 8 77 7 32766 32766 83 
56080 1997 7 11 7132 7152 7115 119 196 69 103 76 41 6 45 26 8 77 16 32766 32766 73 
56080 1997 7 12 7129 7146 7116 132 205 51 94 66 42 32700 71 37 10 57 1 32766 32766 124 
56080 1997 7 13 7147 7155 7128 139 214 56 106 71 38 32700 63 37 18 90 6 32766 32766 82 
56080 1997 7 14 7165 7176 7142 122 204 64 111 81 43 150 55 42 23 90 16 32766 32766 81 
56080 1997 7 15 7158 7176 7134 136 198 89 112 75 36 230 70 36 13 47 8 32766 32766 103 
56080 1997 7 16 7149 7156 7136 103 162 74 110 88 66 36 9 19 3 40 8 32766 32766 0 
56080 1997 7 17 7161 7179 7137 126 209 61 96 71 31 0 64 31 0 50 8 32766 32766 107 
56080 1997 7 18 7182 7193 7148 130 191 81 93 66 34 42 73 44 10 73 16 32766 32766 112 
56080 1997 7 19 7196 7209 7178 122 192 41 93 69 39 4 63 47 8 77 10 32766 32766 117 
56080 1997 7 20 7187 7200 7166 129 215 30 84 62 26 6 63 35 15 63 6 32766 32766 112 
56080 1997 7 21 7181 7193 7168 146 252 43 93 62 23 0 82 41 5 77 6 32766 32766 132 
56080 1997 7 22 7173 7191 7146 155 263 55 99 62 19 0 83 44 5 33 3 32766 32766 132 
56080 1997 7 23 7172 7177 7150 164 256 67 109 63 31 0 91 51 15 47 4 32766 32766 126 
56080 1997 7 24 7186 7194 7167 144 219 73 108 69 43 0 53 44 13 47 7 32766 32766 56 
56080 1997 7 25 7179 7193 7157 151 231 71 114 71 38 0 71 40 18 73 4 32766 32766 100 
56080 1997 7 26 7182 7191 7171 135 191 96 125 82 55 11 48 40 20 93 16 32766 32766 69 
56080 1997 7 27 7183 7190 7171 134 201 120 123 80 54 63 25 16 10 53 3 32766 32766 39 
56080 1997 7 28 7177 7196 7158 150 218 104 130 78 50 20 60 31 5 43 10 32766 32766 104 
56080 1997 7 29 7153 7175 7130 141 249 58 115 75 27 82 82 50 3 60 2 32766 32766 96 
56080 1997 7 30 7136 7159 7104 145 244 91 127 79 42 0 61 38 15 70 16 32766 32766 93 
56080 1997 7 31 7166 7185 7125 111 161 69 97 75 43 157 46 49 35 77 16 32766 32766 56 
56080 1997 8 1 7179 7197 7153 117 218 17 82 66 30 0 66 34 8 27 9 32766 32766 127 
56080 1997 8 2 7146 7172 7114 135 233 45 109 72 36 0 57 28 10 40 10 32766 32766 123 
56080 1997 8 3 7113 7131 7083 163 257 100 146 80 41 110 91 64 8 73 16 32766 32766 88 
56080 1997 8 4 7106 7114 7086 185 262 150 165 79 47 32700 63 30 10 60 5 32766 32766 77 
56080 1997 8 5 7117 7127 7102 182 228 151 171 82 57 1 35 31 13 47 16 32766 32766 55 
56080 1997 8 6 7153 7162 7128 149 195 133 144 85 73 211 28 23 15 57 16 32766 32766 4 
56080 1997 8 7 7191 7211 7163 115 138 93 115 85 78 8 16 27 15 57 16 32766 32766 0 
56080 1997 8 8 7223 7240 7203 126 189 79 95 69 40 0 51 29 0 50 16 32766 32766 58 
56080 1997 8 9 7220 7231 7204 132 189 72 100 69 38 5 63 32 10 60 1 32766 32766 104 
56080 1997 8 10 7205 7226 7178 109 203 31 79 67 32 8 58 38 13 90 11 32766 32766 95 
56080 1997 8 11 7174 7202 7151 115 214 19 90 70 28 23 51 39 10 90 1 32766 32766 103 
56080 1997 8 12 7142 7169 7109 133 239 34 99 68 35 0 65 33 5 67 6 32766 32766 114 
56080 1997 8 13 7133 7155 7106 142 230 65 125 78 42 31 58 32 20 97 11 32766 32766 96 
56080 1997 8 14 7154 7194 7113 125 152 101 123 85 66 264 33 34 28 77 16 32766 32766 0 
56080 1997 8 15 7220 7230 7194 82 108 74 96 88 76 96 4 8 8 43 16 32766 32766 0 
56080 1997 8 16 7245 7257 7230 72 93 61 88 86 70 56 2 0 10 57 16 32766 32766 0 
56080 1997 8 17 7228 7245 7210 87 139 52 88 79 48 10 25 12 5 23 9 32766 32766 41 
56080 1997 8 18 7217 7238 7191 89 185 7 68 67 28 0 62 32 5 33 2 32766 32766 103 
56080 1997 8 19 7207 7218 7193 86 172 16 70 68 20 32700 39 27 10 93 11 32766 32766 83 
56080 1997 8 20 7223 7234 7207 85 172 12 75 72 36 0 44 33 5 60 5 32766 32766 103 
56080 1997 8 21 7221 7231 7214 112 180 68 91 73 38 15 37 24 10 73 14 32766 32766 72 
56080 1997 8 22 7209 7228 7178 100 210 12 75 69 28 4 58 32 5 33 8 32766 32766 106 
56080 1997 8 23 7184 7199 7157 117 229 24 75 63 20 0 68 35 3 37 3 32766 32766 125 
56080 1997 8 24 7181 7194 7164 135 246 27 81 61 21 0 76 36 8 37 4 32766 32766 122 
56080 1997 8 25 7180 7196 7155 143 248 41 88 60 22 0 73 41 3 43 8 32766 32766 121 
56080 1997 8 26 7171 7184 7143 145 262 53 100 65 22 0 65 39 5 40 10 32766 32766 88 
56080 1997 8 27 7190 7201 7162 127 184 75 112 77 53 1 34 26 18 53 16 32766 32766 32 
56080 1997 8 28 7160 7204 7125 160 247 90 124 71 38 0 78 37 5 50 11 32766 32766 113 
56080 1997 8 29 7155 7165 7130 151 226 85 131 78 54 0 54 39 23 50 16 32766 32766 96 
56080 1997 8 30 7168 7183 7148 171 235 133 126 67 34 0 75 41 13 63 4 32766 32766 68 
56080 1997 8 31 7196 7218 7162 103 169 76 107 85 69 3 14 36 30 67 16 32766 32766 0 
56080 1997 9 1 7209 7233 7190 103 158 73 100 81 56 1 32 24 10 60 16 32766 32766 18 
56080 1997 9 2 7222 7236 7208 85 142 53 81 75 42 117 41 27 13 70 16 32766 32766 28 
56080 1997 9 3 7211 7231 7181 98 204 11 73 66 21 0 64 32 5 43 2 32766 32766 116 
56080 1997 9 4 7198 7209 7177 112 227 15 82 67 24 0 64 33 3 37 2 32766 32766 119 
56080 1997 9 5 7202 7215 7182 113 222 21 75 62 24 0 66 41 0 60 14 32766 32766 101 
56080 1997 9 6 7202 7218 7174 115 235 26 83 66 26 32700 66 36 8 80 8 32766 32766 95 
56080 1997 9 7 7199 7211 7173 127 253 28 88 63 28 0 73 40 8 80 11 32766 32766 106 
56080 1997 9 8 7187 7205 7160 144 256 41 93 63 18 0 76 48 13 57 5 32766 32766 110 
56080 1997 9 9 7178 7195 7152 151 234 78 79 52 16 0 78 48 15 70 5 32766 32766 80 
56080 1997 9 10 7190 7199 7176 118 164 91 95 69 36 2 32 27 10 43 16 32766 32766 0 
56080 1997 9 11 7183 7200 7160 102 137 82 98 79 63 32700 24 23 18 60 16 32766 32766 0 
56080 1997 9 12 7207 7219 7179 59 85 32 76 82 68 84 12 17 23 77 16 32766 32766 0 
56080 1997 9 13 7209 7225 7197 76 114 44 80 78 57 7 21 18 13 37 9 32766 32766 11 
56080 1997 9 14 7206 7225 7188 87 160 35 87 79 40 32700 31 17 5 63 16 32766 32766 40 
56080 1997 9 15 7198 7213 7170 81 189 1 70 71 21 0 53 23 13 47 1 32766 32766 109 
56080 1997 9 16 7194 7215 7167 106 176 54 74 63 25 32700 59 32 18 47 1 32766 32766 85 
56080 1997 9 17 7207 7223 7171 45 124 25 63 76 49 0 41 40 28 70 16 32766 32766 63 
56080 1997 9 18 7220 7244 7187 64 156 -10 53 61 22 0 46 30 10 47 1 32766 32766 110 
56080 1997 9 19 7219 7233 7198 42 106 6 56 71 32 32700 30 25 10 83 14 32766 32766 35 
56080 1997 9 20 7227 7246 7203 50 114 5 60 71 37 18 40 31 10 53 16 32766 32766 90 
56080 1997 9 21 7208 7236 7179 49 148 -24 51 64 23 32700 43 33 18 57 12 32766 32766 104 
56080 1997 9 22 7190 7207 7164 52 134 -18 62 71 37 0 33 14 10 57 5 32766 32766 79 
56080 1997 9 23 7197 7212 7179 51 85 36 68 78 62 20 18 14 18 57 15 32766 32766 11 
56080 1997 9 24 7233 7245 7213 44 108 -8 57 70 38 0 31 26 10 70 1 32766 32766 83 
56080 1997 9 25 7237 7253 7208 30 129 -49 46 66 25 0 37 28 5 63 2 32766 32766 91 
56080 1997 9 26 7225 7243 7206 31 102 -19 52 71 34 32700 32 26 18 80 5 32766 32766 72 
56080 1997 9 27 7205 7227 7183 26 89 -17 53 75 35 5 25 18 10 83 11 32766 32766 37 
56080 1997 9 28 7194 7215 7160 38 145 -36 43 63 21 0 35 26 15 37 16 32766 32766 78 
56080 1997 9 29 7186 7196 7168 37 101 -13 51 66 31 32700 20 20 0 53 6 32766 32766 12 
56080 1997 9 30 7187 7205 7160 55 124 0 54 64 35 2 34 18 10 63 1 32766 32766 89 
56080 1997 10 1 7185 7202 7160 50 160 -36 51 64 24 5 45 32766 13 67 6 32766 32766 92 
56080 1997 10 2 7186 7215 7165 54 106 23 70 80 52 86 26 32766 30 60 16 32766 32766 40 
56080 1997 10 3 7225 7242 7202 41 122 0 58 73 32 8 31 32766 8 50 16 32766 32766 86 
56080 1997 10 4 7222 7234 7199 46 131 -4 53 67 25 0 39 32766 8 43 16 32766 32766 99 
56080 1997 10 5 7206 7229 7177 54 149 -16 62 70 38 0 43 32766 10 50 2 32766 32766 76 
56080 1997 10 6 7223 7234 7205 39 94 -4 58 74 46 32700 15 32766 8 47 16 32766 32766 14 
56080 1997 10 7 7234 7242 7222 24 89 -32 56 78 47 18 10 32766 8 40 3 32766 32766 22 
56080 1997 10 8 7217 7245 7199 50 111 19 73 85 60 7 10 32766 0 20 9 32766 32766 23 
56080 1997 10 9 7216 7224 7191 49 120 -3 68 81 55 12 24 32766 8 83 16 32766 32766 49 
56080 1997 10 10 7215 7234 7186 54 99 19 70 79 56 32700 16 32766 5 43 6 32766 32766 0 
56080 1997 10 11 7216 7235 7200 47 105 -3 64 76 42 0 29 32766 25 83 9 32766 32766 64 
56080 1997 10 12 7209 7222 7186 51 138 -10 62 73 36 32700 35 32766 13 73 5 32766 32766 80 
56080 1997 10 13 7197 7209 7167 50 97 8 55 65 41 32700 30 32766 18 60 4 32766 32766 40 
56080 1997 10 14 7198 7212 7187 27 76 3 58 80 55 19 7 32766 5 57 2 32766 32766 55 
56080 1997 10 15 7198 7208 7181 16 106 -47 42 65 24 0 17 32766 0 63 15 32766 32766 74 
56080 1997 10 16 7215 7224 7187 29 136 -29 48 67 24 0 32 32766 5 90 1 32766 32766 81 
56080 1997 10 17 7225 7244 7199 37 135 -50 41 59 19 0 31 32766 10 43 9 32766 32766 87 
56080 1997 10 18 7206 7222 7174 33 147 -50 44 63 17 0 36 32766 18 63 16 32766 32766 89 
56080 1997 10 19 7232 7253 7206 11 66 -15 52 80 55 56 25 32766 3 67 16 32766 32766 69 
56080 1997 10 20 7212 7233 7186 16 125 -58 39 63 18 0 29 32766 5 47 14 32766 32766 103 
56080 1997 10 21 7180 7203 7150 16 134 -65 34 57 12 0 35 32766 5 57 11 32766 32766 103 
56080 1997 10 22 7172 7187 7145 27 138 -58 38 59 21 0 35 32766 15 50 5 32766 32766 92 
56080 1997 10 23 7183 7198 7163 52 133 11 48 57 33 0 36 32766 8 47 2 32766 32766 77 
56080 1997 10 24 7194 7205 7167 39 126 -16 49 63 37 32700 33 32766 10 63 16 32766 32766 57 
56080 1997 10 25 7215 7232 7197 -21 40 -45 43 83 52 59 8 32766 13 53 16 32766 32766 0 
56080 1997 10 26 7227 7243 7207 -18 55 -69 43 80 48 32700 12 32766 13 40 12 32766 32766 46 
56080 1997 10 27 7203 7233 7173 8 71 -25 40 63 37 5 21 32766 25 67 14 32766 32766 44 
56080 1997 10 28 7215 7239 7197 -5 51 -26 37 63 43 7 18 32766 15 70 16 32766 32766 46 
56080 1997 10 29 7235 7252 7208 -14 59 -74 35 66 33 1 19 32766 10 47 5 32766 32766 82 
56080 1997 10 30 7233 7253 7209 -7 73 -66 38 68 41 0 17 32766 5 70 2 32766 32766 77 
56080 1997 10 31 7219 7235 7195 -1 69 -54 46 78 47 0 10 32766 0 50 14 32766 32766 33 
56080 1997 11 1 7214 7230 7192 8 64 -24 44 67 42 32700 24 32766 28 100 10 32766 32766 67 
56080 1997 11 2 7211 7227 7185 10 99 -36 36 59 16 0 25 32766 15 40 14 32766 32766 72 
56080 1997 11 3 7244 7256 7212 -8 96 -85 28 57 14 0 21 32766 8 33 8 32766 32766 90 
56080 1997 11 4 7250 7274 7221 -6 106 -86 27 54 13 0 26 32766 18 60 10 32766 32766 95 
56080 1997 11 5 7219 7238 7187 2 116 -79 31 57 20 0 26 32766 5 53 16 32766 32766 84 
56080 1997 11 6 7220 7234 7195 -2 122 -87 27 54 16 0 31 32766 8 63 14 32766 32766 88 
56080 1997 11 7 7212 7232 7185 8 125 -76 24 46 11 0 38 32766 18 77 13 32766 32766 96 
56080 1997 11 8 7182 7204 7151 4 135 -86 24 46 11 0 31 32766 0 37 2 32766 32766 95 
56080 1997 11 9 7157 7188 7113 5 129 -81 33 56 15 0 29 32766 13 53 10 32766 32766 90 
56080 1997 11 10 7134 7151 7097 6 142 -75 39 67 15 0 29 32766 13 60 16 32766 32766 88 
56080 1997 11 11 7160 7181 7137 -24 18 -53 44 84 73 24 13 32766 20 63 16 32766 32766 0 
56080 1997 11 12 7183 7192 7164 -42 1 -65 32 71 56 25 15 32766 15 53 16 32766 32766 17 
56080 1997 11 13 7173 7204 7143 -34 31 -71 28 61 23 0 17 32766 0 77 11 32766 32766 85 
56080 1997 11 14 7129 7162 7096 -38 62 -125 19 49 16 0 31 32766 28 90 11 32766 32766 95 
56080 1997 11 15 7142 7209 7108 -80 5 -129 21 64 27 4 18 32766 28 110 16 32766 32766 59 
56080 1997 11 16 7214 7240 7174 -105 22 -185 16 62 18 4 12 32766 8 70 14 32766 32766 90 
56080 1997 11 17 7163 7197 7123 -67 58 -147 20 58 25 0 16 32766 0 40 16 32766 32766 82 
56080 1997 11 18 7132 7147 7108 -31 73 -109 27 58 29 0 20 32766 0 73 16 32766 32766 88 
56080 1997 11 19 7129 7146 7104 -19 75 -83 32 61 37 0 14 32766 0 30 16 32766 32766 83 
56080 1997 11 20 7124 7138 7106 -6 54 -40 39 68 46 0 10 32766 3 30 16 32766 32766 40 
56080 1997 11 21 7161 7178 7139 -23 91 -96 22 53 7 0 27 32766 20 103 13 32766 32766 90 
56080 1997 11 22 7169 7188 7145 -28 94 -117 21 49 11 0 26 32766 3 97 14 32766 32766 85 
56080 1997 11 23 7124 7177 7071 -30 89 -118 22 52 15 0 17 32766 3 40 1 32766 32766 91 
56080 1997 11 24 7077 7098 7045 -17 115 -116 22 52 9 0 29 32766 20 87 12 32766 32766 86 
56080 1997 11 25 7123 7148 7072 -33 21 -85 26 56 30 0 16 32766 13 53 1 32766 32766 64 
56080 1997 11 26 7117 7150 7083 -55 44 -130 21 58 25 0 15 32766 5 67 16 32766 32766 63 
56080 1997 11 27 7126 7142 7108 -61 -4 -107 26 67 35 32700 7 32766 8 50 16 32766 32766 12 
56080 1997 11 28 7153 7168 7131 -58 1 -77 30 75 54 2 3 32766 0 53 15 32766 32766 42 
56080 1997 11 29 7150 7174 7122 -50 56 -124 25 64 12 0 9 32766 5 77 14 32766 32766 64 
56080 1997 11 30 7149 7186 7109 -44 90 -123 22 60 8 0 20 32766 25 83 14 32766 32766 59 
56080 1997 12 1 7218 7248 7186 -89 6 -160 18 60 22 32700 15 32766 5 50 16 32766 32766 83 
56080 1997 12 2 7169 7209 7139 -84 6 -148 18 56 41 0 8 32766 0 20 2 32766 32766 35 
56080 1997 12 3 7145 7168 7116 -55 88 -153 19 55 18 0 21 32766 13 100 10 32766 32766 87 
56080 1997 12 4 7121 7142 7096 -19 114 -124 21 45 15 0 23 32766 5 83 10 32766 32766 77 
56080 1997 12 5 7118 7136 7103 0 106 -74 24 45 7 0 24 32766 10 93 14 32766 32766 44 
56080 1997 12 6 7157 7171 7122 -58 73 -128 21 63 2 0 20 32766 10 87 16 32766 32766 68 
56080 1997 12 7 7200 7215 7168 -109 -55 -134 17 64 42 3 10 32766 8 87 16 32766 32766 82 
56080 1997 12 8 7178 7212 7147 -114 -17 -180 13 56 20 0 12 32766 0 60 1 32766 32766 80 
56080 1997 12 9 7168 7182 7143 -114 4 -183 14 58 19 0 12 32766 0 40 16 32766 32766 79 
56080 1997 12 10 7163 7185 7137 -112 4 -187 15 61 20 0 10 32766 0 33 16 32766 32766 73 
56080 1997 12 11 7140 7161 7124 -83 -39 -103 21 64 39 2 5 32766 8 33 10 32766 32766 33 
56080 1997 12 12 7149 7166 7133 -72 42 -152 19 59 16 0 22 32766 13 80 10 32766 32766 88 
56080 1997 12 13 7148 7163 7133 -62 63 -159 15 44 14 0 25 32766 15 77 11 32766 32766 86 
56080 1997 12 14 7147 7165 7122 -77 40 -149 17 51 23 0 11 32766 0 13 14 32766 32766 24 
56080 1997 12 15 7126 7139 7114 -39 60 -93 28 62 32 32700 11 32766 5 50 16 32766 32766 57 
56080 1997 12 16 7154 7172 7134 -48 45 -136 20 55 19 0 24 32766 28 80 11 32766 32766 89 
56080 1997 12 17 7166 7181 7141 -72 38 -156 11 34 11 0 19 32766 3 57 11 32766 32766 32766 
56080 1997 12 18 7149 7172 7125 -76 48 -172 11 33 13 0 25 32766 18 100 10 32766 32766 90 
56080 1997 12 19 7143 7164 7125 -71 53 -174 9 32 9 0 24 32766 8 80 10 32766 32766 84 
56080 1997 12 20 7151 7169 7137 -80 25 -166 12 39 16 0 13 32766 0 40 16 32766 32766 56 
56080 1997 12 21 7173 7189 7148 -86 45 -174 11 37 7 0 17 32766 3 43 11 32766 32766 83 
56080 1997 12 22 7176 7199 7153 -84 44 -176 11 39 7 0 19 32766 0 70 10 32766 32766 82 
56080 1997 12 23 7142 7166 7116 -87 46 -180 11 34 10 0 15 32766 3 63 14 32766 32766 84 
56080 1997 12 24 7106 7122 7085 -84 57 -176 10 33 11 0 14 32766 0 43 16 32766 32766 70 
56080 1997 12 25 7133 7157 7106 -84 60 -174 14 45 5 0 20 32766 3 83 14 32766 32766 82 
56080 1997 12 26 7137 7171 7105 -85 71 -191 12 51 4 0 18 32766 10 73 14 32766 32766 85 
56080 1997 12 27 7148 7169 7124 -101 14 -170 16 54 18 0 12 32766 5 37 10 32766 32766 77 
56080 1997 12 28 7126 7156 7095 -87 19 -156 17 61 18 0 13 32766 5 73 16 32766 32766 84 
56080 1997 12 29 7146 7167 7130 -80 8 -160 14 45 22 0 12 32766 3 33 16 32766 32766 74 
56080 1997 12 30 7139 7161 7107 -95 12 -180 14 50 14 0 10 32766 0 37 16 32766 32766 36 
56080 1997 12 31 7144 7167 7126 -93 1 -150 13 45 15 0 14 32766 3 53 16 32766 32766 71 
56080 1998 1 1 7126 7153 7103 -105 22 -202 5 26 3 0 24 32766 18 83 12 32766 32766 89 
56080 1998 1 2 7104 7115 7087 -76 52 -184 5 19 0 0 26 32766 13 110 12 32766 32766 80 
56080 1998 1 3 7147 7161 7112 -97 -6 -171 8 28 10 0 15 32766 15 57 1 32766 32766 57 
