V01000 V04001 V04002 V04003 V10004 V10201 V10202 V12001 V12052 V12053 V13004 V13003 V13007 V13201 V13241 V13242 V11002 V11042 V11212 V11041 V11043 V14032
54823 1977 1 8 10194 32766 32766 -11 41 -52 25 45 335 0 15 32766 23 40 4 70 3 3 
54823 1977 1 9 10199 32766 32766 -12 26 -46 26 49 323 32700 17 32766 30 63 15 110 15 66 
54823 1977 1 10 10196 32766 32766 -23 31 -78 20 42 320 0 18 32766 20 57 9 154 9 18 
54823 1977 1 11 10216 32766 32766 -51 13 -92 14 36 316 0 36 32766 23 50 3 95 3 80 
54823 1977 1 12 10256 32766 32766 -55 -16 -88 12 29 316 0 13 32766 20 40 15 75 16 84 
54823 1977 1 13 10278 32766 32766 -53 -3 -95 10 25 309 0 12 32766 28 50 6 74 5 82 
54823 1977 1 14 10238 32766 32766 -24 16 -62 11 23 314 0 10 32766 20 30 9 55 6 7 
54823 1977 1 15 10206 32766 32766 -10 34 -41 19 34 324 0 17 32766 23 53 11 95 10 66 
54823 1977 1 16 10228 32766 32766 -15 45 -67 28 50 345 0 14 32766 33 40 4 69 13 73 
54823 1977 1 17 10257 32766 32766 -32 9 -76 25 56 332 0 17 32766 48 70 4 115 4 55 
54823 1977 1 18 10220 32766 32766 -10 34 -54 30 52 343 0 17 32766 28 53 11 107 12 15 
54823 1977 1 19 10221 32766 32766 -16 14 -37 41 75 368 0 15 32766 35 43 4 64 4 0 
54823 1977 1 20 10229 32766 32766 -11 12 -45 45 81 376 31001 7 32766 33 50 3 81 2 0 
54823 1977 1 21 10278 32766 32766 -39 5 -85 21 49 321 0 36 32766 35 70 5 98 5 71 
54823 1977 1 22 10204 32766 32766 -12 21 -46 32 57 353 31002 16 32766 38 63 11 109 10 35 
54823 1977 1 23 10164 32766 32766 16 68 -29 42 62 352 0 17 32766 35 60 11 99 9 68 
54823 1977 1 24 10122 32766 32766 5 19 -14 46 74 361 32700 18 32766 30 57 11 106 10 0 
54823 1977 1 25 10188 32766 32766 -26 -8 -41 36 70 346 4 14 32766 78 117 4 168 4 0 
54823 1977 1 26 10225 32766 32766 -49 -1 -86 19 50 313 31001 16 32766 28 47 1 90 2 86 
54823 1977 1 27 10263 32766 32766 -75 -41 -104 11 31 314 0 17 32766 35 57 4 96 3 64 
54823 1977 1 28 10286 32766 32766 -86 -41 -119 10 35 312 0 15 32766 30 47 4 92 3 85 
54823 1977 1 29 10293 32766 32766 -77 -47 -104 9 28 315 0 14 32766 15 43 4 81 3 50 
54823 1977 1 30 10250 32766 32766 -54 -3 -95 11 29 317 0 13 32766 18 43 14 68 13 53 
54823 1977 1 31 10183 32766 32766 -28 14 -57 11 24 314 0 26 32766 40 77 11 152 10 56 
54823 1977 2 1 10191 32766 32766 -18 31 -74 16 30 323 0 18 32766 23 40 13 71 10 77 
54823 1977 2 2 10229 32766 32766 -29 23 -61 24 51 328 0 36 32766 20 50 5 85 3 79 
54823 1977 2 3 10222 32766 32766 -35 32 -79 18 43 315 0 7 32766 20 43 5 68 1 82 
54823 1977 2 4 10259 32766 32766 -43 -1 -78 10 23 310 0 21 32766 23 47 4 75 1 92 
54823 1977 2 5 10294 32766 32766 -45 6 -90 12 31 311 0 19 32766 23 43 3 74 4 87 
54823 1977 2 6 10293 32766 32766 -23 27 -58 9 18 306 0 17 32766 25 30 5 58 11 62 
54823 1977 2 7 10256 32766 32766 6 48 -25 16 24 313 0 25 32766 33 63 11 109 10 54 
54823 1977 2 8 10222 32766 32766 23 80 -21 20 31 312 0 31 32766 53 80 11 132 10 81 
54823 1977 2 9 10163 32766 32766 43 93 16 25 31 321 0 51 32766 40 70 11 127 10 89 
54823 1977 2 10 10158 32766 32766 60 125 -11 25 28 314 0 52 32766 38 70 12 123 11 91 
54823 1977 2 11 10128 32766 32766 1 84 -65 38 63 347 0 18 32766 15 40 3 66 3 87 
54823 1977 2 12 10140 32766 32766 -16 24 -29 46 85 361 32700 8 32766 65 100 4 153 4 0 
54823 1977 2 13 10230 32766 32766 -36 -1 -58 26 57 336 0 23 32766 68 83 4 124 4 81 
54823 1977 2 14 10255 32766 32766 -38 -8 -60 18 40 326 31001 13 32766 30 73 2 155 1 60 
54823 1977 2 15 10282 32766 32766 -82 -25 -112 8 23 315 0 22 32766 33 70 3 127 2 90 
54823 1977 2 16 10295 32766 32766 -66 -4 -108 10 28 315 0 20 32766 23 47 14 88 15 92 
54823 1977 2 17 10269 32766 32766 -17 46 -65 11 19 316 0 29 32766 33 50 12 92 10 95 
54823 1977 2 18 10213 32766 32766 22 97 -47 15 26 304 0 52 32766 38 110 11 182 10 92 
54823 1977 2 19 10159 32766 32766 70 99 47 16 17 308 0 72 32766 45 113 11 191 10 5 
54823 1977 2 20 10234 32766 32766 17 70 -25 14 21 303 0 48 32766 60 110 16 186 16 63 
54823 1977 2 21 10278 32766 32766 -25 23 -79 6 11 309 0 46 32766 55 87 12 146 10 87 
54823 1977 2 22 10173 32766 32766 51 118 -4 9 11 306 0 64 32766 58 90 13 150 13 85 
54823 1977 2 23 10092 32766 32766 101 165 51 17 15 309 0 102 32766 53 87 11 168 10 82 
54823 1977 2 24 10029 32766 32766 146 198 111 34 21 315 0 133 32766 58 80 11 172 9 96 
54823 1977 2 25 10083 32766 32766 132 167 106 26 18 308 0 103 32766 38 77 15 136 15 61 
54823 1977 2 26 10065 32766 32766 133 181 89 26 17 313 0 113 32766 58 100 11 208 11 91 
54823 1977 2 27 10032 32766 32766 157 217 116 49 28 319 0 126 32766 40 67 11 120 10 92 
54823 1977 2 28 10039 32766 32766 170 220 127 63 34 324 0 81 32766 35 77 9 157 9 79 
54823 1977 3 1 10068 32766 32766 78 187 -5 70 66 351 0 45 32766 58 133 4 198 3 27 
54823 1977 3 2 10221 32766 32766 0 37 -22 27 46 331 0 40 32766 65 120 4 178 4 83 
54823 1977 3 3 10253 32766 32766 5 38 -23 21 34 312 0 38 32766 33 73 1 148 1 90 
54823 1977 3 4 10227 32766 32766 34 103 -18 17 23 314 0 41 32766 40 77 10 135 9 94 
54823 1977 3 5 10131 32766 32766 125 197 64 21 14 311 0 121 32766 53 90 11 161 9 98 
54823 1977 3 6 10103 32766 32766 152 202 104 23 14 308 0 120 32766 43 60 11 124 10 91 
54823 1977 3 7 10068 32766 32766 165 229 86 32 17 310 0 130 32766 38 100 11 166 9 99 
54823 1977 3 8 10105 32766 32766 144 203 74 44 26 316 0 139 32766 58 100 11 181 1 63 
54823 1977 3 9 10226 32766 32766 59 102 15 23 26 311 0 75 32766 35 63 5 105 4 99 
54823 1977 3 10 10178 32766 32766 97 159 35 29 24 315 0 77 32766 25 67 11 128 8 80 
54823 1977 3 11 10168 32766 32766 130 187 77 45 31 320 0 87 32766 35 70 11 111 9 100 
54823 1977 3 12 10135 32766 32766 136 178 101 62 42 323 0 98 32766 35 90 10 167 10 49 
54823 1977 3 13 10081 32766 32766 143 202 89 83 53 337 0 78 32766 50 93 10 160 9 92 
54823 1977 3 14 10141 32766 32766 133 172 99 50 32 311 0 84 32766 33 70 11 132 10 82 
54823 1977 3 15 10119 32766 32766 141 206 81 52 32 324 0 76 32766 30 60 9 85 8 70 
54823 1977 3 16 10083 32766 32766 144 193 91 56 33 317 0 91 32766 23 53 4 88 2 92 
54823 1977 3 17 10112 32766 32766 106 161 67 96 76 360 18 19 32766 23 40 3 58 3 0 
54823 1977 3 18 10165 32766 32766 105 139 75 88 72 344 0 34 32766 20 50 3 81 1 39 
54823 1977 3 19 10189 32766 32766 120 176 71 50 38 318 0 57 32766 23 50 12 99 10 91 
54823 1977 3 20 10173 32766 32766 140 179 106 54 35 319 0 104 32766 58 97 11 175 9 100 
54823 1977 3 21 10148 32766 32766 142 187 107 43 28 311 0 121 32766 50 90 11 128 10 86 
54823 1977 3 22 10161 32766 32766 116 153 55 74 55 340 0 45 32766 20 120 15 170 14 49 
54823 1977 3 23 10247 32766 32766 33 128 20 33 43 316 18 51 32766 45 97 15 156 14 86 
54823 1977 3 24 10156 32766 32766 71 137 12 12 13 306 0 102 32766 78 110 12 183 11 102 
54823 1977 3 25 10052 32766 32766 132 196 26 25 17 307 0 119 32766 45 73 11 134 10 81 
54823 1977 3 26 10062 32766 32766 108 177 62 51 40 331 0 101 32766 43 73 4 137 2 100 
54823 1977 3 27 10159 32766 32766 95 151 32 47 42 324 0 62 32766 40 50 4 76 13 43 
54823 1977 3 28 10142 32766 32766 128 182 70 39 28 316 0 73 32766 13 40 9 61 7 84 
54823 1977 3 29 10136 32766 32766 124 168 90 58 41 330 0 62 32766 23 43 11 70 11 76 
54823 1977 3 30 10142 32766 32766 122 174 69 78 56 342 0 72 32766 33 57 13 103 10 102 
54823 1977 3 31 10101 32766 32766 155 219 104 72 45 322 0 110 32766 60 90 11 135 9 110 
54823 1977 4 1 10093 32766 32766 165 204 139 67 35 328 0 149 32766 55 93 4 149 9 112 
54823 1977 4 2 10088 32766 32766 168 248 81 72 37 329 0 103 32766 33 50 11 90 10 109 
54823 1977 4 3 10098 32766 32766 160 196 104 116 65 350 30 60 32766 33 60 4 86 1 40 
54823 1977 4 4 10133 32766 32766 149 229 68 106 66 340 32700 72 32766 25 63 13 90 13 104 
54823 1977 4 5 10098 32766 32766 148 194 113 118 70 361 32700 42 32766 28 70 3 124 2 0 
54823 1977 4 6 10104 32766 32766 69 115 41 87 86 375 9 26 32766 70 107 4 145 3 0 
54823 1977 4 7 10099 32766 32766 105 167 49 85 66 350 0 48 32766 40 60 11 95 11 39 
54823 1977 4 8 10057 32766 32766 152 200 119 106 63 345 0 78 32766 40 80 11 141 9 99 
54823 1977 4 9 10114 32766 32766 145 189 108 50 31 316 32700 104 32766 35 70 4 106 3 106 
54823 1977 4 10 10078 32766 32766 199 258 138 85 36 322 0 154 32766 58 90 11 156 10 115 
54823 1977 4 11 10049 32766 32766 212 257 175 104 43 321 0 157 32766 40 70 10 130 9 111 
54823 1977 4 12 10057 32766 32766 213 266 161 83 35 316 0 143 32766 48 67 9 129 8 115 
54823 1977 4 13 10050 32766 32766 201 267 134 92 40 327 0 113 32766 23 40 10 70 3 115 
54823 1977 4 14 9999 32766 32766 166 219 140 114 61 349 32700 42 32766 20 50 4 68 3 0 
54823 1977 4 15 9991 32766 32766 190 266 118 116 60 328 0 74 32766 23 80 11 136 9 117 
54823 1977 4 16 10001 32766 32766 201 260 116 130 57 340 20 145 32766 78 107 11 194 9 54 
54823 1977 4 17 10104 32766 32766 107 142 75 37 29 316 4 111 32766 53 120 15 175 14 101 
54823 1977 4 18 10091 32766 32766 127 200 46 31 24 311 0 128 32766 60 110 13 168 13 122 
54823 1977 4 19 10027 32766 32766 208 286 146 44 18 310 0 179 32766 53 80 12 118 10 122 
54823 1977 4 20 10024 32766 32766 237 301 170 74 25 318 0 154 32766 23 53 13 67 13 119 
54823 1977 4 21 10042 32766 32766 243 291 207 96 32 320 0 132 32766 25 60 11 103 10 94 
54823 1977 4 22 10019 32766 32766 247 308 201 117 38 325 0 142 32766 28 60 4 71 3 118 
54823 1977 4 23 10004 32766 32766 164 245 150 157 84 367 98 35 32766 30 70 4 96 2 0 
54823 1977 4 24 10005 32766 32766 125 150 108 137 95 391 42 13 32766 35 57 1 114 2 0 
54823 1977 4 25 10071 32766 32766 159 212 112 118 69 341 0 68 32766 20 60 5 91 4 18 
54823 1977 4 26 10045 32766 32766 160 184 140 143 78 372 3 31 32766 28 47 10 86 9 0 
54823 1977 4 27 10038 32766 32766 147 185 121 120 73 357 2 44 32766 10 50 11 75 15 51 
54823 1977 4 28 10069 32766 32766 159 224 104 75 46 318 0 109 32766 28 57 13 93 11 117 
54823 1977 4 29 10097 32766 32766 192 236 152 71 31 324 0 125 32766 30 67 10 114 10 106 
54823 1977 4 30 10095 32766 32766 208 255 164 80 34 317 0 137 32766 25 67 9 111 8 114 
54823 1977 5 1 10043 32766 32766 159 207 128 145 82 365 70 52 32766 28 50 10 78 10 56 
54823 1977 5 2 10056 32766 32766 198 244 153 105 48 323 0 106 32766 28 50 10 79 10 101 
54823 1977 5 3 10054 32766 32766 213 267 168 89 36 321 0 124 32766 33 80 10 120 9 80 
54823 1977 5 4 10050 32766 32766 178 215 143 120 60 343 0 91 32766 43 70 11 118 10 78 
54823 1977 5 5 10000 32766 32766 197 261 133 125 57 332 0 137 32766 63 100 10 161 7 118 
54823 1977 5 6 10065 32766 32766 199 239 160 68 30 317 0 140 32766 33 60 2 99 1 106 
54823 1977 5 7 10073 32766 32766 219 284 136 68 26 317 0 156 32766 33 67 10 100 10 116 
54823 1977 5 8 10079 32766 32766 241 288 200 70 25 313 0 158 32766 38 60 9 120 8 94 
54823 1977 5 9 10101 32766 32766 214 271 138 91 37 329 0 125 32766 28 43 11 82 9 125 
54823 1977 5 10 10090 32766 32766 192 251 136 139 63 352 0 85 32766 18 50 13 87 12 87 
54823 1977 5 11 10057 32766 32766 199 244 164 143 62 357 32700 65 32766 20 40 12 61 11 36 
54823 1977 5 12 10034 32766 32766 234 293 183 160 56 341 0 109 32766 25 50 13 89 11 117 
54823 1977 5 13 10063 32766 32766 158 254 89 143 80 359 446 62 32766 48 150 3 257 2 0 
54823 1977 5 14 10109 32766 32766 126 193 63 82 60 330 0 70 32766 20 47 3 87 2 128 
54823 1977 5 15 10057 32766 32766 167 219 105 90 49 338 0 99 32766 38 70 10 123 11 128 
54823 1977 5 16 10028 32766 32766 180 219 137 104 51 338 0 87 32766 33 63 11 104 10 106 
54823 1977 5 17 10024 32766 32766 199 249 131 129 55 343 0 83 32766 28 47 11 87 10 111 
54823 1977 5 18 10039 32766 32766 210 246 175 163 66 350 32700 56 32766 20 40 13 69 11 43 
54823 1977 5 19 10039 32766 32766 214 271 170 126 50 334 0 69 32766 18 43 14 74 13 46 
54823 1977 5 20 10033 32766 32766 150 221 123 128 78 342 66 23 32766 18 40 14 53 13 0 
54823 1977 5 21 10051 32766 32766 162 203 121 139 77 361 3 59 32766 30 47 4 85 2 103 
54823 1977 5 22 10083 32766 32766 187 257 126 157 75 350 0 70 32766 33 47 4 63 4 73 
54823 1977 5 23 10083 32766 32766 207 253 171 184 77 360 26 59 32766 20 47 12 64 11 71 
54823 1977 5 24 10038 32766 32766 234 283 183 146 52 337 0 110 32766 45 60 11 119 10 124 
54823 1977 5 25 10002 32766 32766 244 290 204 171 58 344 0 127 32766 58 87 11 193 10 107 
54823 1977 5 26 10038 32766 32766 225 272 185 176 65 351 0 101 32766 33 80 4 121 3 58 
54823 1977 5 27 10055 32766 32766 214 256 180 203 81 364 0 57 32766 18 60 3 100 3 48 
54823 1977 5 28 9984 32766 32766 216 256 188 209 82 375 4 39 32766 13 37 16 58 15 26 
54823 1977 5 29 9949 32766 32766 231 274 188 206 75 355 0 87 32766 33 63 4 91 1 111 
54823 1977 5 30 9965 32766 32766 214 274 168 190 76 360 32700 60 32766 38 57 12 97 11 40 
54823 1977 5 31 9976 32766 32766 250 276 213 176 56 340 0 108 32766 30 47 10 81 9 73 
54823 1977 6 1 9943 32766 32766 270 332 224 133 38 329 0 150 32766 33 63 12 108 11 124 
54823 1977 6 2 9963 32766 32766 236 294 197 168 60 336 48 116 32766 33 70 14 185 12 73 
54823 1977 6 3 9996 32766 32766 227 276 179 162 60 344 17 100 32766 33 43 10 82 10 109 
54823 1977 6 4 9991 32766 32766 272 336 204 143 42 327 0 131 32766 38 67 1 126 1 130 
54823 1977 6 5 10003 32766 32766 265 319 221 168 50 334 0 132 32766 23 50 16 87 14 109 
54823 1977 6 6 9982 32766 32766 269 326 205 159 47 329 1 130 32766 25 50 14 79 13 127 
54823 1977 6 7 9964 32766 32766 292 344 239 155 41 323 0 197 32766 48 90 10 160 10 129 
54823 1977 6 8 9958 32766 32766 304 345 273 163 38 329 0 204 32766 70 80 10 163 10 118 
54823 1977 6 9 9941 32766 32766 288 350 253 182 48 326 0 172 32766 33 80 15 141 13 85 
54823 1977 6 10 9961 32766 32766 250 278 227 141 45 316 0 150 32766 45 87 15 147 14 104 
54823 1977 6 11 9938 32766 32766 271 335 210 74 21 313 0 200 32766 50 100 14 142 13 132 
54823 1977 6 12 9930 32766 32766 301 350 259 103 24 320 0 219 32766 48 80 4 106 3 131 
54823 1977 6 13 10004 32766 32766 272 316 217 133 37 333 0 207 32766 58 90 4 139 3 129 
54823 1977 6 14 10015 32766 32766 240 281 194 154 52 345 0 80 32766 10 40 4 63 3 17 
54823 1977 6 15 9982 32766 32766 255 316 206 152 48 331 0 107 32766 23 40 12 63 11 106 
54823 1977 6 16 9975 32766 32766 273 327 226 179 50 342 0 122 32766 33 57 10 90 9 103 
54823 1977 6 17 10003 32766 32766 281 337 217 175 48 329 0 150 32766 25 50 10 96 9 129 
54823 1977 6 18 9995 32766 32766 302 349 242 161 38 328 0 154 32766 20 63 12 115 11 101 
54823 1977 6 19 10003 32766 32766 289 337 249 156 40 331 0 160 32766 35 57 12 87 10 103 
54823 1977 6 20 9985 32766 32766 303 350 267 159 38 329 32700 152 32766 25 80 8 140 7 85 
54823 1977 6 21 9975 32766 32766 278 314 254 175 47 340 32700 145 32766 50 80 10 133 9 44 
54823 1977 6 22 9969 32766 32766 283 341 233 160 42 332 0 166 32766 38 73 10 114 9 119 
54823 1977 6 23 9997 32766 32766 250 304 233 214 68 360 57 102 32766 20 60 14 117 1 79 
54823 1977 6 24 10005 32766 32766 240 293 204 234 80 358 43 57 32766 28 57 5 87 4 41 
54823 1977 6 25 9987 32766 32766 244 285 216 220 73 360 3 72 32766 20 57 8 98 8 21 
54823 1977 6 26 9968 32766 32766 259 306 229 232 70 356 32700 78 32766 28 70 4 107 3 46 
54823 1977 6 27 9931 32766 32766 253 301 228 217 68 356 32700 79 32766 23 60 9 119 9 44 
54823 1977 6 28 9925 32766 32766 292 357 222 259 66 350 0 111 32766 35 67 10 110 9 117 
54823 1977 6 29 9934 32766 32766 283 356 209 233 63 338 258 157 32766 48 160 14 281 13 108 
54823 1977 6 30 9932 32766 32766 259 304 220 246 75 357 13 78 32766 23 47 15 85 14 97 
54823 1977 7 1 9932 32766 32766 289 370 244 275 70 350 34 104 32766 30 80 5 214 8 116 
54823 1977 7 2 9905 32766 32766 292 352 242 277 70 347 114 80 32766 25 80 11 177 13 76 
54823 1977 7 3 9909 32766 32766 268 316 232 274 80 356 410 130 32766 25 40 14 38 15 124 
54823 1977 7 4 9951 32766 32766 288 342 228 275 70 354 75 102 32766 18 80 11 173 11 118 
54823 1977 7 5 9976 32766 32766 255 293 241 305 93 385 561 73 32766 18 53 15 112 15 0 
54823 1977 7 6 9950 32766 32766 283 352 236 316 83 363 14 74 32766 30 67 9 32766 32766 82 
54823 1977 7 7 9940 32766 32766 283 331 246 309 82 362 124 84 32766 23 67 11 114 11 110 
54823 1977 7 8 9913 32766 32766 297 334 272 318 76 362 32700 84 32766 28 43 12 79 10 74 
54823 1977 7 9 9912 32766 32766 297 353 260 281 70 340 0 101 32766 23 50 4 77 13 128 
54823 1977 7 10 9945 32766 32766 275 318 249 270 74 357 15 77 32766 33 60 4 97 3 33 
54823 1977 7 11 9962 32766 32766 256 297 219 248 76 360 63 83 32766 20 40 3 83 6 88 
54823 1977 7 12 9932 32766 32766 274 320 236 242 68 349 0 101 32766 25 50 3 91 3 114 
54823 1977 7 13 9931 32766 32766 252 302 209 265 82 370 84 70 32766 25 57 5 121 3 32766 
54823 1977 7 14 9969 32766 32766 273 319 177 266 75 347 165 74 32766 10 193 15 348 13 120 
54823 1977 7 15 10012 32766 32766 275 336 246 252 69 355 32 97 32766 20 87 6 193 6 97 
54823 1977 7 16 10022 32766 32766 287 330 240 276 71 354 1 98 32766 20 33 3 58 3 119 
54823 1977 7 17 10000 32766 32766 279 341 223 267 72 359 159 98 32766 20 130 4 192 3 117 
54823 1977 7 18 10008 32766 32766 268 317 235 265 76 360 1 78 32766 35 47 3 117 2 106 
54823 1977 7 19 10019 32766 32766 250 286 224 265 85 368 25 49 32766 25 40 4 70 5 15 
54823 1977 7 20 9987 32766 32766 237 266 220 257 88 378 224 61 32766 45 63 4 117 3 23 
54823 1977 7 21 9997 32766 32766 268 316 212 255 73 358 32700 70 32766 23 40 11 77 10 105 
54823 1977 7 22 9975 32766 32766 276 313 246 290 79 370 5 64 32766 25 60 10 112 9 59 
54823 1977 7 23 9934 32766 32766 302 327 276 314 74 365 32700 87 32766 60 93 10 171 9 51 
54823 1977 7 24 9929 32766 32766 302 337 270 304 71 359 0 107 32766 33 67 11 121 10 86 
54823 1977 7 25 9986 32766 32766 300 337 265 314 75 362 0 89 32766 28 63 4 104 3 109 
54823 1977 7 26 9976 32766 32766 294 332 267 285 70 358 32700 75 32766 30 60 9 90 8 37 
54823 1977 7 27 9968 32766 32766 292 319 261 290 72 365 32700 83 32766 25 57 4 87 4 57 
54823 1977 7 28 9954 32766 32766 286 323 255 279 72 359 3 83 32766 35 80 5 143 6 56 
54823 1977 7 29 9930 32766 32766 280 313 254 301 80 371 19 61 32766 23 50 8 102 8 50 
54823 1977 7 30 9951 32766 32766 283 306 263 309 81 372 5 47 32766 25 63 9 113 8 14 
54823 1977 7 31 9990 32766 32766 280 333 263 331 87 383 201 74 32766 25 47 11 83 15 44 
54823 1977 8 1 9982 32766 32766 290 333 264 342 86 375 2 55 32766 20 63 12 98 11 58 
54823 1977 8 2 9941 32766 32766 302 340 263 315 75 355 0 73 32766 25 50 11 92 9 107 
54823 1977 8 3 9909 32766 32766 287 324 240 304 77 372 32700 74 32766 58 100 10 166 10 30 
54823 1977 8 4 9966 32766 32766 261 309 201 221 67 348 0 104 32766 35 60 5 100 2 127 
54823 1977 8 5 9944 32766 32766 277 315 244 309 84 373 337 56 32766 25 53 9 121 7 14 
54823 1977 8 6 9915 32766 32766 293 315 257 334 82 371 5 45 32766 50 70 10 142 10 0 
54823 1977 8 7 9928 32766 32766 255 283 243 301 92 385 135 47 32766 35 50 4 79 3 25 
54823 1977 8 8 9968 32766 32766 273 319 247 301 83 370 32700 63 32766 18 43 4 62 3 62 
54823 1977 8 9 10002 32766 32766 267 297 244 253 73 364 32700 53 32766 15 40 4 59 4 9 
54823 1977 8 10 9963 32766 32766 253 293 231 249 79 357 0 67 32766 25 53 11 98 11 78 
54823 1977 8 11 9948 32766 32766 243 291 211 254 84 369 8 52 32766 30 67 14 115 13 90 
54823 1977 8 12 9961 32766 32766 251 285 208 264 84 371 209 61 32766 25 63 12 112 11 32 
54823 1977 8 13 10004 32766 32766 249 298 205 227 74 345 0 85 32766 25 57 4 86 4 108 
54823 1977 8 14 9993 32766 32766 253 285 228 237 74 365 0 60 32766 30 50 10 109 11 30 
54823 1977 8 15 9988 32766 32766 249 287 205 234 75 362 32700 68 32766 20 47 12 70 12 106 
54823 1977 8 16 10011 32766 32766 247 296 206 237 77 359 0 80 32766 18 40 3 78 1 123 
54823 1977 8 17 10044 32766 32766 233 276 195 204 73 350 0 69 32766 38 53 4 92 3 109 
54823 1977 8 18 10059 32766 32766 236 282 189 208 74 348 0 78 32766 28 43 3 84 2 125 
54823 1977 8 19 10065 32766 32766 241 284 194 214 73 354 0 71 32766 30 50 3 82 3 118 
54823 1977 8 20 10030 32766 32766 247 296 192 207 68 348 0 69 32766 30 43 4 85 1 79 
54823 1977 8 21 10004 32766 32766 258 305 206 214 66 346 0 98 32766 23 50 3 80 3 110 
54823 1977 8 22 10018 32766 32766 244 301 204 213 72 349 0 78 32766 40 57 3 102 3 80 
54823 1977 8 23 10037 32766 32766 247 301 210 216 72 346 0 88 32766 38 60 4 105 3 104 
54823 1977 8 24 10038 32766 32766 249 297 212 198 65 337 0 104 32766 35 63 3 106 3 121 
54823 1977 8 25 10030 32766 32766 251 296 195 161 51 337 0 98 32766 20 50 4 77 2 120 
54823 1977 8 26 10023 32766 32766 260 312 201 197 60 343 0 83 32766 5 33 15 50 15 116 
54823 1977 8 27 10024 32766 32766 274 321 228 205 57 343 0 95 32766 23 47 6 81 5 106 
54823 1977 8 28 10029 32766 32766 281 332 233 210 56 340 0 87 32766 23 50 11 94 10 107 
54823 1977 8 29 10036 32766 32766 244 291 231 239 78 373 33 47 32766 10 67 11 118 11 41 
54823 1977 8 30 10042 32766 32766 243 294 205 221 74 356 0 67 32766 25 33 3 63 3 98 
54823 1977 8 31 10052 32766 32766 242 295 206 235 80 356 0 58 32766 18 47 3 99 3 82 
54823 1977 9 1 10043 32766 32766 246 301 205 235 78 353 0 77 32766 23 43 5 78 3 97 
54823 1977 9 2 10021 32766 32766 258 316 215 231 72 352 0 69 32766 8 40 6 76 5 103 
54823 1977 9 3 10038 32766 32766 272 321 224 235 66 348 0 75 32766 23 47 5 82 3 97 
54823 1977 9 4 10044 32766 32766 282 331 232 243 64 351 0 85 32766 28 47 11 89 9 87 
54823 1977 9 5 10034 32766 32766 260 300 236 243 72 366 0 67 32766 33 53 10 110 15 22 
54823 1977 9 6 10048 32766 32766 228 254 210 222 80 369 5 32 32766 25 37 15 57 13 0 
54823 1977 9 7 10053 32766 32766 234 300 176 164 61 334 0 76 32766 23 40 4 76 16 115 
54823 1977 9 8 10065 32766 32766 251 311 178 136 46 324 0 108 32766 23 60 5 85 3 113 
54823 1977 9 9 10046 32766 32766 253 315 184 136 43 332 0 110 32766 25 43 4 66 3 103 
54823 1977 9 10 10057 32766 32766 231 293 198 175 63 350 0 95 32766 40 100 3 152 3 57 
54823 1977 9 11 10095 32766 32766 208 246 163 123 52 330 0 153 32766 78 133 4 241 3 97 
54823 1977 9 12 10119 32766 32766 174 202 160 146 74 363 15 61 32766 63 77 4 135 4 0 
54823 1977 9 13 10121 32766 32766 193 222 171 182 81 378 2 41 32766 43 60 3 121 2 0 
54823 1977 9 14 10127 32766 32766 174 212 144 166 85 367 103 32 32766 43 70 5 113 3 27 
54823 1977 9 15 10112 32766 32766 208 258 164 152 65 343 32700 75 32766 28 47 4 78 3 89 
54823 1977 9 16 10067 32766 32766 208 252 186 144 60 344 4 64 32766 20 43 5 76 1 17 
54823 1977 9 17 10046 32766 32766 194 222 171 192 86 375 28 28 32766 5 30 12 44 12 15 
54823 1977 9 18 10030 32766 32766 227 279 186 188 70 346 0 67 32766 30 60 10 118 2 104 
54823 1977 9 19 10117 32766 32766 184 237 154 106 51 329 0 88 32766 45 93 5 131 5 111 
54823 1977 9 20 10150 32766 32766 149 210 95 88 54 335 0 61 32766 15 43 4 68 4 72 
54823 1977 9 21 10166 32766 32766 188 251 115 96 46 330 0 76 32766 15 33 14 61 15 109 
54823 1977 9 22 10154 32766 32766 209 275 159 109 45 328 0 77 32766 18 40 10 73 13 107 
54823 1977 9 23 10160 32766 32766 213 272 152 124 50 332 0 73 32766 23 37 3 54 3 104 
54823 1977 9 24 10151 32766 32766 227 281 176 128 47 335 0 76 32766 23 37 11 59 11 106 
54823 1977 9 25 10125 32766 32766 222 287 164 154 60 342 0 74 32766 23 43 12 61 12 110 
54823 1977 9 26 10140 32766 32766 197 240 165 125 56 332 0 87 32766 43 117 4 171 4 86 
54823 1977 9 27 10094 32766 32766 205 281 126 124 54 329 0 75 32766 15 57 10 98 11 94 
54823 1977 9 28 10062 32766 32766 234 278 204 146 51 339 0 115 32766 65 80 11 134 11 100 
54823 1977 9 29 10064 32766 32766 240 302 177 169 59 335 0 87 32766 30 57 11 93 12 80 
54823 1977 9 30 10084 32766 32766 262 320 228 218 65 347 0 81 32766 20 47 10 73 11 97 
54823 1977 10 1 10080 32766 32766 259 318 213 216 66 344 22 84 32766 38 87 15 149 15 84 
54823 1977 10 2 10119 32766 32766 192 246 176 186 84 377 519 55 32766 35 90 10 207 12 23 
54823 1977 10 3 10120 32766 32766 213 263 170 196 78 357 0 43 32766 13 23 4 37 3 90 
54823 1977 10 4 10107 32766 32766 223 263 193 190 72 350 0 44 32766 20 37 9 71 10 52 
54823 1977 10 5 10122 32766 32766 185 226 154 142 66 347 32700 54 32766 60 93 4 140 4 8 
54823 1977 10 6 10175 32766 32766 136 154 118 101 65 354 32700 51 32766 43 80 4 123 4 1 
54823 1977 10 7 10141 32766 32766 142 207 90 93 60 337 0 56 32766 23 57 10 91 14 103 
54823 1977 10 8 10100 32766 32766 186 239 142 84 40 328 0 99 32766 45 60 9 104 9 105 
54823 1977 10 9 10133 32766 32766 159 210 111 93 52 344 0 80 32766 48 90 4 158 4 100 
54823 1977 10 10 10231 32766 32766 116 175 51 70 55 326 0 55 32766 15 37 4 59 5 106 
54823 1977 10 11 10176 32766 32766 142 203 68 72 46 330 0 72 32766 38 73 10 135 11 97 
54823 1977 10 12 10114 32766 32766 194 249 155 116 51 342 0 94 32766 40 70 11 131 11 99 
54823 1977 10 13 10101 32766 32766 227 272 190 149 55 341 0 90 32766 38 67 11 119 11 99 
54823 1977 10 14 10073 32766 32766 232 266 201 110 39 332 0 124 32766 55 70 9 132 11 79 
54823 1977 10 15 10151 32766 32766 170 225 136 94 47 338 0 104 32766 43 87 3 153 3 83 
54823 1977 10 16 10176 32766 32766 121 156 88 85 61 352 32700 36 32766 18 37 4 57 4 2 
54823 1977 10 17 10176 32766 32766 170 228 122 123 64 347 0 40 32766 13 37 11 57 12 67 
54823 1977 10 18 10190 32766 32766 188 239 139 143 67 349 0 43 32766 13 27 10 42 15 88 
54823 1977 10 19 10166 32766 32766 206 252 161 120 51 337 0 75 32766 38 60 11 110 11 77 
54823 1977 10 20 10146 32766 32766 224 277 178 117 44 331 0 94 32766 33 43 11 74 12 97 
54823 1977 10 21 10140 32766 32766 219 267 184 109 43 328 0 102 32766 38 63 10 106 10 84 
54823 1977 10 22 10124 32766 32766 219 254 195 90 35 326 32700 112 32766 50 87 11 165 10 54 
54823 1977 10 23 10116 32766 32766 208 267 158 108 45 329 32700 87 32766 15 60 8 109 9 90 
54823 1977 10 24 10129 32766 32766 160 204 146 140 77 365 32700 44 32766 40 70 4 96 5 48 
54823 1977 10 25 10129 32766 32766 171 256 113 137 75 340 0 51 32766 20 47 11 79 11 86 
54823 1977 10 26 10184 32766 32766 165 216 116 148 81 356 32700 29 32766 15 37 4 53 15 51 
54823 1977 10 27 10163 32766 32766 174 200 158 189 95 389 76 6 32766 23 40 4 60 8 0 
54823 1977 10 28 10109 32766 32766 159 183 150 180 100 399 235 10 32766 23 60 5 117 5 0 
54823 1977 10 29 10036 32766 32766 147 210 110 136 80 366 155 30 32766 58 100 11 170 11 0 
54823 1977 10 30 10148 32766 32766 136 178 103 90 59 340 0 38 32766 13 30 10 31 16 92 
54823 1977 10 31 10193 32766 32766 139 177 123 111 71 359 0 26 32766 28 47 13 75 12 39 
54823 1977 11 1 10249 32766 32766 102 146 71 83 69 342 0 38 32766 25 47 16 68 1 96 
54823 1977 11 2 10268 32766 32766 99 147 52 82 70 343 0 36 32766 20 43 5 54 3 92 
54823 1977 11 3 10218 32766 32766 113 162 83 76 58 342 0 49 32766 25 63 11 130 10 77 
54823 1977 11 4 10199 32766 32766 131 180 80 92 62 341 32700 44 32766 23 47 11 90 9 73 
54823 1977 11 5 10169 32766 32766 124 152 115 121 85 375 19 11 32766 25 33 4 39 4 0 
54823 1977 11 6 10180 32766 32766 117 148 105 107 80 351 14 31 32766 30 53 4 78 3 74 
54823 1977 11 7 10197 32766 32766 98 119 79 87 73 351 0 23 32766 20 57 4 69 5 0 
54823 1977 11 8 10217 32766 32766 89 136 60 91 80 364 0 23 32766 25 47 4 86 11 51 
54823 1977 11 9 10254 32766 32766 71 112 56 68 69 333 10 36 32766 23 40 3 78 3 85 
54823 1977 11 10 10263 32766 32766 69 122 27 59 60 338 0 32 32766 23 40 13 63 13 85 
54823 1977 11 11 10262 32766 32766 57 102 13 55 63 334 0 32 32766 10 27 4 54 5 91 
54823 1977 11 12 10242 32766 32766 75 135 26 60 60 337 0 23 32766 3 27 13 43 13 86 
54823 1977 11 13 10265 32766 32766 90 138 55 72 63 349 0 27 32766 10 27 14 39 15 82 
54823 1977 11 14 10274 32766 32766 93 145 54 83 73 344 0 26 32766 5 27 2 39 4 81 
54823 1977 11 15 10224 32766 32766 94 136 60 92 78 362 0 17 32766 8 30 14 42 16 21 
54823 1977 11 16 10154 32766 32766 99 137 64 91 75 357 11 19 32766 13 37 12 69 12 53 
54823 1977 11 17 10114 32766 32766 94 139 73 70 60 342 32700 45 32766 43 67 14 112 15 75 
54823 1977 11 18 10158 32766 32766 51 96 22 44 52 330 0 40 32766 18 47 14 77 15 92 
54823 1977 11 19 10178 32766 32766 51 106 7 46 54 332 0 35 32766 15 37 13 57 13 76 
54823 1977 11 20 10069 32766 32766 89 137 51 47 42 327 0 64 32766 53 73 11 129 12 84 
54823 1977 11 21 10116 32766 32766 61 110 37 45 49 322 0 48 32766 33 83 16 138 1 57 
54823 1977 11 22 10181 32766 32766 41 97 -5 33 42 325 0 30 32766 10 40 5 49 5 87 
54823 1977 11 23 10143 32766 32766 75 138 11 45 47 324 0 57 32766 35 90 10 150 10 82 
54823 1977 11 24 10118 32766 32766 87 122 48 66 60 340 0 60 32766 30 70 10 130 10 81 
54823 1977 11 25 10137 32766 32766 30 76 -4 74 98 395 32002 7 32766 15 27 13 36 12 0 
54823 1977 11 26 10168 32766 32766 38 78 6 69 87 360 32002 13 32766 15 47 2 88 2 15 
54823 1977 11 27 10265 32766 32766 -2 42 -26 26 41 331 0 21 32766 30 63 1 109 1 89 
54823 1977 11 28 10189 32766 32766 31 81 -9 24 32 321 0 40 32766 65 100 11 160 11 87 
54823 1977 11 29 10215 32766 32766 18 60 -25 20 30 315 0 33 32766 25 47 4 76 3 88 
54823 1977 11 30 10174 32766 32766 63 111 18 34 36 325 0 61 32766 43 90 10 173 10 82 
54823 1977 12 1 10265 32766 32766 20 60 -2 37 52 338 0 31 32766 10 40 4 54 3 87 
54823 1977 12 2 10232 32766 32766 63 117 -16 31 35 322 0 66 32766 58 90 10 157 10 84 
54823 1977 12 3 10148 32766 32766 113 149 88 49 37 326 0 85 32766 48 73 11 136 10 70 
54823 1977 12 4 10115 32766 32766 101 142 58 60 50 335 0 58 32766 25 57 10 103 11 78 
54823 1977 12 5 10171 32766 32766 52 98 15 66 76 356 0 30 32766 45 63 4 100 3 74 
54823 1977 12 6 10178 32766 32766 44 87 0 62 76 357 0 15 32766 28 50 4 70 4 32 
54823 1977 12 7 10157 32766 32766 63 95 47 74 78 361 0 16 32766 10 30 15 41 15 65 
54823 1977 12 8 10137 32766 32766 54 107 8 56 67 335 0 38 32766 20 47 8 90 11 76 
54823 1977 12 9 10081 32766 32766 110 158 66 56 44 331 0 91 32766 53 107 9 200 10 82 
54823 1977 12 10 10154 32766 32766 46 89 24 67 79 369 0 29 32766 65 90 4 132 5 34 
54823 1977 12 11 10182 32766 32766 37 66 12 68 85 376 0 9 32766 28 57 4 72 4 11 
54823 1977 12 12 10191 32766 32766 39 57 30 74 92 385 3 4 32766 15 53 4 66 4 0 
54823 1977 12 13 10211 32766 32766 60 99 24 74 79 366 32700 25 32766 33 60 4 76 4 52 
54823 1977 12 14 10167 32766 32766 73 106 52 92 90 384 9 7 32766 15 33 15 52 16 0 
54823 1977 12 15 10150 32766 32766 58 91 46 88 96 393 39 6 32766 13 50 13 71 15 0 
54823 1977 12 16 10185 32766 32766 38 72 20 52 65 346 0 19 32766 18 50 10 79 11 54 
54823 1977 12 17 10140 32766 32766 62 103 26 41 44 327 0 47 32766 35 60 12 93 12 74 
54823 1977 12 18 10189 32766 32766 25 71 -2 47 66 342 0 29 32766 35 60 4 86 5 72 
54823 1977 12 19 10206 32766 32766 32 79 -7 52 71 342 0 27 32766 25 67 11 113 11 71 
54823 1977 12 20 10218 32766 32766 30 58 1 58 77 367 0 21 32766 33 70 5 113 5 5 
54823 1977 12 21 10281 32766 32766 2 31 -24 42 69 345 0 21 32766 30 53 4 77 4 68 
54823 1977 12 22 10208 32766 32766 25 58 -15 36 50 334 0 25 32766 33 60 10 119 11 41 
54823 1977 12 23 10156 32766 32766 45 91 15 52 62 348 0 37 32766 28 70 11 105 11 72 
54823 1977 12 24 10236 32766 32766 -8 60 -27 24 41 333 0 35 32766 33 67 3 107 3 80 
54823 1977 12 25 10290 32766 32766 -44 -13 -69 17 40 324 0 13 32766 8 20 2 63 4 80 
54823 1977 12 26 10264 32766 32766 -25 22 -63 14 29 314 0 17 32766 15 40 903 76 13 71 
54823 1977 12 27 10274 32766 32766 6 32 -12 23 36 323 0 13 32766 18 60 4 89 4 0 
54823 1977 12 28 10245 32766 32766 4 26 -12 38 61 351 0 12 32766 15 33 4 50 4 0 
54823 1977 12 29 10181 32766 32766 14 48 -21 43 65 344 0 14 32766 13 37 4 50 4 71 
54823 1977 12 30 10160 32766 32766 10 47 -3 45 68 360 0 17 32766 20 47 4 65 4 0 
54823 1977 12 31 10159 32766 32766 10 51 -23 45 71 349 0 10 32766 15 77 4 115 4 64 
54823 1978 1 1 10266 32766 32766 -37 11 -51 28 60 346 0 20 32766 65 90 4 131 4 61 
54823 1978 1 2 10250 32766 32766 -35 9 -72 27 59 346 0 11 32766 20 53 12 98 13 61 
54823 1978 1 3 10220 32766 32766 -5 43 -49 24 44 319 0 18 32766 28 50 13 76 16 80 
54823 1978 1 4 10249 32766 32766 -9 18 -41 22 39 324 0 25 32766 30 50 15 84 15 76 
54823 1978 1 5 10178 32766 32766 24 84 -33 15 23 310 0 43 32766 53 67 12 107 12 81 
54823 1978 1 6 10134 32766 32766 55 115 12 28 32 318 0 61 32766 40 53 10 92 11 81 
54823 1978 1 7 10151 32766 32766 21 65 -24 35 49 338 0 18 32766 25 47 4 48 4 21 
