V01000 V04001 V04002 V04003 V10004 V10201 V10202 V12001 V12052 V12053 V13004 V13003 V13007 V13201 V13241 V13242 V11002 V11042 V11212 V11041 V11043 V14032
54161 1970 1 4 10095 32766 32766 -295 -248 -365 4 69 364 0 3 32766 35 32766 32766 32766 32766 76 
54161 1970 1 5 9923 32766 32766 -175 -96 -280 11 65 363 0 8 32766 93 32766 32766 32766 32766 52 
54161 1970 1 6 9906 32766 32766 -173 -113 -240 12 72 367 0 7 32766 38 32766 32766 32766 32766 81 
54161 1970 1 7 9906 32766 32766 -159 -101 -240 15 79 367 31010 5 32766 23 32766 32766 32766 32766 47 
54161 1970 1 8 9975 32766 32766 -214 -117 -265 9 75 359 31003 5 32766 28 32766 32766 32766 32766 77 
54161 1970 1 9 9959 32766 32766 -196 -138 -261 9 66 359 0 6 32766 55 32766 32766 32766 32766 65 
54161 1970 1 10 9870 32766 32766 -160 -125 -210 15 86 376 31004 4 32766 33 32766 32766 32766 32766 39 
54161 1970 1 11 9845 32766 32766 -161 -119 -215 14 77 369 0 8 32766 50 32766 32766 32766 32766 64 
54161 1970 1 12 9876 32766 32766 -171 -105 -219 14 85 380 31011 5 32766 33 32766 32766 32766 32766 11 
54161 1970 1 13 9994 32766 32766 -250 -209 -292 7 80 377 31001 3 32766 35 32766 32766 32766 32766 79 
54161 1970 1 14 10018 32766 32766 -263 -223 -313 6 74 364 32700 3 32766 45 32766 32766 32766 32766 78 
54161 1970 1 15 10050 32766 32766 -270 -211 -322 5 74 370 0 7 32766 38 32766 32766 32766 32766 71 
54161 1970 1 16 10026 32766 32766 -257 -195 -311 6 80 378 31002 2 32766 35 32766 32766 32766 32766 70 
54161 1970 1 17 10059 32766 32766 -229 -182 -267 7 78 367 0 3 32766 35 32766 32766 32766 32766 85 
54161 1970 1 18 10034 32766 32766 -195 -141 -247 10 73 359 0 5 32766 25 32766 32766 32766 32766 81 
54161 1970 1 19 9981 32766 32766 -195 -151 -221 9 71 364 0 6 32766 28 32766 32766 32766 32766 85 
54161 1970 1 20 9965 32766 32766 -203 -167 -248 10 82 375 32700 2 32766 15 32766 32766 32766 32766 21 
54161 1970 1 21 9962 32766 32766 -238 -189 -289 8 85 380 0 4 32766 28 32766 32766 32766 32766 68 
54161 1970 1 22 9907 32766 32766 -198 -168 -245 10 77 372 31001 5 32766 43 32766 32766 32766 32766 52 
54161 1970 1 23 9952 32766 32766 -199 -158 -258 11 83 376 31001 5 32766 28 32766 32766 32766 32766 40 
54161 1970 1 24 9954 32766 32766 -191 -123 -230 11 80 361 0 5 32766 35 32766 32766 32766 32766 87 
54161 1970 1 25 9915 32766 32766 -156 -104 -229 13 71 355 32700 8 32766 30 32766 32766 32766 32766 70 
54161 1970 1 26 9934 32766 32766 -128 -90 -157 20 86 373 31001 5 32766 8 32766 32766 32766 32766 59 
54161 1970 1 27 9905 32766 32766 -106 -29 -194 24 82 366 0 12 32766 48 32766 32766 32766 32766 64 
54161 1970 1 28 9940 32766 32766 -140 -74 -175 17 80 372 0 6 32766 50 32766 32766 32766 32766 70 
54161 1970 1 29 9970 32766 32766 -167 -156 -202 13 82 377 31010 8 32766 33 32766 32766 32766 32766 56 
54161 1970 1 30 9993 32766 32766 -219 -161 -280 9 84 381 0 3 32766 5 32766 32766 32766 32766 71 
54161 1970 1 31 9922 32766 32766 -212 -155 -281 9 80 373 0 5 32766 10 32766 32766 32766 32766 74 
54161 1970 2 1 9928 32766 32766 -205 -138 -263 9 76 363 0 5 32766 33 32766 32766 32766 32766 85 
54161 1970 2 2 9976 32766 32766 -186 -107 -265 10 69 357 0 9 32766 43 32766 32766 32766 32766 87 
54161 1970 2 3 9978 32766 32766 -223 -167 -285 7 61 355 32700 5 32766 30 32766 32766 32766 32766 89 
54161 1970 2 4 10036 32766 32766 -218 -176 -277 8 74 358 31002 7 32766 33 32766 32766 32766 32766 83 
54161 1970 2 5 10035 32766 32766 -173 -108 -233 12 75 366 0 5 32766 33 32766 32766 32766 32766 88 
54161 1970 2 6 9950 32766 32766 -103 -14 -189 22 68 363 0 13 32766 75 32766 32766 32766 32766 64 
54161 1970 2 7 9908 32766 32766 -67 -25 -117 31 83 372 32700 12 32766 48 32766 32766 32766 32766 63 
54161 1970 2 8 9902 32766 32766 -155 -106 -207 10 53 349 32700 12 32766 58 32766 32766 32766 32766 64 
54161 1970 2 9 9948 32766 32766 -212 -146 -270 8 64 355 32700 5 32766 38 32766 32766 32766 32766 86 
54161 1970 2 10 9946 32766 32766 -147 -105 -215 13 63 360 0 12 32766 53 32766 32766 32766 32766 45 
54161 1970 2 11 9886 32766 32766 -91 -40 -168 20 65 355 0 15 32766 58 32766 32766 32766 32766 97 
54161 1970 2 12 9813 32766 32766 -40 25 -105 32 68 359 0 23 32766 88 32766 32766 32766 32766 78 
54161 1970 2 13 9852 32766 32766 -92 -37 -143 19 63 346 0 18 32766 43 32766 32766 32766 32766 91 
54161 1970 2 14 9938 32766 32766 -130 -80 -193 15 65 354 0 10 32766 35 32766 32766 32766 32766 83 
54161 1970 2 15 9891 32766 32766 -99 -34 -187 18 61 349 0 15 32766 83 32766 32766 32766 32766 81 
54161 1970 2 16 9828 32766 32766 -67 -10 -148 26 69 358 0 23 32766 28 32766 32766 32766 32766 87 
54161 1970 2 17 9791 32766 32766 -23 33 -75 37 70 363 0 13 32766 30 32766 32766 32766 32766 89 
54161 1970 2 18 9843 32766 32766 -43 8 -103 40 87 379 31015 21 32766 50 32766 32766 32766 32766 0 
54161 1970 2 19 9993 32766 32766 -140 -95 -194 15 72 358 32700 17 32766 20 32766 32766 32766 32766 77 
54161 1970 2 20 9896 32766 32766 -125 -102 -143 19 79 373 31003 8 32766 43 32766 32766 32766 32766 12 
54161 1970 2 21 9943 32766 32766 -179 -135 -254 11 72 352 32700 6 32766 45 32766 32766 32766 32766 90 
54161 1970 2 22 10010 32766 32766 -201 -140 -252 8 60 351 32700 5 32766 33 32766 32766 32766 32766 96 
54161 1970 2 23 10018 32766 32766 -152 -95 -208 10 54 339 0 11 32766 30 32766 32766 32766 32766 72 
54161 1970 2 24 9981 32766 32766 -128 -97 -165 14 60 353 0 16 32766 60 32766 32766 32766 32766 41 
54161 1970 2 25 9918 32766 32766 -130 -84 -234 14 62 356 0 14 32766 53 32766 32766 32766 32766 74 
54161 1970 2 26 9900 32766 32766 -126 -85 -159 18 76 362 0 10 32766 35 32766 32766 32766 32766 68 
54161 1970 2 27 9941 32766 32766 -138 -69 -212 14 64 352 0 12 32766 33 32766 32766 32766 32766 89 
54161 1970 2 28 9919 32766 32766 -151 -99 -216 12 61 345 32700 14 32766 43 32766 32766 32766 32766 76 
54161 1970 3 1 9937 32766 32766 -171 -114 -227 10 60 345 32700 10 32766 33 32766 32766 32766 32766 101 
54161 1970 3 2 9975 32766 32766 -151 -91 -197 10 55 349 0 12 32766 20 32766 32766 32766 32766 102 
54161 1970 3 3 9942 32766 32766 -137 -95 -175 12 55 352 0 12 32766 28 32766 32766 32766 32766 94 
54161 1970 3 4 9906 32766 32766 -148 -98 -217 12 61 347 0 16 32766 48 32766 32766 32766 32766 67 
54161 1970 3 5 9901 32766 32766 -140 -73 -193 12 60 342 0 10 32766 55 32766 32766 32766 32766 100 
54161 1970 3 6 9901 32766 32766 -110 -44 -171 16 61 347 0 17 32766 45 32766 32766 32766 32766 91 
54161 1970 3 7 9917 32766 32766 -109 -58 -150 23 86 376 31002 9 32766 18 32766 32766 32766 32766 55 
54161 1970 3 8 9885 32766 32766 -99 -40 -143 19 67 345 0 17 32766 30 32766 32766 32766 32766 95 
54161 1970 3 9 9857 32766 32766 -97 -36 -157 17 61 344 0 18 32766 60 32766 32766 32766 32766 89 
54161 1970 3 10 9885 32766 32766 -106 -54 -155 16 57 348 0 20 32766 78 32766 32766 32766 32766 88 
54161 1970 3 11 9937 32766 32766 -124 -69 -173 13 56 339 0 19 32766 48 32766 32766 32766 32766 104 
54161 1970 3 12 9952 32766 32766 -124 -67 -175 12 55 335 0 15 32766 35 32766 32766 32766 32766 96 
54161 1970 3 13 9954 32766 32766 -118 -56 -175 14 55 347 0 14 32766 43 32766 32766 32766 32766 85 
54161 1970 3 14 9931 32766 32766 -66 10 -154 21 55 344 0 29 32766 60 32766 32766 32766 32766 90 
54161 1970 3 15 9824 32766 32766 -33 2 -55 41 85 376 31022 24 32766 83 32766 32766 32766 32766 0 
54161 1970 3 16 9850 32766 32766 -145 -47 -183 13 59 344 31010 33 32766 35 32766 32766 32766 32766 105 
54161 1970 3 17 9890 32766 32766 -126 -71 -176 13 54 347 0 6 32766 40 32766 32766 32766 32766 107 
54161 1970 3 18 9907 32766 32766 -112 -62 -166 15 57 348 0 17 32766 43 32766 32766 32766 32766 97 
54161 1970 3 19 9970 32766 32766 -114 -56 -183 15 57 345 0 15 32766 10 32766 32766 32766 32766 85 
54161 1970 3 20 10003 32766 32766 -88 -28 -144 18 59 341 0 20 32766 35 32766 32766 32766 32766 103 
54161 1970 3 21 9986 32766 32766 -85 -34 -126 19 59 340 0 19 32766 40 32766 32766 32766 32766 104 
54161 1970 3 22 9922 32766 32766 -85 -20 -148 18 55 343 0 29 32766 70 32766 32766 32766 32766 90 
54161 1970 3 23 9872 32766 32766 -56 -3 -105 24 60 344 0 27 32766 60 32766 32766 32766 32766 85 
54161 1970 3 24 9903 32766 32766 -63 -21 -122 25 65 350 32700 19 32766 25 32766 32766 32766 32766 80 
54161 1970 3 25 9894 32766 32766 -24 56 -102 26 52 329 0 31 32766 53 32766 32766 32766 32766 107 
54161 1970 3 26 9849 32766 32766 41 114 -23 36 44 331 0 72 32766 98 32766 32766 32766 32766 106 
54161 1970 3 27 9808 32766 32766 66 119 13 42 44 334 0 98 32766 85 32766 32766 32766 32766 82 
54161 1970 3 28 9859 32766 32766 39 109 -21 37 48 327 0 61 32766 68 32766 32766 32766 32766 89 
54161 1970 3 29 9912 32766 32766 -7 37 -66 20 36 318 0 68 32766 85 32766 32766 32766 32766 84 
54161 1970 3 30 9957 32766 32766 -16 48 -80 25 47 330 0 40 32766 45 32766 32766 32766 32766 105 
54161 1970 3 31 9915 32766 32766 1 60 -41 37 62 328 32700 22 32766 23 32766 32766 32766 32766 45 
54161 1970 4 1 9926 32766 32766 15 72 -44 42 66 340 0 32766 32766 25 32766 32766 32766 32766 62 
54161 1970 4 2 9904 32766 32766 22 48 -3 43 60 354 31001 35 32766 50 32766 32766 32766 32766 0 
54161 1970 4 3 9945 32766 32766 25 95 -37 29 41 324 0 55 32766 45 32766 32766 32766 32766 94 
54161 1970 4 4 9918 32766 32766 36 126 -55 29 40 315 0 65 32766 50 32766 32766 32766 32766 106 
54161 1970 4 5 9856 32766 32766 75 154 2 43 41 331 0 117 32766 98 32766 32766 32766 32766 97 
54161 1970 4 6 9809 32766 32766 43 85 -2 54 66 351 30027 44 32766 95 32766 32766 32766 32766 0 
54161 1970 4 7 9833 32766 32766 3 61 -75 46 75 356 31024 28 32766 73 32766 32766 32766 32766 91 
54161 1970 4 8 9790 32766 32766 56 124 12 55 61 345 0 75 32766 100 32766 32766 32766 32766 69 
54161 1970 4 9 9891 32766 32766 41 97 -3 50 65 326 3 47 32766 38 32766 32766 32766 32766 85 
54161 1970 4 10 9970 32766 32766 31 104 -25 37 54 320 0 54 32766 53 32766 32766 32766 32766 76 
54161 1970 4 11 9944 32766 32766 17 68 -45 29 44 320 0 42 32766 38 32766 32766 32766 32766 100 
54161 1970 4 12 9907 32766 32766 2 56 -30 44 73 343 32700 27 32766 35 32766 32766 32766 32766 51 
54161 1970 4 13 9924 32766 32766 37 108 -48 38 53 323 0 59 32766 48 32766 32766 32766 32766 115 
54161 1970 4 14 9812 32766 32766 94 161 35 59 48 339 0 134 32766 108 32766 32766 32766 32766 52 
54161 1970 4 15 9815 32766 32766 111 165 67 83 64 345 32700 77 32766 83 32766 32766 32766 32766 83 
54161 1970 4 16 9832 32766 32766 103 189 30 85 71 344 1 64 32766 60 32766 32766 32766 32766 83 
54161 1970 4 17 9872 32766 32766 68 140 -12 40 42 323 9 63 32766 43 32766 32766 32766 32766 116 
54161 1970 4 18 9833 32766 32766 117 218 22 49 38 319 0 98 32766 40 32766 32766 32766 32766 113 
54161 1970 4 19 9811 32766 32766 140 222 60 67 43 329 0 132 32766 88 32766 32766 32766 32766 96 
54161 1970 4 20 9889 32766 32766 55 124 4 32 37 320 0 98 32766 90 32766 32766 32766 32766 108 
54161 1970 4 21 9967 32766 32766 74 145 -26 32 33 318 0 49 32766 5 32766 32766 32766 32766 93 
54161 1970 4 22 9966 32766 32766 118 187 46 35 27 318 0 77 32766 20 32766 32766 32766 32766 124 
54161 1970 4 23 9925 32766 32766 139 218 42 34 24 309 0 88 32766 18 32766 32766 32766 32766 119 
54161 1970 4 24 9865 32766 32766 167 255 72 45 25 313 0 89 32766 15 32766 32766 32766 32766 98 
54161 1970 4 25 9869 32766 32766 89 171 42 42 36 327 32700 79 32766 45 32766 32766 32766 32766 88 
54161 1970 4 26 9867 32766 32766 86 160 -10 32 33 313 0 114 32766 60 32766 32766 32766 32766 128 
54161 1970 4 27 9811 32766 32766 152 252 44 40 26 311 0 223 32766 108 32766 32766 32766 32766 91 
54161 1970 4 28 9807 32766 32766 136 192 101 63 41 335 0 134 32766 48 32766 32766 32766 32766 39 
54161 1970 4 29 9847 32766 32766 152 233 50 78 46 332 0 69 32766 35 32766 32766 32766 32766 82 
54161 1970 4 30 9796 32766 32766 175 251 122 78 40 330 32700 202 32766 113 32766 32766 32766 32766 55 
54161 1970 5 1 9770 32766 32766 121 175 97 90 67 335 16 96 32766 100 32766 32766 32766 32766 30 
54161 1970 5 2 9840 32766 32766 127 198 27 72 54 320 0 89 32766 48 32766 32766 32766 32766 113 
54161 1970 5 3 9816 32766 32766 171 260 67 86 46 325 0 120 32766 48 32766 32766 32766 32766 122 
54161 1970 5 4 9840 32766 32766 168 229 113 76 40 331 0 125 32766 55 32766 32766 32766 32766 62 
54161 1970 5 5 9882 32766 32766 148 232 95 90 55 338 32700 108 32766 50 32766 32766 32766 32766 98 
54161 1970 5 6 9883 32766 32766 171 256 76 63 38 315 0 114 32766 33 32766 32766 32766 32766 112 
54161 1970 5 7 9816 32766 32766 210 302 102 72 30 314 0 185 32766 60 32766 32766 32766 32766 104 
54161 1970 5 8 9839 32766 32766 148 215 105 78 46 339 0 125 32766 80 32766 32766 32766 32766 53 
54161 1970 5 9 9829 32766 32766 86 108 68 94 85 362 90 12 32766 38 32766 32766 32766 32766 0 
54161 1970 5 10 9815 32766 32766 71 100 45 90 89 379 1 14 32766 33 32766 32766 32766 32766 0 
54161 1970 5 11 9791 32766 32766 105 165 54 79 65 342 32700 77 32766 60 32766 32766 32766 32766 97 
54161 1970 5 12 9787 32766 32766 135 216 44 79 52 333 0 145 32766 63 32766 32766 32766 32766 100 
54161 1970 5 13 9798 32766 32766 171 257 54 55 32 308 0 162 32766 60 32766 32766 32766 32766 122 
54161 1970 5 14 9809 32766 32766 216 312 102 59 24 310 32700 223 32766 73 32766 32766 32766 32766 114 
54161 1970 5 15 9802 32766 32766 219 311 120 70 32 312 32700 322 32766 113 32766 32766 32766 32766 114 
54161 1970 5 16 9785 32766 32766 225 286 171 77 29 323 0 336 32766 128 32766 32766 32766 32766 108 
54161 1970 5 17 9821 32766 32766 204 278 116 95 42 323 0 130 32766 40 32766 32766 32766 32766 109 
54161 1970 5 18 9800 32766 32766 174 245 114 92 47 334 6 116 32766 50 32766 32766 32766 32766 55 
54161 1970 5 19 9772 32766 32766 128 183 90 118 82 347 88 32 32766 40 32766 32766 32766 32766 68 
54161 1970 5 20 9758 32766 32766 119 175 89 93 69 347 32700 81 32766 48 32766 32766 32766 32766 97 
54161 1970 5 21 9828 32766 32766 134 207 47 87 60 341 0 62 32766 15 32766 32766 32766 32766 95 
54161 1970 5 22 9845 32766 32766 180 251 95 80 41 327 0 94 32766 20 32766 32766 32766 32766 126 
54161 1970 5 23 9831 32766 32766 208 280 120 94 40 324 0 104 32766 28 32766 32766 32766 32766 109 
54161 1970 5 24 9779 32766 32766 178 220 147 160 78 366 23 42 32766 35 32766 32766 32766 32766 0 
54161 1970 5 25 9717 32766 32766 139 195 111 131 84 371 61 19 32766 20 32766 32766 32766 32766 0 
54161 1970 5 26 9636 32766 32766 139 180 109 152 96 388 87 3 32766 53 32766 32766 32766 32766 0 
54161 1970 5 27 9743 32766 32766 132 187 81 118 77 374 21 32 32766 65 32766 32766 32766 32766 34 
54161 1970 5 28 9861 32766 32766 179 262 82 113 59 330 0 87 32766 28 32766 32766 32766 32766 135 
54161 1970 5 29 9837 32766 32766 212 285 129 110 47 321 0 139 32766 43 32766 32766 32766 32766 116 
54161 1970 5 30 9795 32766 32766 194 268 144 104 48 328 0 178 32766 85 32766 32766 32766 32766 86 
54161 1970 5 31 9848 32766 32766 132 190 85 89 63 331 77 85 32766 48 32766 32766 32766 32766 124 
54161 1970 6 1 9821 32766 32766 178 260 88 86 45 325 0 124 32766 45 32766 32766 32766 32766 128 
54161 1970 6 2 9810 32766 32766 200 272 123 99 44 325 0 162 32766 68 32766 32766 32766 32766 125 
54161 1970 6 3 9816 32766 32766 202 276 128 113 50 331 0 109 32766 28 32766 32766 32766 32766 118 
54161 1970 6 4 9819 32766 32766 197 251 146 124 56 334 32700 99 32766 25 32766 32766 32766 32766 56 
54161 1970 6 5 9812 32766 32766 214 276 160 144 57 346 0 132 32766 73 32766 32766 32766 32766 106 
54161 1970 6 6 9813 32766 32766 238 315 170 156 55 336 0 171 32766 78 32766 32766 32766 32766 117 
54161 1970 6 7 9801 32766 32766 226 259 195 133 48 343 0 151 32766 75 32766 32766 32766 32766 19 
54161 1970 6 8 9750 32766 32766 183 232 150 162 78 365 41 100 32766 103 32766 32766 32766 32766 64 
54161 1970 6 9 9768 32766 32766 190 282 85 74 39 317 0 200 32766 68 32766 32766 32766 32766 132 
54161 1970 6 10 9803 32766 32766 196 264 105 82 37 322 0 113 32766 13 32766 32766 32766 32766 134 
54161 1970 6 11 9779 32766 32766 220 296 130 99 40 324 0 117 32766 28 32766 32766 32766 32766 136 
54161 1970 6 12 9770 32766 32766 252 331 150 98 33 314 0 149 32766 30 32766 32766 32766 32766 127 
54161 1970 6 13 9784 32766 32766 255 350 171 117 39 317 8 166 32766 53 32766 32766 32766 32766 100 
54161 1970 6 14 9826 32766 32766 258 335 167 117 37 327 0 148 32766 43 32766 32766 32766 32766 124 
54161 1970 6 15 9864 32766 32766 217 272 164 94 38 322 0 156 32766 55 32766 32766 32766 32766 111 
54161 1970 6 16 9864 32766 32766 195 253 121 84 37 333 0 120 32766 40 32766 32766 32766 32766 119 
54161 1970 6 17 9835 32766 32766 192 254 118 113 54 332 0 95 32766 30 32766 32766 32766 32766 122 
54161 1970 6 18 9801 32766 32766 208 263 125 112 47 331 0 94 32766 13 32766 32766 32766 32766 93 
54161 1970 6 19 9772 32766 32766 215 277 132 123 51 329 0 87 32766 18 32766 32766 32766 32766 76 
54161 1970 6 20 9796 32766 32766 242 310 169 141 48 327 0 116 32766 28 32766 32766 32766 32766 112 
54161 1970 6 21 9802 32766 32766 192 242 172 191 86 380 103 39 32766 10 32766 32766 32766 32766 29 
54161 1970 6 22 9777 32766 32766 224 298 155 178 69 343 0 101 32766 43 32766 32766 32766 32766 131 
54161 1970 6 23 9777 32766 32766 212 247 176 172 69 361 7 65 32766 43 32766 32766 32766 32766 34 
54161 1970 6 24 9776 32766 32766 193 229 170 187 84 370 31 38 32766 18 32766 32766 32766 32766 54 
54161 1970 6 25 9770 32766 32766 213 286 146 180 74 348 32700 64 32766 25 32766 32766 32766 32766 78 
54161 1970 6 26 9796 32766 32766 236 311 173 195 69 345 0 77 32766 18 32766 32766 32766 32766 100 
54161 1970 6 27 9826 32766 32766 265 340 181 177 55 328 0 149 32766 48 32766 32766 32766 32766 130 
54161 1970 6 28 9832 32766 32766 267 338 196 171 52 327 0 191 32766 58 32766 32766 32766 32766 138 
54161 1970 6 29 9798 32766 32766 250 323 177 160 53 335 0 128 32766 40 32766 32766 32766 32766 115 
54161 1970 6 30 9740 32766 32766 251 307 199 161 52 340 0 129 32766 30 32766 32766 32766 32766 117 
54161 1970 7 1 9745 32766 32766 197 261 175 195 86 371 986 96 32766 35 32766 32766 32766 32766 42 
54161 1970 7 2 9789 32766 32766 226 269 177 223 82 367 6 53 32766 25 32766 32766 32766 32766 72 
54161 1970 7 3 9770 32766 32766 227 260 197 225 82 365 9 32 32766 23 32766 32766 32766 32766 15 
54161 1970 7 4 9734 32766 32766 202 235 180 222 94 392 82 19 32766 33 32766 32766 32766 32766 23 
54161 1970 7 5 9766 32766 32766 196 222 173 206 90 385 1 25 32766 38 32766 32766 32766 32766 0 
54161 1970 7 6 9806 32766 32766 214 258 163 195 78 361 14 74 32766 55 32766 32766 32766 32766 106 
54161 1970 7 7 9807 32766 32766 220 258 185 177 68 355 0 96 32766 50 32766 32766 32766 32766 110 
54161 1970 7 8 9798 32766 32766 202 260 149 159 69 350 32700 91 32766 30 32766 32766 32766 32766 125 
54161 1970 7 9 9758 32766 32766 199 247 134 164 72 355 0 62 32766 15 32766 32766 32766 32766 71 
54161 1970 7 10 9758 32766 32766 207 251 171 187 77 366 0 56 32766 25 32766 32766 32766 32766 70 
54161 1970 7 11 9767 32766 32766 208 261 178 202 82 378 32700 45 32766 18 32766 32766 32766 32766 56 
54161 1970 7 12 9766 32766 32766 197 267 167 213 93 387 415 36 32766 43 32766 32766 32766 32766 33 
54161 1970 7 13 9737 32766 32766 227 284 182 209 77 356 4 84 32766 45 32766 32766 32766 32766 104 
54161 1970 7 14 9721 32766 32766 230 285 176 224 80 370 1 70 32766 48 32766 32766 32766 32766 87 
54161 1970 7 15 9742 32766 32766 207 240 192 230 94 389 254 28 32766 40 32766 32766 32766 32766 0 
54161 1970 7 16 9762 32766 32766 220 266 195 243 92 382 756 32766 32766 45 32766 32766 32766 32766 39 
54161 1970 7 17 9724 32766 32766 240 287 189 248 84 365 7 61 32766 18 32766 32766 32766 32766 120 
54161 1970 7 18 9683 32766 32766 245 294 195 244 80 369 15 16 32766 23 32766 32766 32766 32766 115 
54161 1970 7 19 9694 32766 32766 225 282 172 231 85 371 114 91 32766 25 32766 32766 32766 32766 51 
54161 1970 7 20 9646 32766 32766 214 234 191 239 94 384 186 12 32766 33 32766 32766 32766 32766 0 
54161 1970 7 21 9679 32766 32766 239 284 192 243 83 367 10 89 32766 70 32766 32766 32766 32766 119 
54161 1970 7 22 9718 32766 32766 214 240 192 236 93 387 144 18 32766 25 32766 32766 32766 32766 18 
54161 1970 7 23 9765 32766 32766 233 290 195 240 84 376 32700 51 32766 35 32766 32766 32766 32766 71 
54161 1970 7 24 9771 32766 32766 226 265 206 240 88 379 2 37 32766 45 32766 32766 32766 32766 0 
54161 1970 7 25 9762 32766 32766 221 258 204 246 92 384 19 24 32766 38 32766 32766 32766 32766 7 
54161 1970 7 26 9771 32766 32766 236 283 206 253 87 374 21 56 32766 48 32766 32766 32766 32766 68 
54161 1970 7 27 9778 32766 32766 226 246 199 245 89 381 11 30 32766 18 32766 32766 32766 32766 12 
54161 1970 7 28 9723 32766 32766 234 270 210 258 90 377 160 30 32766 20 32766 32766 32766 32766 6 
54161 1970 7 29 9727 32766 32766 243 282 210 274 90 379 2 47 32766 43 32766 32766 32766 32766 69 
54161 1970 7 30 9776 32766 32766 180 252 156 202 97 395 822 90 32766 20 32766 32766 32766 32766 0 
54161 1970 7 31 9829 32766 32766 182 227 149 167 81 360 0 60 32766 20 32766 32766 32766 32766 81 
54161 1970 8 1 9854 32766 32766 200 246 144 179 77 361 0 52 32766 10 32766 32766 32766 32766 97 
54161 1970 8 2 9812 32766 32766 197 247 161 199 87 376 0 29 32766 20 32766 32766 32766 32766 0 
54161 1970 8 3 9766 32766 32766 212 268 171 215 86 366 75 46 32766 13 32766 32766 32766 32766 47 
54161 1970 8 4 9806 32766 32766 203 255 145 179 77 358 0 64 32766 18 32766 32766 32766 32766 122 
54161 1970 8 5 9839 32766 32766 211 268 152 184 75 357 0 59 32766 0 32766 32766 32766 32766 115 
54161 1970 8 6 9843 32766 32766 221 277 161 186 71 353 0 53 32766 10 32766 32766 32766 32766 115 
54161 1970 8 7 9811 32766 32766 235 301 160 177 63 344 0 88 32766 35 32766 32766 32766 32766 110 
54161 1970 8 8 9805 32766 32766 249 310 198 228 74 349 0 88 32766 53 32766 32766 32766 32766 108 
54161 1970 8 9 9803 32766 32766 239 273 212 255 86 382 99 39 32766 65 32766 32766 32766 32766 0 
54161 1970 8 10 9811 32766 32766 257 307 224 291 88 375 32700 42 32766 45 32766 32766 32766 32766 56 
54161 1970 8 11 9788 32766 32766 273 324 236 307 85 368 32700 53 32766 33 32766 32766 32766 32766 68 
54161 1970 8 12 9818 32766 32766 208 268 184 221 88 380 9 26 32766 30 32766 32766 32766 32766 0 
54161 1970 8 13 9837 32766 32766 196 220 175 191 84 367 87 31 32766 38 32766 32766 32766 32766 0 
54161 1970 8 14 9839 32766 32766 191 249 132 167 77 351 0 65 32766 18 32766 32766 32766 32766 124 
54161 1970 8 15 9800 32766 32766 203 261 135 186 80 359 0 58 32766 30 32766 32766 32766 32766 124 
54161 1970 8 16 9804 32766 32766 213 272 145 189 77 352 0 61 32766 13 32766 32766 32766 32766 88 
54161 1970 8 17 9835 32766 32766 226 285 168 173 65 341 0 73 32766 23 32766 32766 32766 32766 76 
54161 1970 8 18 9876 32766 32766 234 298 158 182 65 344 0 76 32766 23 32766 32766 32766 32766 127 
54161 1970 8 19 9837 32766 32766 236 299 171 184 65 344 0 77 32766 20 32766 32766 32766 32766 92 
54161 1970 8 20 9804 32766 32766 214 263 187 211 84 364 95 94 32766 48 32766 32766 32766 32766 62 
54161 1970 8 21 9809 32766 32766 228 285 183 216 79 361 12 67 32766 30 32766 32766 32766 32766 88 
54161 1970 8 22 9792 32766 32766 227 285 188 230 84 368 0 52 32766 23 32766 32766 32766 32766 101 
54161 1970 8 23 9795 32766 32766 236 301 175 218 76 353 0 74 32766 35 32766 32766 32766 32766 120 
54161 1970 8 24 9821 32766 32766 257 311 205 225 69 352 0 104 32766 55 32766 32766 32766 32766 117 
54161 1970 8 25 9833 32766 32766 247 302 194 222 73 356 0 82 32766 38 32766 32766 32766 32766 113 
54161 1970 8 26 9836 32766 32766 200 245 170 198 85 367 1 24 32766 15 32766 32766 32766 32766 26 
54161 1970 8 27 9885 32766 32766 176 228 128 135 70 344 0 79 32766 33 32766 32766 32766 32766 121 
54161 1970 8 28 9870 32766 32766 183 274 96 137 69 338 0 70 32766 18 32766 32766 32766 32766 115 
54161 1970 8 29 9861 32766 32766 215 291 135 176 71 344 0 72 32766 25 32766 32766 32766 32766 98 
54161 1970 8 30 9817 32766 32766 239 288 175 200 68 359 0 56 32766 23 32766 32766 32766 32766 44 
54161 1970 8 31 9718 32766 32766 230 312 177 205 75 349 59 61 32766 25 32766 32766 32766 32766 62 
54161 1970 9 1 9675 32766 32766 202 259 164 198 85 364 154 56 32766 60 32766 32766 32766 32766 56 
54161 1970 9 2 9743 32766 32766 209 265 156 175 73 344 22 70 32766 45 32766 32766 32766 32766 103 
54161 1970 9 3 9825 32766 32766 218 270 179 182 73 340 0 77 32766 43 32766 32766 32766 32766 98 
54161 1970 9 4 9838 32766 32766 166 217 131 151 82 351 274 42 32766 28 32766 32766 32766 32766 70 
54161 1970 9 5 9867 32766 32766 177 250 98 127 65 341 0 72 32766 33 32766 32766 32766 32766 114 
54161 1970 9 6 9877 32766 32766 192 260 125 135 64 336 0 69 32766 25 32766 32766 32766 32766 103 
54161 1970 9 7 9835 32766 32766 218 275 148 171 67 344 0 112 32766 73 32766 32766 32766 32766 98 
54161 1970 9 8 9849 32766 32766 160 227 136 160 88 375 11 25 32766 23 32766 32766 32766 32766 0 
54161 1970 9 9 9865 32766 32766 152 221 85 112 69 333 32002 65 32766 28 32766 32766 32766 32766 114 
54161 1970 9 10 9909 32766 32766 168 227 74 108 59 337 0 54 32766 0 32766 32766 32766 32766 109 
54161 1970 9 11 9882 32766 32766 160 201 132 131 73 364 32700 25 32766 20 32766 32766 32766 32766 0 
54161 1970 9 12 9798 32766 32766 166 223 112 143 77 357 24 42 32766 15 32766 32766 32766 32766 75 
54161 1970 9 13 9801 32766 32766 148 210 106 150 89 374 44 32 32766 50 32766 32766 32766 32766 23 
54161 1970 9 14 9843 32766 32766 157 224 95 126 74 343 0 57 32766 43 32766 32766 32766 32766 117 
54161 1970 9 15 9830 32766 32766 165 253 87 134 73 349 10 47 32766 38 32766 32766 32766 32766 71 
54161 1970 9 16 9826 32766 32766 166 233 134 136 76 340 0 59 32766 48 32766 32766 32766 32766 65 
54161 1970 9 17 9810 32766 32766 139 199 76 114 74 351 0 44 32766 28 32766 32766 32766 32766 94 
54161 1970 9 18 9821 32766 32766 130 208 46 93 67 335 0 54 32766 23 32766 32766 32766 32766 114 
54161 1970 9 19 9850 32766 32766 154 218 96 108 65 334 45 43 32766 13 32766 32766 32766 32766 109 
54161 1970 9 20 9828 32766 32766 181 255 105 117 58 341 0 92 32766 60 32766 32766 32766 32766 77 
54161 1970 9 21 9805 32766 32766 164 206 115 124 67 340 21 98 32766 65 32766 32766 32766 32766 88 
54161 1970 9 22 9807 32766 32766 170 251 91 94 51 332 0 127 32766 68 32766 32766 32766 32766 104 
54161 1970 9 23 9841 32766 32766 124 191 43 69 52 324 0 64 32766 25 32766 32766 32766 32766 109 
54161 1970 9 24 9858 32766 32766 103 172 63 89 72 358 11 22 32766 23 32766 32766 32766 32766 1 
54161 1970 9 25 9886 32766 32766 86 163 20 71 68 334 0 46 32766 28 32766 32766 32766 32766 105 
54161 1970 9 26 9880 32766 32766 131 214 53 61 43 323 0 104 32766 50 32766 32766 32766 32766 101 
54161 1970 9 27 9868 32766 32766 149 231 78 82 50 329 0 96 32766 48 32766 32766 32766 32766 93 
54161 1970 9 28 9869 32766 32766 75 151 53 82 80 364 47 21 32766 43 32766 32766 32766 32766 18 
54161 1970 9 29 9800 32766 32766 58 110 20 62 69 349 1 37 32766 58 32766 32766 32766 32766 16 
54161 1970 9 30 9800 32766 32766 60 83 32 69 74 358 25 25 32766 63 32766 32766 32766 32766 8 
54161 1970 10 1 9894 32766 32766 100 183 12 70 63 325 32001 57 32766 38 32766 32766 32766 32766 92 
54161 1970 10 2 9875 32766 32766 135 214 66 76 52 325 0 73 32766 50 32766 32766 32766 32766 99 
54161 1970 10 3 9843 32766 32766 155 230 94 97 58 334 0 112 32766 73 32766 32766 32766 32766 102 
54161 1970 10 4 9821 32766 32766 159 245 92 95 56 330 0 108 32766 68 32766 32766 32766 32766 105 
54161 1970 10 5 9828 32766 32766 161 215 118 95 53 337 0 96 32766 63 32766 32766 32766 32766 101 
54161 1970 10 6 9875 32766 32766 158 248 82 92 54 325 0 103 32766 58 32766 32766 32766 32766 98 
54161 1970 10 7 9865 32766 32766 158 217 94 96 54 337 32700 99 32766 70 32766 32766 32766 32766 77 
54161 1970 10 8 9943 32766 32766 89 122 48 41 36 318 32700 34 32766 28 32766 32766 32766 32766 0 
54161 1970 10 9 9932 32766 32766 95 182 8 42 36 322 0 77 32766 40 32766 32766 32766 32766 97 
54161 1970 10 10 9923 32766 32766 130 232 32 81 57 329 0 77 32766 53 32766 32766 32766 32766 100 
54161 1970 10 11 9858 32766 32766 164 230 97 78 44 315 0 161 32766 100 32766 32766 32766 32766 96 
54161 1970 10 12 9942 32766 32766 50 168 3 22 26 314 19 78 32766 55 32766 32766 32766 32766 97 
54161 1970 10 13 9916 32766 32766 75 162 -26 24 26 311 0 65 32766 40 32766 32766 32766 32766 90 
54161 1970 10 14 9901 32766 32766 95 137 40 64 54 332 10 73 32766 55 32766 32766 32766 32766 35 
54161 1970 10 15 9982 32766 32766 48 105 -16 41 50 331 0 32 32766 18 32766 32766 32766 32766 99 
54161 1970 10 16 9926 32766 32766 63 133 -20 42 45 328 0 35 32766 28 32766 32766 32766 32766 89 
54161 1970 10 17 9904 32766 32766 59 110 26 56 62 339 30 38 32766 23 32766 32766 32766 32766 75 
54161 1970 10 18 9944 32766 32766 51 117 -12 36 41 335 0 39 32766 33 32766 32766 32766 32766 82 
54161 1970 10 19 9985 32766 32766 27 90 -46 40 55 333 0 28 32766 18 32766 32766 32766 32766 85 
54161 1970 10 20 9908 32766 32766 86 181 -9 46 45 314 0 70 32766 60 32766 32766 32766 32766 99 
54161 1970 10 21 9898 32766 32766 102 143 54 101 80 373 8 40 32766 63 32766 32766 32766 32766 0 
54161 1970 10 22 9918 32766 32766 62 82 36 86 92 386 152 8 32766 10 32766 32766 32766 32766 0 
54161 1970 10 23 9906 32766 32766 65 93 12 91 94 385 80 9 32766 28 32766 32766 32766 32766 0 
54161 1970 10 24 9857 32766 32766 57 78 44 79 86 361 125 4 32766 60 32766 32766 32766 32766 0 
54161 1970 10 25 9906 32766 32766 -10 54 -44 36 62 346 32700 39 32766 88 32766 32766 32766 32766 25 
54161 1970 10 26 9967 32766 32766 -37 15 -77 34 75 356 0 17 32766 28 32766 32766 32766 32766 68 
54161 1970 10 27 9926 32766 32766 -9 30 -61 41 71 352 32700 14 32766 38 32766 32766 32766 32766 25 
54161 1970 10 28 9892 32766 32766 3 35 -20 51 83 356 31015 8 32766 33 32766 32766 32766 32766 26 
54161 1970 10 29 9942 32766 32766 -5 42 -43 44 76 348 32700 14 32766 25 32766 32766 32766 32766 73 
54161 1970 10 30 9953 32766 32766 1 64 -55 49 79 364 0 16 32766 60 32766 32766 32766 32766 95 
54161 1970 10 31 9962 32766 32766 26 98 -33 46 65 340 0 19 32766 20 32766 32766 32766 32766 91 
54161 1970 11 1 9950 32766 32766 50 120 -16 44 52 336 0 28 32766 33 32766 32766 32766 32766 88 
54161 1970 11 2 9907 32766 32766 65 138 2 60 62 348 0 36 32766 45 32766 32766 32766 32766 85 
54161 1970 11 3 9873 32766 32766 68 123 39 79 80 366 131 21 32766 43 32766 32766 32766 32766 16 
54161 1970 11 4 9864 32766 32766 46 64 29 83 98 397 129 2 32766 28 32766 32766 32766 32766 0 
54161 1970 11 5 9879 32766 32766 44 65 25 73 88 376 32700 10 32766 13 32766 32766 32766 32766 6 
54161 1970 11 6 9890 32766 32766 37 73 5 67 86 360 11 9 32766 23 32766 32766 32766 32766 39 
54161 1970 11 7 9921 32766 32766 24 73 -26 55 78 360 0 16 32766 40 32766 32766 32766 32766 76 
54161 1970 11 8 9904 32766 32766 52 89 24 73 83 367 0 20 32766 43 32766 32766 32766 32766 61 
54161 1970 11 9 9822 32766 32766 48 121 0 69 80 368 5 30 32766 60 32766 32766 32766 32766 0 
54161 1970 11 10 9860 32766 32766 -26 15 -61 32 62 360 0 24 32766 60 32766 32766 32766 32766 70 
54161 1970 11 11 9927 32766 32766 -41 14 -101 26 59 329 0 20 32766 45 32766 32766 32766 32766 91 
54161 1970 11 12 9810 32766 32766 63 115 -30 70 72 366 0 46 32766 100 32766 32766 32766 32766 38 
54161 1970 11 13 9864 32766 32766 -13 94 -63 50 82 364 30066 25 32766 68 32766 32766 32766 32766 9 
54161 1970 11 14 9972 32766 32766 -91 -56 -118 19 64 362 32700 8 32766 50 32766 32766 32766 32766 86 
54161 1970 11 15 9950 32766 32766 -84 -27 -145 22 65 356 0 16 32766 60 32766 32766 32766 32766 87 
54161 1970 11 16 9885 32766 32766 1 63 -78 39 63 343 0 28 32766 68 32766 32766 32766 32766 74 
54161 1970 11 17 9846 32766 32766 40 76 1 57 70 356 0 51 32766 105 32766 32766 32766 32766 83 
54161 1970 11 18 9900 32766 32766 19 59 -15 40 59 334 0 28 32766 58 32766 32766 32766 32766 80 
54161 1970 11 19 9898 32766 32766 24 65 0 48 66 358 32700 34 32766 80 32766 32766 32766 32766 0 
54161 1970 11 20 9976 32766 32766 -55 22 -84 25 63 353 0 21 32766 45 32766 32766 32766 32766 52 
54161 1970 11 21 10006 32766 32766 -95 -59 -124 18 62 349 32700 13 32766 43 32766 32766 32766 32766 63 
54161 1970 11 22 9993 32766 32766 -98 -36 -145 18 60 342 0 14 32766 35 32766 32766 32766 32766 78 
54161 1970 11 23 9971 32766 32766 -73 -2 -121 19 57 325 0 17 32766 35 32766 32766 32766 32766 81 
54161 1970 11 24 9963 32766 32766 -42 15 -99 30 65 357 32700 14 32766 35 32766 32766 32766 32766 30 
54161 1970 11 25 9942 32766 32766 -35 -1 -88 31 66 345 0 17 32766 35 32766 32766 32766 32766 32 
54161 1970 11 26 9942 32766 32766 -73 5 -118 21 62 337 0 10 32766 10 32766 32766 32766 32766 76 
54161 1970 11 27 9927 32766 32766 -88 -30 -130 20 63 350 0 17 32766 48 32766 32766 32766 32766 78 
54161 1970 11 28 9992 32766 32766 -155 -116 -180 9 51 336 0 14 32766 48 32766 32766 32766 32766 72 
54161 1970 11 29 9994 32766 32766 -191 -154 -214 8 60 342 0 7 32766 40 32766 32766 32766 32766 79 
54161 1970 11 30 9944 32766 32766 -131 -72 -197 10 46 330 0 15 32766 45 32766 32766 32766 32766 60 
54161 1970 12 1 9921 32766 32766 -148 -101 -198 13 67 352 32700 8 32766 30 32766 32766 32766 32766 26 
54161 1970 12 2 9843 32766 32766 -154 -114 -178 16 87 378 31003 4 32766 53 32766 32766 32766 32766 71 
54161 1970 12 3 9833 32766 32766 -150 -96 -187 13 71 346 0 8 32766 43 32766 32766 32766 32766 75 
54161 1970 12 4 9885 32766 32766 -124 -53 -185 17 73 359 0 10 32766 40 32766 32766 32766 32766 76 
54161 1970 12 5 9923 32766 32766 -106 -31 -161 20 73 353 0 10 32766 35 32766 32766 32766 32766 77 
54161 1970 12 6 9927 32766 32766 -70 6 -123 23 62 349 0 20 32766 48 32766 32766 32766 32766 69 
54161 1970 12 7 9938 32766 32766 -144 -61 -179 10 51 334 32700 19 32766 58 32766 32766 32766 32766 70 
54161 1970 12 8 9946 32766 32766 -157 -81 -215 10 57 338 0 9 32766 33 32766 32766 32766 32766 73 
54161 1970 12 9 9905 32766 32766 -117 -45 -169 13 55 336 0 11 32766 28 32766 32766 32766 32766 59 
54161 1970 12 10 9941 32766 32766 -137 -67 -204 14 64 343 0 8 32766 20 32766 32766 32766 32766 75 
54161 1970 12 11 9954 32766 32766 -111 -82 -153 22 82 366 31026 3 32766 35 32766 32766 32766 32766 0 
54161 1970 12 12 9925 32766 32766 -134 -111 -160 17 78 366 31003 10 32766 83 32766 32766 32766 32766 0 
54161 1970 12 13 9930 32766 32766 -150 -85 -198 13 67 359 0 13 32766 60 32766 32766 32766 32766 70 
54161 1970 12 14 9857 32766 32766 -101 -39 -173 20 69 360 0 12 32766 53 32766 32766 32766 32766 61 
54161 1970 12 15 9855 32766 32766 -87 -24 -165 27 80 372 0 5 32766 35 32766 32766 32766 32766 0 
54161 1970 12 16 9756 32766 32766 4 65 -64 46 74 354 0 34 32766 98 32766 32766 32766 32766 32 
54161 1970 12 17 9869 32766 32766 -71 34 -121 21 58 354 0 28 32766 78 32766 32766 32766 32766 75 
54161 1970 12 18 9995 32766 32766 -134 -79 -182 12 58 336 0 14 32766 40 32766 32766 32766 32766 65 
54161 1970 12 19 9973 32766 32766 -127 -61 -175 13 60 337 0 9 32766 33 32766 32766 32766 32766 49 
54161 1970 12 20 9952 32766 32766 -118 -57 -171 13 56 333 0 13 32766 43 32766 32766 32766 32766 74 
54161 1970 12 21 9892 32766 32766 -103 -31 -151 22 72 360 32700 8 32766 53 32766 32766 32766 32766 15 
54161 1970 12 22 9907 32766 32766 -139 -82 -181 16 78 362 32700 6 32766 23 32766 32766 32766 32766 53 
54161 1970 12 23 9955 32766 32766 -157 -118 -189 12 66 344 0 7 32766 35 32766 32766 32766 32766 59 
54161 1970 12 24 9994 32766 32766 -191 -132 -236 8 59 337 0 10 32766 38 32766 32766 32766 32766 70 
54161 1970 12 25 10011 32766 32766 -191 -135 -236 7 57 337 0 6 32766 33 32766 32766 32766 32766 70 
54161 1970 12 26 10029 32766 32766 -183 -119 -235 9 62 341 0 8 32766 43 32766 32766 32766 32766 76 
54161 1970 12 27 10012 32766 32766 -138 -67 -188 12 61 334 0 15 32766 68 32766 32766 32766 32766 66 
54161 1970 12 28 9989 32766 32766 -121 -56 -146 17 72 345 0 9 32766 43 32766 32766 32766 32766 71 
54161 1970 12 29 9986 32766 32766 -110 -32 -165 17 63 351 0 15 32766 50 32766 32766 32766 32766 69 
54161 1970 12 30 9972 32766 32766 -103 -26 -143 18 65 350 0 12 32766 33 32766 32766 32766 32766 34 
54161 1970 12 31 9961 32766 32766 -134 -54 -194 14 62 350 0 12 32766 43 32766 32766 32766 32766 75 
54161 1971 1 1 9958 32766 32766 -124 -65 -181 14 57 342 0 18 32766 50 100 13 32766 32766 76 
54161 1971 1 2 9966 32766 32766 -144 -65 -198 13 67 341 0 9 32766 30 60 11 32766 32766 77 
54161 1971 1 3 9956 32766 32766 -181 -123 -212 9 64 340 0 12 32766 38 90 16 32766 32766 59 
