V01000 V04001 V04002 V04003 V10004 V10201 V10202 V12001 V12052 V12053 V13004 V13003 V13007 V13201 V13241 V13242 V11002 V11042 V11212 V11041 V11043 V14032
54161 1964 1 4 9998 32766 32766 -131 -50 -188 13 63 37 0 14 32766 40 32766 32766 32766 32766 70 
54161 1964 1 5 9927 32766 32766 -84 -50 -145 24 73 58 32700 5 32766 43 32766 32766 32766 32766 43 
54161 1964 1 6 9954 32766 32766 -128 -48 -178 16 68 41 0 11 32766 43 32766 32766 32766 32766 79 
54161 1964 1 7 10008 32766 32766 -123 -58 -162 18 75 53 0 4 32766 13 32766 32766 32766 32766 51 
54161 1964 1 8 10025 32766 32766 -138 -68 -184 14 70 41 0 10 32766 30 32766 32766 32766 32766 71 
54161 1964 1 9 10010 32766 32766 -119 -38 -179 15 64 33 0 11 32766 23 32766 32766 32766 32766 61 
54161 1964 1 10 10026 32766 32766 -96 -11 -147 18 60 39 0 9 32766 18 32766 32766 32766 32766 48 
54161 1964 1 11 9968 32766 32766 -66 -28 -115 32 82 62 32700 6 32766 23 32766 32766 32766 32766 0 
54161 1964 1 12 9845 32766 32766 -58 -14 -137 38 91 71 31077 2 32766 30 32766 32766 32766 32766 36 
54161 1964 1 13 9891 32766 32766 -150 -106 -188 15 79 66 0 7 32766 38 32766 32766 32766 32766 81 
54161 1964 1 14 9946 32766 32766 -174 -125 -222 13 79 68 0 7 32766 43 32766 32766 32766 32766 76 
54161 1964 1 15 10018 32766 32766 -141 -85 -201 16 77 60 0 6 32766 23 32766 32766 32766 32766 52 
54161 1964 1 16 9939 32766 32766 -115 -67 -154 19 74 60 0 7 32766 23 32766 32766 32766 32766 32 
54161 1964 1 17 9898 32766 32766 -155 -127 -194 16 88 82 31004 7 32766 28 32766 32766 32766 32766 0 
54161 1964 1 18 9919 32766 32766 -168 -132 -213 15 88 76 31003 1 32766 20 32766 32766 32766 32766 43 
54161 1964 1 19 9978 32766 32766 -224 -150 -293 9 80 75 0 5 32766 35 32766 32766 32766 32766 69 
54161 1964 1 20 10024 32766 32766 -216 -158 -298 9 80 61 0 4 32766 15 32766 32766 32766 32766 74 
54161 1964 1 21 9972 32766 32766 -157 -89 -214 13 67 50 32700 10 32766 33 32766 32766 32766 32766 73 
54161 1964 1 22 9988 32766 32766 -194 -127 -251 11 81 77 31007 7 32766 28 32766 32766 32766 32766 70 
54161 1964 1 23 10022 32766 32766 -185 -140 -233 12 85 80 0 2 32766 33 32766 32766 32766 32766 62 
54161 1964 1 24 10012 32766 32766 -168 -109 -219 13 79 70 0 5 32766 28 32766 32766 32766 32766 76 
54161 1964 1 25 10019 32766 32766 -175 -97 -247 13 83 74 0 8 32766 33 32766 32766 32766 32766 85 
54161 1964 1 26 10018 32766 32766 -145 -81 -193 17 82 64 0 7 32766 8 32766 32766 32766 32766 83 
54161 1964 1 27 9979 32766 32766 -116 -46 -174 18 69 48 0 9 32766 30 32766 32766 32766 32766 76 
54161 1964 1 28 9954 32766 32766 -147 -93 -188 16 79 71 0 7 32766 48 32766 32766 32766 32766 75 
54161 1964 1 29 9965 32766 32766 -196 -145 -243 11 76 64 0 7 32766 48 32766 32766 32766 32766 70 
54161 1964 1 30 9980 32766 32766 -195 -169 -221 10 73 68 0 11 32766 53 32766 32766 32766 32766 68 
54161 1964 1 31 9986 32766 32766 -218 -165 -259 9 78 70 0 4 32766 48 32766 32766 32766 32766 51 
54161 1964 2 1 10003 32766 32766 -224 -172 -270 9 78 66 32700 6 32766 25 32766 32766 32766 32766 83 
54161 1964 2 2 10049 32766 32766 -227 -157 -307 8 81 66 0 4 32766 13 32766 32766 32766 32766 82 
54161 1964 2 3 10070 32766 32766 -202 -142 -255 11 85 68 0 5 32766 15 32766 32766 32766 32766 82 
54161 1964 2 4 10089 32766 32766 -186 -121 -250 10 74 50 0 7 32766 40 32766 32766 32766 32766 86 
54161 1964 2 5 10050 32766 32766 -166 -115 -241 12 71 53 0 7 32766 23 32766 32766 32766 32766 73 
54161 1964 2 6 9996 32766 32766 -130 -64 -165 19 79 60 31009 5 32766 25 32766 32766 32766 32766 17 
54161 1964 2 7 10043 32766 32766 -187 -124 -264 13 87 80 0 6 32766 13 32766 32766 32766 32766 83 
54161 1964 2 8 10028 32766 32766 -196 -139 -260 11 83 69 0 4 32766 35 32766 32766 32766 32766 71 
54161 1964 2 9 9997 32766 32766 -162 -115 -196 13 73 56 0 9 32766 70 32766 32766 32766 32766 74 
54161 1964 2 10 9969 32766 32766 -182 -160 -206 12 77 70 31002 10 32766 68 32766 32766 32766 32766 50 
54161 1964 2 11 9997 32766 32766 -232 -194 -259 8 76 56 31004 8 32766 28 32766 32766 32766 32766 85 
54161 1964 2 12 10025 32766 32766 -237 -178 -297 7 78 66 0 3 32766 45 32766 32766 32766 32766 86 
54161 1964 2 13 10027 32766 32766 -208 -162 -239 9 74 64 0 7 32766 53 32766 32766 32766 32766 91 
54161 1964 2 14 10042 32766 32766 -207 -144 -252 9 76 66 0 24 32766 48 32766 32766 32766 32766 90 
54161 1964 2 15 10008 32766 32766 -192 -122 -231 10 72 59 0 10 32766 43 32766 32766 32766 32766 92 
54161 1964 2 16 9965 32766 32766 -177 -118 -224 12 74 64 0 2 32766 43 32766 32766 32766 32766 85 
54161 1964 2 17 9997 32766 32766 -198 -126 -271 10 77 61 0 7 32766 43 32766 32766 32766 32766 90 
54161 1964 2 18 9985 32766 32766 -177 -124 -228 11 73 61 0 9 32766 45 32766 32766 32766 32766 89 
54161 1964 2 19 9968 32766 32766 -175 -120 -226 12 73 64 0 8 32766 48 32766 32766 32766 32766 69 
54161 1964 2 20 9986 32766 32766 -187 -128 -231 11 75 62 0 6 32766 45 32766 32766 32766 32766 92 
54161 1964 2 21 10022 32766 32766 -179 -113 -224 11 75 48 32700 8 32766 20 32766 32766 32766 32766 79 
54161 1964 2 22 10081 32766 32766 -173 -122 -230 12 75 42 0 8 32766 13 32766 32766 32766 32766 91 
54161 1964 2 23 10122 32766 32766 -175 -107 -239 11 75 47 0 10 32766 13 32766 32766 32766 32766 95 
54161 1964 2 24 10095 32766 32766 -157 -82 -241 13 71 52 0 10 32766 38 32766 32766 32766 32766 99 
54161 1964 2 25 10071 32766 32766 -143 -75 -197 15 74 56 0 11 32766 40 32766 32766 32766 32766 98 
54161 1964 2 26 10017 32766 32766 -110 -39 -184 16 60 27 0 10 32766 23 32766 32766 32766 32766 89 
54161 1964 2 27 9999 32766 32766 -100 -45 -181 20 69 40 0 13 32766 13 32766 32766 32766 32766 82 
54161 1964 2 28 9993 32766 32766 -87 -13 -160 22 71 40 0 5 32766 25 32766 32766 32766 32766 87 
54161 1964 2 29 9917 32766 32766 -62 -10 -98 28 70 47 32700 13 32766 60 32766 32766 32766 32766 39 
54161 1964 3 1 9956 32766 32766 -69 2 -144 26 68 46 0 13 32766 18 32766 32766 32766 32766 86 
54161 1964 3 2 9970 32766 32766 -37 30 -119 32 69 47 0 16 32766 13 32766 32766 32766 32766 98 
54161 1964 3 3 9931 32766 32766 -20 40 -80 31 59 37 0 22 32766 50 32766 32766 32766 32766 91 
54161 1964 3 4 9821 32766 32766 -5 52 -43 49 82 47 31013 25 32766 90 32766 32766 32766 32766 41 
54161 1964 3 5 9884 32766 32766 -53 2 -106 25 60 30 0 28 32766 68 32766 32766 32766 32766 99 
54161 1964 3 6 9868 32766 32766 -32 38 -85 26 56 29 0 33 32766 65 32766 32766 32766 32766 90 
54161 1964 3 7 9958 32766 32766 -52 12 -116 23 53 42 0 30 32766 68 32766 32766 32766 32766 90 
54161 1964 3 8 9965 32766 32766 -43 25 -124 21 51 18 0 29 32766 30 32766 32766 32766 32766 108 
54161 1964 3 9 9876 32766 32766 4 78 -50 30 47 39 32700 52 32766 70 32766 32766 32766 32766 66 
54161 1964 3 10 9951 32766 32766 -49 5 -116 21 52 31 0 32 32766 43 32766 32766 32766 32766 103 
54161 1964 3 11 10010 32766 32766 -38 24 -95 22 48 32 0 23 32766 18 32766 32766 32766 32766 103 
54161 1964 3 12 10002 32766 32766 -18 42 -70 26 50 24 0 18 32766 13 32766 32766 32766 32766 76 
54161 1964 3 13 9930 32766 32766 -27 29 -76 31 64 23 0 30 32766 45 32766 32766 32766 32766 102 
54161 1964 3 14 9903 32766 32766 -60 -23 -110 33 82 52 31006 30 32766 55 32766 32766 32766 32766 0 
54161 1964 3 15 9843 32766 32766 -52 -3 -124 22 55 27 32700 18 32766 23 32766 32766 32766 32766 57 
54161 1964 3 16 9855 32766 32766 -55 -4 -101 22 58 21 32700 26 32766 33 32766 32766 32766 32766 48 
54161 1964 3 17 9952 32766 32766 -41 35 -105 22 49 24 0 26 32766 18 32766 32766 32766 32766 82 
54161 1964 3 18 9982 32766 32766 -27 52 -103 22 46 18 0 41 32766 65 32766 32766 32766 32766 106 
54161 1964 3 19 9876 32766 32766 10 74 -43 40 61 27 32700 50 32766 103 32766 32766 32766 32766 83 
54161 1964 3 20 9882 32766 32766 -40 6 -100 25 55 29 31012 44 32766 70 32766 32766 32766 32766 108 
54161 1964 3 21 9927 32766 32766 -47 13 -124 17 41 24 0 37 32766 68 32766 32766 32766 32766 112 
54161 1964 3 22 9987 32766 32766 -60 -3 -124 17 44 27 0 26 32766 40 32766 32766 32766 32766 109 
54161 1964 3 23 9962 32766 32766 -31 54 -107 15 34 19 0 36 32766 48 32766 32766 32766 32766 109 
54161 1964 3 24 9886 32766 32766 -15 65 -71 25 44 27 0 80 32766 75 32766 32766 32766 32766 95 
54161 1964 3 25 9856 32766 32766 -27 48 -123 19 38 24 0 49 32766 73 32766 32766 32766 32766 95 
54161 1964 3 26 9794 32766 32766 -28 25 -74 29 60 43 32700 39 32766 83 32766 32766 32766 32766 37 
54161 1964 3 27 9913 32766 32766 -48 20 -140 22 56 27 0 34 32766 30 32766 32766 32766 32766 92 
54161 1964 3 28 9842 32766 32766 3 33 -22 43 69 50 32700 15 32766 18 32766 32766 32766 32766 10 
54161 1964 3 29 9793 32766 32766 51 143 -44 44 58 23 0 76 32766 83 32766 32766 32766 32766 34 
54161 1964 3 30 9809 32766 32766 -10 98 -49 39 68 39 30073 31 32766 90 32766 32766 32766 32766 108 
54161 1964 3 31 9834 32766 32766 16 62 -29 45 66 39 0 26 32766 40 32766 32766 32766 32766 68 
54161 1964 4 1 9882 32766 32766 35 101 -26 40 53 18 0 40 32766 30 32766 32766 32766 32766 118 
54161 1964 4 2 9823 32766 32766 34 70 6 60 76 64 32700 25 32766 63 32766 32766 32766 32766 0 
54161 1964 4 3 9762 32766 32766 86 153 33 88 80 50 0 44 32766 70 32766 32766 32766 32766 82 
54161 1964 4 4 9843 32766 32766 57 87 28 54 59 18 0 56 32766 63 32766 32766 32766 32766 83 
54161 1964 4 5 9961 32766 32766 -43 35 -75 28 63 36 31001 31 32766 110 32766 32766 32766 32766 0 
54161 1964 4 6 9999 32766 32766 -43 -3 -65 20 46 30 0 39 32766 55 32766 32766 32766 32766 93 
54161 1964 4 7 10007 32766 32766 -14 44 -84 21 37 26 0 32 32766 25 32766 32766 32766 32766 97 
54161 1964 4 8 9919 32766 32766 41 97 -6 51 62 49 0 164 32766 90 32766 32766 32766 32766 104 
54161 1964 4 9 9875 32766 32766 73 163 0 59 62 33 0 96 32766 90 32766 32766 32766 32766 98 
54161 1964 4 10 9846 32766 32766 82 136 45 60 58 23 0 76 32766 85 32766 32766 32766 32766 55 
54161 1964 4 11 9924 32766 32766 68 153 -23 34 38 17 0 71 32766 40 32766 32766 32766 32766 111 
54161 1964 4 12 9920 32766 32766 93 171 12 56 48 26 0 69 32766 30 32766 32766 32766 32766 88 
54161 1964 4 13 9842 32766 32766 128 197 57 100 69 46 0 117 32766 105 32766 32766 32766 32766 101 
54161 1964 4 14 9872 32766 32766 70 134 36 77 76 50 3 22 32766 63 32766 32766 32766 32766 0 
54161 1964 4 15 9875 32766 32766 77 156 17 73 70 43 32700 53 32766 45 32766 32766 32766 32766 59 
54161 1964 4 16 9855 32766 32766 108 149 36 96 73 64 0 32 32766 28 32766 32766 32766 32766 33 
54161 1964 4 17 9849 32766 32766 125 189 90 107 76 40 4 32 32766 35 32766 32766 32766 32766 52 
54161 1964 4 18 9900 32766 32766 142 212 45 90 59 26 0 68 32766 13 32766 32766 32766 32766 121 
54161 1964 4 19 9895 32766 32766 151 221 63 75 46 25 0 112 32766 48 32766 32766 32766 32766 111 
54161 1964 4 20 9853 32766 32766 69 130 55 72 72 43 39 24 32766 60 32766 32766 32766 32766 0 
54161 1964 4 21 9817 32766 32766 40 58 24 78 96 78 73 8 32766 30 32766 32766 32766 32766 0 
54161 1964 4 22 9872 32766 32766 43 71 22 73 88 60 32700 12 32766 10 32766 32766 32766 32766 0 
54161 1964 4 23 9960 32766 32766 36 66 9 60 76 38 1 28 32766 25 32766 32766 32766 32766 78 
54161 1964 4 24 9960 32766 32766 56 114 -9 57 65 28 5 40 32766 23 32766 32766 32766 32766 108 
54161 1964 4 25 9851 32766 32766 61 101 33 80 86 61 36 15 32766 70 32766 32766 32766 32766 7 
54161 1964 4 26 9892 32766 32766 56 118 -2 61 71 26 32700 50 32766 45 32766 32766 32766 32766 110 
54161 1964 4 27 9968 32766 32766 77 145 -3 59 59 21 0 58 32766 20 32766 32766 32766 32766 127 
54161 1964 4 28 9954 32766 32766 136 213 59 73 48 29 0 136 32766 90 32766 32766 32766 32766 125 
54161 1964 4 29 9923 32766 32766 141 223 73 73 47 17 0 117 32766 70 32766 32766 32766 32766 91 
54161 1964 4 30 9866 32766 32766 138 197 92 83 53 26 32700 99 32766 45 32766 32766 32766 32766 25 
54161 1964 5 1 9842 32766 32766 162 231 63 89 49 16 0 92 32766 30 32766 32766 32766 32766 103 
54161 1964 5 2 9797 32766 32766 164 240 97 76 42 6 0 101 32766 23 32766 32766 32766 32766 106 
54161 1964 5 3 9824 32766 32766 128 189 85 54 38 11 0 129 32766 73 32766 32766 32766 32766 127 
54161 1964 5 4 9788 32766 32766 116 171 68 50 37 16 0 169 32766 100 32766 32766 32766 32766 120 
54161 1964 5 5 9853 32766 32766 105 191 -8 37 33 13 0 99 32766 38 32766 32766 32766 32766 127 
54161 1964 5 6 9780 32766 32766 201 296 95 105 45 30 0 257 32766 113 32766 32766 32766 32766 116 
54161 1964 5 7 9824 32766 32766 203 257 137 115 51 28 0 194 32766 78 32766 32766 32766 32766 112 
54161 1964 5 8 9827 32766 32766 192 258 140 101 46 23 0 169 32766 80 32766 32766 32766 32766 32 
54161 1964 5 9 9878 32766 32766 136 189 89 71 47 36 0 114 32766 38 32766 32766 32766 32766 112 
54161 1964 5 10 9853 32766 32766 120 181 70 62 46 19 0 95 32766 33 32766 32766 32766 32766 85 
54161 1964 5 11 9827 32766 32766 148 247 26 57 37 13 0 133 32766 30 32766 32766 32766 32766 134 
54161 1964 5 12 9811 32766 32766 191 276 104 62 30 16 0 212 32766 78 32766 32766 32766 32766 105 
54161 1964 5 13 9839 32766 32766 228 319 136 111 42 23 0 257 32766 118 32766 32766 32766 32766 125 
54161 1964 5 14 9839 32766 32766 227 294 165 98 37 22 0 352 32766 148 32766 32766 32766 32766 107 
54161 1964 5 15 9928 32766 32766 167 216 109 66 35 34 0 159 32766 50 32766 32766 32766 32766 106 
54161 1964 5 16 9934 32766 32766 192 285 78 67 33 16 0 156 32766 43 32766 32766 32766 32766 120 
54161 1964 5 17 9878 32766 32766 210 291 127 84 35 21 0 200 32766 75 32766 32766 32766 32766 128 
54161 1964 5 18 9861 32766 32766 181 253 108 82 41 26 0 141 32766 50 32766 32766 32766 32766 111 
54161 1964 5 19 9841 32766 32766 191 272 87 81 38 28 0 125 32766 18 32766 32766 32766 32766 118 
54161 1964 5 20 9809 32766 32766 215 271 151 127 50 49 0 158 32766 75 32766 32766 32766 32766 108 
54161 1964 5 21 9820 32766 32766 161 194 142 154 84 77 32700 35 32766 40 32766 32766 32766 32766 0 
54161 1964 5 22 9814 32766 32766 151 236 72 123 74 22 3 71 32766 33 32766 32766 32766 32766 36 
54161 1964 5 23 9818 32766 32766 161 218 110 106 59 30 0 101 32766 50 32766 32766 32766 32766 94 
54161 1964 5 24 9852 32766 32766 173 262 63 89 51 5 0 110 32766 23 32766 32766 32766 32766 119 
54161 1964 5 25 9854 32766 32766 188 247 105 69 33 12 0 137 32766 35 32766 32766 32766 32766 123 
54161 1964 5 26 9823 32766 32766 220 323 126 83 34 11 32700 200 32766 55 32766 32766 32766 32766 79 
54161 1964 5 27 9814 32766 32766 197 272 156 113 50 34 32700 166 32766 53 32766 32766 32766 32766 26 
54161 1964 5 28 9846 32766 32766 179 256 101 111 59 12 19 112 32766 40 32766 32766 32766 32766 124 
54161 1964 5 29 9814 32766 32766 225 308 114 105 40 12 0 160 32766 40 32766 32766 32766 32766 128 
54161 1964 5 30 9834 32766 32766 189 242 141 80 38 12 2 157 32766 53 32766 32766 32766 32766 116 
54161 1964 5 31 9842 32766 32766 160 204 111 77 45 24 24 101 32766 48 32766 32766 32766 32766 19 
54161 1964 6 1 9821 32766 32766 118 149 99 129 93 67 247 8 32766 40 32766 32766 32766 32766 0 
54161 1964 6 2 9798 32766 32766 140 203 79 117 75 45 15 53 32766 53 32766 32766 32766 32766 105 
54161 1964 6 3 9760 32766 32766 153 242 69 83 52 23 0 106 32766 55 32766 32766 32766 32766 133 
54161 1964 6 4 9716 32766 32766 107 190 51 72 59 28 19 94 32766 35 32766 32766 32766 32766 67 
54161 1964 6 5 9717 32766 32766 107 167 49 103 81 48 24 52 32766 33 32766 32766 32766 32766 69 
54161 1964 6 6 9747 32766 32766 154 218 98 120 70 43 2 68 32766 30 32766 32766 32766 32766 74 
54161 1964 6 7 9793 32766 32766 171 228 126 134 71 41 6 64 32766 23 32766 32766 32766 32766 57 
54161 1964 6 8 9847 32766 32766 192 249 115 113 53 28 32700 119 32766 20 32766 32766 32766 32766 126 
54161 1964 6 9 9844 32766 32766 204 266 109 113 49 29 0 93 32766 13 32766 32766 32766 32766 117 
54161 1964 6 10 9800 32766 32766 177 209 154 151 74 55 22 48 32766 25 32766 32766 32766 32766 0 
54161 1964 6 11 9777 32766 32766 169 217 149 169 88 61 179 59 32766 40 32766 32766 32766 32766 38 
54161 1964 6 12 9765 32766 32766 167 240 126 152 81 45 4 49 32766 55 32766 32766 32766 32766 49 
54161 1964 6 13 9775 32766 32766 155 189 136 159 90 80 80 30 32766 28 32766 32766 32766 32766 0 
54161 1964 6 14 9763 32766 32766 156 203 137 158 89 62 35 24 32766 18 32766 32766 32766 32766 16 
54161 1964 6 15 9767 32766 32766 183 239 98 164 79 49 32001 54 32766 0 32766 32766 32766 32766 125 
54161 1964 6 16 9775 32766 32766 215 279 145 168 67 40 0 102 32766 60 32766 32766 32766 32766 127 
54161 1964 6 17 9766 32766 32766 230 298 159 179 66 37 0 112 32766 60 32766 32766 32766 32766 123 
54161 1964 6 18 9741 32766 32766 229 284 186 180 66 47 31 141 32766 83 32766 32766 32766 32766 96 
54161 1964 6 19 9755 32766 32766 208 259 168 167 70 38 0 72 32766 23 32766 32766 32766 32766 52 
54161 1964 6 20 9737 32766 32766 184 222 159 166 79 56 1 39 32766 23 32766 32766 32766 32766 44 
54161 1964 6 21 9750 32766 32766 186 244 155 180 85 49 10 45 32766 23 32766 32766 32766 32766 49 
54161 1964 6 22 9756 32766 32766 203 254 150 182 77 52 5 43 32766 35 32766 32766 32766 32766 67 
54161 1964 6 23 9788 32766 32766 233 310 135 152 56 27 3 107 32766 40 32766 32766 32766 32766 128 
54161 1964 6 24 9757 32766 32766 249 344 169 187 62 36 125 194 32766 78 32766 32766 32766 32766 99 
54161 1964 6 25 9747 32766 32766 243 310 188 204 69 36 0 92 32766 80 32766 32766 32766 32766 129 
54161 1964 6 26 9730 32766 32766 247 308 193 161 52 45 32700 143 32766 63 32766 32766 32766 32766 122 
54161 1964 6 27 9755 32766 32766 237 300 160 140 49 39 0 112 32766 18 32766 32766 32766 32766 135 
54161 1964 6 28 9755 32766 32766 245 317 165 164 55 45 0 130 32766 35 32766 32766 32766 32766 131 
54161 1964 6 29 9768 32766 32766 277 346 220 178 49 41 32700 190 32766 85 32766 32766 32766 32766 116 
54161 1964 6 30 9784 32766 32766 242 272 214 207 69 77 0 123 32766 93 32766 32766 32766 32766 14 
54161 1964 7 1 9772 32766 32766 248 305 190 201 66 45 0 84 32766 35 32766 32766 80 10 91 
54161 1964 7 2 9772 32766 32766 263 328 191 180 55 31 0 130 32766 35 32766 32766 100 7 137 
54161 1964 7 3 9783 32766 32766 273 347 211 201 58 34 0 139 32766 43 32766 32766 120 10 133 
54161 1964 7 4 9726 32766 32766 226 281 210 235 86 84 161 43 32766 58 32766 32766 150 6 0 
54161 1964 7 5 9723 32766 32766 235 283 193 229 80 49 68 96 32766 63 32766 32766 171 11 106 
54161 1964 7 6 9749 32766 32766 258 322 207 238 74 44 0 119 32766 60 32766 32766 124 9 127 
54161 1964 7 7 9742 32766 32766 248 294 200 239 77 52 0 59 32766 20 32766 32766 60 9 99 
54161 1964 7 8 9699 32766 32766 248 291 203 236 76 55 0 54 32766 20 32766 32766 112 1 14 
54161 1964 7 9 9678 32766 32766 219 263 191 227 87 64 72 30 32766 15 32766 32766 112 9 8 
54161 1964 7 10 9701 32766 32766 210 253 182 229 92 66 104 21 32766 15 32766 32766 122 15 53 
54161 1964 7 11 9721 32766 32766 222 269 182 231 88 64 353 113 32766 28 32766 32766 274 12 72 
54161 1964 7 12 9777 32766 32766 169 218 134 152 81 47 0 46 32766 33 32766 32766 105 14 91 
54161 1964 7 13 9782 32766 32766 187 238 129 151 71 50 0 55 32766 20 32766 32766 83 11 131 
54161 1964 7 14 9743 32766 32766 199 262 127 158 69 47 0 72 32766 28 32766 32766 109 15 112 
54161 1964 7 15 9763 32766 32766 202 244 137 135 58 44 32700 63 32766 8 32766 32766 61 4 79 
54161 1964 7 16 9730 32766 32766 184 207 169 182 86 72 127 23 32766 28 32766 32766 85 3 0 
54161 1964 7 17 9744 32766 32766 174 213 157 184 93 73 34 27 32766 38 32766 32766 105 1 32 
54161 1964 7 18 9761 32766 32766 182 218 136 173 84 63 0 44 32766 28 32766 32766 82 2 74 
54161 1964 7 19 9778 32766 32766 197 246 129 165 74 49 0 54 32766 15 32766 32766 41 3 114 
54161 1964 7 20 9798 32766 32766 217 259 164 194 76 56 32700 49 32766 35 32766 32766 120 9 80 
54161 1964 7 21 9791 32766 32766 214 231 199 199 79 70 1 59 32766 70 32766 32766 178 9 0 
54161 1964 7 22 9769 32766 32766 199 229 184 225 97 88 159 12 32766 48 32766 32766 123 9 0 
54161 1964 7 23 9733 32766 32766 220 272 182 193 75 46 0 80 32766 60 32766 32766 165 11 96 
54161 1964 7 24 9778 32766 32766 222 285 156 211 80 55 0 74 32766 35 32766 32766 92 10 116 
54161 1964 7 25 9824 32766 32766 246 301 197 231 76 50 32700 67 32766 33 32766 32766 97 9 95 
54161 1964 7 26 9861 32766 32766 211 238 182 221 88 71 26 46 32766 20 32766 32766 44 8 12 
54161 1964 7 27 9862 32766 32766 235 279 189 236 82 55 32700 46 32766 0 32766 32766 0 17 83 
54161 1964 7 28 9839 32766 32766 208 241 194 239 97 77 166 10 32766 15 32766 32766 81 3 0 
54161 1964 7 29 9783 32766 32766 226 264 197 249 92 65 38 31 32766 20 32766 32766 122 3 3 
54161 1964 7 30 9737 32766 32766 215 261 190 238 93 67 827 44 32766 30 32766 32766 118 1 60 
54161 1964 7 31 9778 32766 32766 229 275 199 241 87 64 32001 54 32766 25 32766 32766 118 12 107 
54161 1964 8 1 9799 32766 32766 243 293 194 249 83 58 32700 54 32766 5 32766 32766 0 17 100 
54161 1964 8 2 9801 32766 32766 261 303 214 267 80 53 0 67 32766 10 32766 32766 47 16 122 
54161 1964 8 3 9800 32766 32766 271 319 210 289 81 53 0 70 32766 15 32766 32766 50 2 126 
54161 1964 8 4 9764 32766 32766 248 275 223 271 87 74 165 36 32766 65 32766 32766 244 9 7 
54161 1964 8 5 9772 32766 32766 235 284 205 267 92 71 19 45 32766 40 32766 32766 103 11 48 
54161 1964 8 6 9750 32766 32766 224 253 195 255 94 84 90 17 32766 18 32766 32766 70 10 0 
54161 1964 8 7 9700 32766 32766 209 237 178 239 96 88 240 16 32766 40 32766 32766 129 11 0 
54161 1964 8 8 9827 32766 32766 179 216 154 157 78 44 32700 60 32766 35 32766 32766 92 1 89 
54161 1964 8 9 9849 32766 32766 191 235 118 145 67 42 0 55 32766 8 32766 32766 53 9 114 
54161 1964 8 10 9754 32766 32766 222 266 181 235 87 68 13 43 32766 45 32766 32766 132 9 25 
54161 1964 8 11 9751 32766 32766 229 267 196 242 87 59 50 23 32766 43 32766 32766 103 10 117 
54161 1964 8 12 9840 32766 32766 219 273 149 202 79 43 0 62 32766 23 32766 32766 84 5 124 
54161 1964 8 13 9819 32766 32766 215 242 195 239 93 84 38 13 32766 18 32766 32766 123 8 0 
54161 1964 8 14 9750 32766 32766 228 260 201 264 95 77 154 18 32766 43 32766 32766 112 9 19 
54161 1964 8 15 9724 32766 32766 229 268 198 244 88 65 0 36 32766 45 32766 32766 103 9 23 
54161 1964 8 16 9775 32766 32766 203 248 159 177 76 46 0 68 32766 23 32766 32766 88 16 125 
54161 1964 8 17 9821 32766 32766 212 257 145 165 67 41 0 92 32766 15 32766 32766 97 2 114 
54161 1964 8 18 9822 32766 32766 205 238 164 200 83 74 32700 22 32766 23 32766 32766 35 7 3 
54161 1964 8 19 9819 32766 32766 197 224 179 214 94 77 63 13 32766 20 32766 32766 70 1 22 
54161 1964 8 20 9806 32766 32766 178 198 160 177 87 75 3 28 32766 60 32766 32766 135 1 0 
54161 1964 8 21 9779 32766 32766 158 183 139 172 96 86 61 10 32766 25 32766 32766 132 2 0 
54161 1964 8 22 9794 32766 32766 183 243 129 199 94 73 32003 39 32766 23 32766 32766 66 2 53 
54161 1964 8 23 9789 32766 32766 199 257 155 211 92 65 32003 31 32766 15 32766 32766 30 3 47 
54161 1964 8 24 9766 32766 32766 211 257 185 229 92 69 50 27 32766 5 32766 32766 57 5 20 
54161 1964 8 25 9771 32766 32766 202 250 180 214 91 67 131 34 32766 18 32766 32766 72 8 45 
54161 1964 8 26 9796 32766 32766 201 254 175 212 91 59 24 42 32766 18 32766 32766 58 16 59 
54161 1964 8 27 9817 32766 32766 212 268 166 212 86 57 8 44 32766 23 32766 32766 128 11 87 
54161 1964 8 28 9824 32766 32766 208 264 175 205 84 65 70 50 32766 50 32766 32766 122 7 19 
54161 1964 8 29 9800 32766 32766 191 247 172 212 96 68 206 60 32766 23 32766 32766 160 8 53 
54161 1964 8 30 9808 32766 32766 195 251 163 212 94 68 45 34 32766 38 32766 32766 106 7 59 
54161 1964 8 31 9823 32766 32766 229 275 184 243 88 64 0 45 32766 38 32766 32766 98 14 55 
54161 1964 9 1 9813 32766 32766 211 270 166 200 81 51 3 57 32766 35 32766 32766 32766 32766 102 
54161 1964 9 2 9795 32766 32766 218 271 179 201 78 48 0 65 32766 30 32766 32766 32766 32766 114 
54161 1964 9 3 9785 32766 32766 200 262 170 204 87 67 30 33 32766 25 32766 32766 32766 32766 11 
54161 1964 9 4 9799 32766 32766 188 243 161 172 80 47 11 50 32766 38 32766 32766 32766 32766 87 
54161 1964 9 5 9844 32766 32766 168 235 94 130 70 48 32001 60 32766 40 32766 32766 32766 32766 118 
54161 1964 9 6 9871 32766 32766 161 215 104 126 71 45 0 63 32766 25 32766 32766 32766 32766 118 
54161 1964 9 7 9881 32766 32766 174 232 100 138 71 38 0 49 32766 3 32766 32766 32766 32766 107 
54161 1964 9 8 9829 32766 32766 171 229 119 137 72 44 32700 36 32766 13 32766 32766 32766 32766 50 
54161 1964 9 9 9850 32766 32766 152 216 108 150 86 50 67 39 32766 15 32766 32766 32766 32766 53 
54161 1964 9 10 9864 32766 32766 129 194 46 102 70 42 32700 29 32766 18 32766 32766 32766 32766 103 
54161 1964 9 11 9837 32766 32766 168 229 127 145 77 51 32700 44 32766 40 32766 32766 32766 32766 27 
54161 1964 9 12 9852 32766 32766 152 174 126 167 97 78 173 9 32766 33 32766 32766 32766 32766 0 
54161 1964 9 13 9885 32766 32766 144 216 76 113 72 38 32005 39 32766 5 32766 32766 32766 32766 108 
54161 1964 9 14 9852 32766 32766 142 219 95 117 75 41 62 44 32766 48 32766 32766 32766 32766 94 
54161 1964 9 15 9878 32766 32766 121 191 55 90 68 32 4 63 32766 53 32766 32766 32766 32766 109 
54161 1964 9 16 9894 32766 32766 119 178 55 83 63 31 4 56 32766 28 32766 32766 32766 32766 110 
54161 1964 9 17 9947 32766 32766 118 166 48 80 59 32 0 26 32766 18 32766 32766 32766 32766 59 
54161 1964 9 18 9951 32766 32766 113 167 46 81 62 41 0 45 32766 13 32766 32766 32766 32766 113 
54161 1964 9 19 9894 32766 32766 123 182 41 84 60 34 0 36 32766 8 32766 32766 32766 32766 108 
54161 1964 9 20 9874 32766 32766 95 143 58 91 76 63 32700 28 32766 23 32766 32766 32766 32766 36 
54161 1964 9 21 9907 32766 32766 86 160 28 73 69 38 0 45 32766 28 32766 32766 32766 32766 105 
54161 1964 9 22 9936 32766 32766 88 155 12 65 60 28 0 44 32766 13 32766 32766 32766 32766 112 
54161 1964 9 23 9933 32766 32766 126 217 43 78 55 33 0 64 32766 33 32766 32766 32766 32766 107 
54161 1964 9 24 9854 32766 32766 150 227 81 101 60 45 0 66 32766 40 32766 32766 32766 32766 103 
54161 1964 9 25 9835 32766 32766 134 194 93 111 73 45 0 43 32766 43 32766 32766 32766 32766 74 
54161 1964 9 26 9916 32766 32766 92 135 56 64 57 32 0 48 32766 28 32766 32766 32766 32766 97 
54161 1964 9 27 9921 32766 32766 86 171 13 50 48 21 0 42 32766 28 32766 32766 32766 32766 109 
54161 1964 9 28 9881 32766 32766 136 222 45 60 41 28 0 93 32766 60 32766 32766 32766 32766 102 
54161 1964 9 29 9909 32766 32766 119 194 46 60 45 28 0 100 32766 38 32766 32766 32766 32766 107 
54161 1964 9 30 9936 32766 32766 100 174 13 53 47 27 0 52 32766 23 32766 32766 32766 32766 106 
54161 1964 10 1 9959 32766 32766 130 228 39 64 44 20 0 54 32766 28 32766 32766 32766 32766 106 
54161 1964 10 2 9928 32766 32766 147 203 103 93 55 59 32700 46 32766 35 32766 32766 32766 32766 31 
54161 1964 10 3 9899 32766 32766 146 203 106 101 63 18 16 46 32766 50 32766 32766 32766 32766 71 
54161 1964 10 4 9899 32766 32766 84 132 51 72 68 24 1 33 32766 45 32766 32766 32766 32766 14 
54161 1964 10 5 9869 32766 32766 72 140 -16 65 68 31 0 45 32766 30 32766 32766 32766 32766 104 
54161 1964 10 6 9877 32766 32766 71 138 2 57 60 24 0 45 32766 48 32766 32766 32766 32766 103 
54161 1964 10 7 9899 32766 32766 47 73 31 71 83 64 30007 26 32766 65 32766 32766 32766 32766 20 
54161 1964 10 8 9960 32766 32766 35 85 1 65 85 44 31 19 32766 25 32766 32766 32766 32766 13 
54161 1964 10 9 9942 32766 32766 47 123 -11 57 69 33 0 29 32766 40 32766 32766 32766 32766 103 
54161 1964 10 10 9932 32766 32766 81 163 10 55 55 23 0 47 32766 35 32766 32766 32766 32766 100 
54161 1964 10 11 9892 32766 32766 132 193 74 101 64 58 0 67 32766 68 32766 32766 32766 32766 31 
54161 1964 10 12 9888 32766 32766 166 216 123 135 73 43 0 65 32766 70 32766 32766 32766 32766 67 
54161 1964 10 13 9880 32766 32766 152 204 116 134 79 55 0 53 32766 48 32766 32766 32766 32766 64 
54161 1964 10 14 9878 32766 32766 153 198 117 139 81 60 41 28 32766 43 32766 32766 32766 32766 49 
54161 1964 10 15 9881 32766 32766 131 172 85 135 89 76 82 23 32766 50 32766 32766 32766 32766 0 
54161 1964 10 16 9905 32766 32766 55 88 33 68 75 46 54 27 32766 73 32766 32766 32766 32766 24 
54161 1964 10 17 9952 32766 32766 17 70 -33 39 59 28 0 28 32766 23 32766 32766 32766 32766 98 
54161 1964 10 18 9907 32766 32766 36 98 -29 45 60 31 0 30 32766 35 32766 32766 32766 32766 95 
54161 1964 10 19 9873 32766 32766 93 152 32 75 62 53 0 76 32766 108 32766 32766 32766 32766 94 
54161 1964 10 20 9856 32766 32766 76 147 37 81 74 35 50 33 32766 68 32766 32766 32766 32766 9 
54161 1964 10 21 9934 32766 32766 1 40 -29 33 55 19 0 43 32766 60 32766 32766 32766 32766 94 
54161 1964 10 22 9967 32766 32766 -32 10 -55 25 53 21 0 30 32766 50 32766 32766 32766 32766 90 
54161 1964 10 23 9977 32766 32766 -31 30 -84 25 51 21 0 35 32766 60 32766 32766 32766 32766 95 
54161 1964 10 24 10044 32766 32766 -31 17 -88 24 50 31 0 19 32766 13 32766 32766 32766 32766 95 
54161 1964 10 25 10018 32766 32766 6 80 -61 31 51 23 0 24 32766 33 32766 32766 32766 32766 91 
54161 1964 10 26 9924 32766 32766 59 133 -17 59 59 52 0 43 32766 60 32766 32766 32766 32766 71 
54161 1964 10 27 9909 32766 32766 58 102 -23 74 76 47 1 40 32766 78 32766 32766 32766 32766 40 
54161 1964 10 28 10007 32766 32766 -40 14 -85 23 54 23 0 23 32766 28 32766 32766 32766 32766 81 
54161 1964 10 29 9958 32766 32766 -21 56 -86 32 62 31 0 28 32766 48 32766 32766 32766 32766 92 
54161 1964 10 30 9946 32766 32766 17 88 -41 36 55 27 0 29 32766 30 32766 32766 32766 32766 91 
54161 1964 10 31 9859 32766 32766 20 54 -3 61 86 56 93 17 32766 68 32766 32766 32766 32766 0 
54161 1964 11 1 9912 32766 32766 1 41 -28 45 73 46 0 21 32766 53 32766 32766 140 13 65 
54161 1964 11 2 9991 32766 32766 -20 31 -71 39 75 41 0 9 32766 18 32766 32766 61 11 93 
54161 1964 11 3 9928 32766 32766 25 71 -38 63 82 70 19 14 32766 70 32766 32766 178 11 0 
54161 1964 11 4 9930 32766 32766 19 68 -26 52 75 48 0 19 32766 35 32766 32766 77 11 90 
54161 1964 11 5 9916 32766 32766 5 45 -31 38 62 34 0 25 32766 43 32766 32766 154 15 90 
54161 1964 11 6 9920 32766 32766 -18 41 -64 37 70 43 0 17 32766 35 32766 32766 119 13 43 
54161 1964 11 7 10020 32766 32766 -14 52 -76 35 66 38 0 7 32766 13 32766 32766 66 15 91 
54161 1964 11 8 10033 32766 32766 11 66 -39 37 58 36 0 15 32766 23 32766 32766 88 10 87 
54161 1964 11 9 9996 32766 32766 12 53 -36 34 53 38 0 16 32766 28 32766 32766 71 8 31 
54161 1964 11 10 9948 32766 32766 22 91 -37 41 60 35 0 19 32766 18 32766 32766 65 9 81 
54161 1964 11 11 9871 32766 32766 3 45 -23 51 82 61 30019 8 32766 43 32766 32766 131 12 10 
54161 1964 11 12 9854 32766 32766 -20 0 -40 52 97 87 31014 0 32766 53 32766 32766 185 2 0 
54161 1964 11 13 9892 32766 32766 -55 -12 -79 37 92 79 31011 23 32766 90 32766 32766 134 1 5 
54161 1964 11 14 9921 32766 32766 -62 -39 -102 34 86 70 32700 11 32766 43 32766 32766 77 13 49 
54161 1964 11 15 9970 32766 32766 -65 -5 -116 31 82 59 0 12 32766 35 32766 32766 77 11 84 
54161 1964 11 16 9982 32766 32766 -37 18 -86 38 81 61 0 10 32766 35 32766 32766 103 11 80 
54161 1964 11 17 9936 32766 32766 -20 26 -74 44 82 71 0 7 32766 38 32766 32766 91 14 0 
54161 1964 11 18 9962 32766 32766 -66 0 -115 29 78 43 0 11 32766 40 32766 32766 93 15 81 
54161 1964 11 19 9836 32766 32766 -36 17 -85 34 70 54 0 19 32766 53 32766 32766 159 10 73 
54161 1964 11 20 9778 32766 32766 13 45 -43 51 77 51 32700 14 32766 60 32766 32766 173 13 18 
54161 1964 11 21 9887 32766 32766 -87 23 -116 18 54 35 0 23 32766 60 32766 32766 153 14 79 
54161 1964 11 22 9750 32766 32766 -4 64 -110 39 64 49 0 33 32766 78 32766 32766 223 9 61 
54161 1964 11 23 9825 32766 32766 -87 6 -133 29 88 82 31002 6 32766 45 32766 32766 120 14 9 
54161 1964 11 24 9942 32766 32766 -124 -77 -183 16 71 52 0 9 32766 33 32766 32766 91 9 73 
54161 1964 11 25 9887 32766 32766 -64 -24 -90 27 73 57 0 12 32766 18 32766 32766 75 8 78 
54161 1964 11 26 9891 32766 32766 -24 58 -103 41 78 55 0 10 32766 45 32766 32766 119 8 82 
54161 1964 11 27 9819 32766 32766 30 84 -18 58 74 54 0 36 32766 130 32766 32766 266 5 71 
54161 1964 11 28 9941 32766 32766 -72 -12 -106 24 68 50 0 16 32766 28 32766 32766 77 15 80 
54161 1964 11 29 9978 32766 32766 -124 -76 -165 16 63 47 0 9 32766 33 32766 32766 101 2 78 
54161 1964 11 30 9996 32766 32766 -171 -147 -188 10 65 345 0 6 32766 38 32766 32766 112 16 74 
54161 1964 12 1 10012 32766 32766 -139 -85 -201 14 69 43 32700 11 32766 40 32766 32766 127 15 35 
54161 1964 12 2 10015 32766 32766 -117 -68 -161 16 64 33 0 8 32766 33 32766 32766 97 15 79 
54161 1964 12 3 9978 32766 32766 -96 -20 -150 19 65 41 0 11 32766 38 32766 32766 84 12 76 
54161 1964 12 4 9920 32766 32766 -42 35 -111 24 56 26 0 25 32766 68 32766 32766 154 7 74 
54161 1964 12 5 9881 32766 32766 -47 1 -95 35 82 55 32700 13 32766 55 32766 32766 136 8 0 
54161 1964 12 6 9925 32766 32766 -117 -77 -156 18 70 44 31001 9 32766 60 32766 32766 157 12 70 
54161 1964 12 7 9925 32766 32766 -115 -52 -157 16 63 35 0 13 32766 40 32766 32766 92 11 72 
54161 1964 12 8 9975 32766 32766 -132 -100 -158 14 64 43 0 8 32766 28 32766 32766 97 15 79 
54161 1964 12 9 10034 32766 32766 -163 -118 -213 11 66 42 0 6 32766 13 32766 32766 67 15 73 
54161 1964 12 10 9992 32766 32766 -165 -115 -196 11 65 41 0 7 32766 40 32766 32766 136 13 64 
54161 1964 12 11 9974 32766 32766 -174 -117 -226 9 63 38 0 7 32766 48 32766 32766 121 12 75 
54161 1964 12 12 9936 32766 32766 -137 -74 -192 12 60 36 0 12 32766 65 32766 32766 147 4 75 
54161 1964 12 13 9887 32766 32766 -110 -56 -143 17 64 38 0 18 32766 65 32766 32766 164 11 75 
54161 1964 12 14 9904 32766 32766 -122 -52 -172 15 62 36 0 12 32766 30 32766 32766 91 13 78 
54161 1964 12 15 9908 32766 32766 -123 -54 -174 15 64 44 0 12 32766 40 32766 32766 98 12 73 
54161 1964 12 16 9912 32766 32766 -93 -33 -152 18 62 42 0 12 32766 38 32766 32766 103 13 64 
54161 1964 12 17 9879 32766 32766 -103 -36 -151 17 65 42 0 16 32766 43 32766 32766 101 12 75 
54161 1964 12 18 9843 32766 32766 -122 -67 -160 16 66 46 0 12 32766 65 32766 32766 131 13 76 
54161 1964 12 19 9872 32766 32766 -103 -31 -158 17 61 46 0 10 32766 40 32766 32766 96 8 46 
54161 1964 12 20 9872 32766 32766 -94 -10 -149 18 61 37 0 15 32766 48 32766 32766 130 5 12 
54161 1964 12 21 9913 32766 32766 -77 -15 -142 21 62 41 0 11 32766 28 32766 32766 66 14 69 
54161 1964 12 22 9906 32766 32766 -80 -37 -120 25 74 70 0 8 32766 40 32766 32766 69 11 0 
54161 1964 12 23 9959 32766 32766 -121 -57 -174 21 86 57 0 6 32766 23 32766 32766 45 2 59 
54161 1964 12 24 9983 32766 32766 -105 -33 -142 18 68 35 0 11 32766 50 32766 32766 121 13 75 
54161 1964 12 25 10004 32766 32766 -97 -18 -185 15 54 26 0 17 32766 45 32766 32766 145 15 75 
54161 1964 12 26 9992 32766 32766 -104 -26 -149 16 57 41 0 18 32766 45 32766 32766 150 15 75 
54161 1964 12 27 10029 32766 32766 -126 -50 -178 13 58 33 0 6 32766 13 32766 32766 54 3 67 
54161 1964 12 28 9946 32766 32766 -76 -4 -160 20 59 29 0 21 32766 80 32766 32766 246 4 51 
54161 1964 12 29 9924 32766 32766 -120 -10 -173 18 74 57 31001 15 32766 25 32766 32766 82 6 51 
54161 1964 12 30 9901 32766 32766 -132 -92 -172 19 85 71 31001 3 32766 35 32766 32766 97 10 64 
54161 1964 12 31 9844 32766 32766 -107 -54 -154 20 73 63 32700 7 32766 35 32766 32766 91 12 50 
54161 1965 1 1 9900 32766 32766 -169 -86 -220 15 85 67 31002 4 32766 45 101 3 32766 32766 66 
54161 1965 1 2 9937 32766 32766 -199 -153 -247 11 83 74 0 4 32766 35 80 13 32766 32766 70 
54161 1965 1 3 9896 32766 32766 -180 -140 -205 11 77 61 32700 6 32766 60 139 4 32766 32766 73 
