V01000 V04001 V04002 V04003 V10004 V10201 V10202 V12001 V12052 V12053 V13004 V13003 V13007 V13201 V13241 V13242 V11002 V11042 V11212 V11041 V11043 V14032
54161 1974 1 4 9927 32766 32766 -73 -6 -112 22 63 345 0 15 32766 38 77 16 32766 32766 68 
54161 1974 1 5 9978 32766 32766 -88 -13 -147 21 68 343 0 13 32766 30 43 13 32766 32766 75 
54161 1974 1 6 9981 32766 32766 -78 -12 -133 20 63 336 0 10 32766 25 33 6 32766 32766 69 
54161 1974 1 7 9946 32766 32766 -94 -26 -146 21 72 345 0 10 32766 13 40 16 32766 32766 23 
54161 1974 1 8 10006 32766 32766 -137 -76 -169 19 89 380 31001 5 32766 40 53 1 32766 32766 47 
54161 1974 1 9 10044 32766 32766 -171 -112 -224 12 79 359 0 8 32766 13 40 3 32766 32766 78 
54161 1974 1 10 10026 32766 32766 -160 -96 -219 13 77 356 0 7 32766 23 27 2 32766 32766 73 
54161 1974 1 11 10003 32766 32766 -160 -97 -216 13 76 352 0 6 32766 10 37 1 32766 32766 67 
54161 1974 1 12 9992 32766 32766 -128 -57 -197 15 69 339 0 6 32766 15 20 3 32766 32766 73 
54161 1974 1 13 10008 32766 32766 -125 -65 -193 14 63 325 0 1 32766 23 30 3 32766 32766 36 
54161 1974 1 14 9952 32766 32766 -97 -30 -154 16 55 334 32700 12 32766 50 127 13 32766 32766 0 
54161 1974 1 15 9961 32766 32766 -169 -78 -216 7 47 328 32700 23 32766 60 93 13 32766 32766 75 
54161 1974 1 16 9959 32766 32766 -181 -104 -242 7 47 327 0 10 32766 38 60 13 32766 32766 78 
54161 1974 1 17 9966 32766 32766 -166 -89 -230 7 40 325 0 11 32766 33 43 15 32766 32766 80 
54161 1974 1 18 9934 32766 32766 -149 -71 -195 9 44 340 0 15 32766 38 70 10 32766 32766 76 
54161 1974 1 19 9940 32766 32766 -135 -63 -202 9 46 322 0 14 32766 30 70 12 32766 32766 78 
54161 1974 1 20 9909 32766 32766 -84 -1 -150 16 49 340 0 22 32766 48 107 12 32766 32766 58 
54161 1974 1 21 9881 32766 32766 -94 -37 -167 25 80 373 31001 3 32766 25 83 13 32766 32766 0 
54161 1974 1 22 9885 32766 32766 -179 -146 -198 13 81 377 31001 4 32766 55 100 15 32766 32766 0 
54161 1974 1 23 9984 32766 32766 -225 -175 -279 7 63 353 32700 5 32766 38 67 15 32766 32766 75 
54161 1974 1 24 10023 32766 32766 -225 -163 -266 6 57 346 0 6 32766 33 47 16 32766 32766 87 
54161 1974 1 25 10046 32766 32766 -209 -146 -263 7 65 344 0 3 32766 10 30 6 32766 32766 75 
54161 1974 1 26 9965 32766 32766 -191 -135 -229 9 64 349 0 5 32766 33 57 2 32766 32766 35 
54161 1974 1 27 9997 32766 32766 -212 -152 -258 8 70 354 32700 7 32766 33 50 1 32766 32766 76 
54161 1974 1 28 10068 32766 32766 -224 -160 -286 7 69 348 0 6 32766 10 40 2 32766 32766 85 
54161 1974 1 29 10068 32766 32766 -209 -142 -265 8 69 347 0 5 32766 38 57 3 32766 32766 86 
54161 1974 1 30 10032 32766 32766 -200 -135 -259 8 67 344 0 7 32766 43 70 3 32766 32766 77 
54161 1974 1 31 10063 32766 32766 -199 -133 -252 8 64 340 0 10 32766 25 43 2 32766 32766 85 
54161 1974 2 1 10090 32766 32766 -187 -118 -239 8 59 338 0 6 32766 10 30 2 32766 32766 84 
54161 1974 2 2 10070 32766 32766 -165 -108 -233 11 66 344 0 6 32766 8 37 5 32766 32766 60 
54161 1974 2 3 9994 32766 32766 -131 -53 -195 12 54 327 0 10 32766 25 43 12 32766 32766 30 
54161 1974 2 4 10034 32766 32766 -154 -96 -207 13 70 345 31001 10 32766 25 40 1 32766 32766 76 
54161 1974 2 5 10044 32766 32766 -168 -88 -225 10 69 337 0 9 32766 20 50 16 32766 32766 82 
54161 1974 2 6 10039 32766 32766 -157 -99 -227 11 64 340 0 9 32766 38 67 3 32766 32766 45 
54161 1974 2 7 9947 32766 32766 -136 -103 -159 14 63 352 31001 12 32766 65 77 2 32766 32766 12 
54161 1974 2 8 9967 32766 32766 -138 -78 -181 11 54 329 32700 15 32766 40 57 1 32766 32766 91 
54161 1974 2 9 9960 32766 32766 -126 -66 -181 12 52 341 0 12 32766 38 70 12 32766 32766 57 
54161 1974 2 10 9952 32766 32766 -167 -113 -217 8 53 331 32700 12 32766 55 100 16 32766 32766 79 
54161 1974 2 11 9957 32766 32766 -178 -93 -248 10 67 343 0 10 32766 30 50 7 32766 32766 80 
54161 1974 2 12 9871 32766 32766 -126 -95 -160 17 72 353 31003 9 32766 53 110 14 32766 32766 53 
54161 1974 2 13 9958 32766 32766 -151 -94 -215 8 47 333 0 13 32766 45 100 13 32766 32766 86 
54161 1974 2 14 9902 32766 32766 -57 36 -141 20 45 337 0 25 32766 48 120 12 32766 32766 86 
54161 1974 2 15 9814 32766 32766 -10 40 -67 46 78 360 31008 15 32766 58 120 12 32766 32766 27 
54161 1974 2 16 9848 32766 32766 -48 49 -138 19 51 323 0 24 32766 38 77 13 32766 32766 94 
54161 1974 2 17 9830 32766 32766 -18 48 -63 34 64 346 0 22 32766 45 83 12 32766 32766 53 
54161 1974 2 18 9864 32766 32766 4 87 -89 29 59 317 0 149 32766 60 160 11 32766 32766 58 
54161 1974 2 19 9890 32766 32766 -62 63 -114 15 32 317 0 57 32766 88 140 13 32766 32766 72 
54161 1974 2 20 9923 32766 32766 -125 -72 -176 7 30 318 0 26 32766 53 97 12 32766 32766 88 
54161 1974 2 21 9827 32766 32766 -64 23 -146 23 49 331 31001 28 32766 58 120 11 32766 32766 38 
54161 1974 2 22 9874 32766 32766 -152 -23 -193 14 69 352 31010 12 32766 70 90 15 32766 32766 73 
54161 1974 2 23 9950 32766 32766 -173 -104 -218 11 68 353 32700 15 32766 38 63 12 32766 32766 86 
54161 1974 2 24 9948 32766 32766 -190 -137 -240 7 50 335 0 11 32766 45 77 12 32766 32766 88 
54161 1974 2 25 9925 32766 32766 -206 -148 -269 6 50 337 0 8 32766 58 90 12 32766 32766 93 
54161 1974 2 26 9917 32766 32766 -167 -93 -240 9 53 342 0 12 32766 43 87 12 32766 32766 92 
54161 1974 2 27 9959 32766 32766 -133 -52 -207 13 57 347 0 17 32766 45 83 12 32766 32766 95 
54161 1974 2 28 9952 32766 32766 -50 39 -137 25 58 347 0 31 32766 60 100 11 32766 32766 91 
54161 1974 3 1 9950 32766 32766 -32 21 -79 27 55 353 0 29 32766 58 73 11 32766 32766 95 
54161 1974 3 2 9961 32766 32766 -16 77 -112 26 54 321 0 42 32766 58 123 11 32766 32766 84 
54161 1974 3 3 9890 32766 32766 4 47 -29 40 63 356 32700 28 32766 45 130 12 32766 32766 6 
54161 1974 3 4 9880 32766 32766 -3 36 -52 38 63 349 31003 39 32766 65 140 12 32766 32766 62 
54161 1974 3 5 9934 32766 32766 -15 69 -82 27 56 324 0 25 32766 35 70 11 32766 32766 88 
54161 1974 3 6 9939 32766 32766 -37 18 -97 23 51 340 0 34 32766 43 70 16 32766 32766 94 
54161 1974 3 7 9935 32766 32766 -52 21 -140 20 55 323 0 17 32766 23 43 6 32766 32766 90 
54161 1974 3 8 9885 32766 32766 -21 39 -75 41 71 339 31018 13 32766 60 140 11 32766 32766 29 
54161 1974 3 9 9864 32766 32766 -43 10 -73 39 87 381 31003 12 32766 48 120 11 32766 32766 0 
54161 1974 3 10 9893 32766 32766 -118 -66 -190 12 49 342 31001 23 32766 78 120 13 32766 32766 91 
54161 1974 3 11 9904 32766 32766 -141 -82 -202 10 48 334 0 20 32766 58 100 13 32766 32766 94 
54161 1974 3 12 9929 32766 32766 -142 -78 -219 10 52 336 0 17 32766 43 90 13 32766 32766 101 
54161 1974 3 13 9941 32766 32766 -90 -19 -172 16 53 342 0 24 32766 50 83 12 32766 32766 105 
54161 1974 3 14 9872 32766 32766 -14 58 -93 23 42 329 0 61 32766 70 197 13 32766 32766 95 
54161 1974 3 15 9931 32766 32766 -28 27 -104 21 44 323 0 20 32766 23 57 1 32766 32766 44 
54161 1974 3 16 9937 32766 32766 -30 37 -100 22 46 333 0 27 32766 30 43 8 32766 32766 106 
54161 1974 3 17 9867 32766 32766 -2 57 -80 18 31 316 0 39 32766 38 90 11 32766 32766 101 
54161 1974 3 18 9882 32766 32766 -78 18 -114 24 70 356 31003 18 32766 53 117 12 32766 32766 69 
54161 1974 3 19 9951 32766 32766 -48 33 -126 23 60 328 0 18 32766 28 50 15 32766 32766 84 
54161 1974 3 20 9923 32766 32766 -31 17 -92 33 71 334 32700 17 32766 25 40 1 32766 32766 57 
54161 1974 3 21 9834 32766 32766 -41 15 -72 29 64 343 0 29 32766 48 80 2 32766 32766 85 
54161 1974 3 22 9858 32766 32766 -56 5 -121 29 71 352 32700 32 32766 55 100 12 32766 32766 91 
54161 1974 3 23 9886 32766 32766 -44 17 -113 22 51 335 32700 33 32766 48 87 16 32766 32766 106 
54161 1974 3 24 9943 32766 32766 -18 44 -86 19 37 317 0 38 32766 20 33 15 32766 32766 112 
54161 1974 3 25 9959 32766 32766 -9 63 -89 23 42 319 0 42 32766 38 70 13 32766 32766 116 
54161 1974 3 26 9954 32766 32766 -6 62 -107 18 33 320 0 38 32766 25 47 6 32766 32766 109 
54161 1974 3 27 9880 32766 32766 3 56 -48 21 34 328 0 36 32766 35 77 2 32766 32766 53 
54161 1974 3 28 9846 32766 32766 14 76 -74 22 35 316 0 47 32766 45 70 6 32766 32766 92 
54161 1974 3 29 9803 32766 32766 51 109 8 43 50 332 0 75 32766 53 133 11 32766 32766 80 
54161 1974 3 30 9877 32766 32766 5 72 -75 29 50 325 0 42 32766 40 70 15 32766 32766 113 
54161 1974 3 31 9844 32766 32766 6 58 -53 29 46 327 32700 33 32766 30 87 2 32766 32766 71 
54161 1974 4 1 9822 32766 32766 -8 42 -59 30 52 328 32700 52 32766 63 120 16 32766 32766 82 
54161 1974 4 2 9799 32766 32766 6 86 -76 19 33 312 0 50 32766 35 80 12 32766 32766 107 
54161 1974 4 3 9738 32766 32766 44 135 -12 39 49 326 20 54 32766 60 97 11 32766 32766 51 
54161 1974 4 4 9803 32766 32766 36 117 -25 47 66 328 31007 42 32766 30 80 13 32766 32766 81 
54161 1974 4 5 9802 32766 32766 92 167 -2 35 32 322 0 121 32766 68 143 11 32766 32766 92 
54161 1974 4 6 9834 32766 32766 50 115 24 58 69 345 95 20 32766 18 63 11 32766 32766 0 
54161 1974 4 7 9869 32766 32766 52 127 -12 60 73 346 1 30 32766 23 40 4 32766 32766 80 
54161 1974 4 8 9883 32766 32766 96 149 19 58 49 339 0 45 32766 28 60 16 32766 32766 67 
54161 1974 4 9 9862 32766 32766 71 147 13 73 73 356 3 40 32766 33 93 15 32766 32766 46 
54161 1974 4 10 9863 32766 32766 52 118 -18 55 64 339 1 42 32766 48 93 11 32766 32766 115 
54161 1974 4 11 9801 32766 32766 68 110 23 45 46 336 0 87 32766 60 137 16 32766 32766 99 
54161 1974 4 12 9884 32766 32766 69 137 -2 51 54 325 32700 51 32766 40 100 11 32766 32766 71 
54161 1974 4 13 9849 32766 32766 53 90 18 81 91 389 50 1 32766 23 70 2 32766 32766 0 
54161 1974 4 14 9839 32766 32766 34 93 -40 50 64 349 0 36 32766 40 137 12 32766 32766 82 
54161 1974 4 15 9763 32766 32766 51 115 -2 43 54 321 1 84 32766 60 140 13 32766 32766 113 
54161 1974 4 16 9796 32766 32766 37 104 -23 39 52 324 0 76 32766 68 130 13 32766 32766 124 
54161 1974 4 17 9827 32766 32766 57 122 -5 46 53 326 0 60 32766 33 83 13 32766 32766 86 
54161 1974 4 18 9885 32766 32766 53 125 -24 42 51 321 32700 59 32766 43 90 14 32766 32766 99 
54161 1974 4 19 9871 32766 32766 97 181 20 31 29 310 0 151 32766 88 150 12 32766 32766 122 
54161 1974 4 20 9789 32766 32766 99 183 34 38 31 322 0 149 32766 90 200 11 32766 32766 68 
54161 1974 4 21 9752 32766 32766 38 87 -26 21 29 310 0 92 32766 58 110 13 32766 32766 114 
54161 1974 4 22 9735 32766 32766 36 98 -51 25 34 315 0 78 32766 50 110 10 32766 32766 98 
54161 1974 4 23 9768 32766 32766 98 207 -2 42 36 315 32700 97 32766 60 113 13 32766 32766 107 
54161 1974 4 24 9838 32766 32766 59 117 1 63 69 344 48 40 32766 58 100 12 32766 32766 69 
54161 1974 4 25 9810 32766 32766 75 123 27 86 82 376 6 31 32766 68 100 3 32766 32766 21 
54161 1974 4 26 9753 32766 32766 105 184 40 78 65 339 32700 56 32766 33 67 11 32766 32766 90 
54161 1974 4 27 9685 32766 32766 114 183 66 88 67 344 1 92 32766 98 190 11 32766 32766 25 
54161 1974 4 28 9693 32766 32766 69 126 30 44 48 309 32700 80 32766 60 100 16 32766 32766 77 
54161 1974 4 29 9737 32766 32766 46 117 -40 33 44 307 2 91 32766 45 113 13 32766 32766 97 
54161 1974 4 30 9776 32766 32766 74 148 11 42 47 308 13 83 32766 40 80 12 32766 32766 125 
54161 1974 5 1 9822 32766 32766 95 155 15 33 31 314 0 76 32766 38 60 11 32766 32766 109 
54161 1974 5 2 9798 32766 32766 141 213 63 50 30 322 32700 98 32766 33 53 3 32766 32766 91 
54161 1974 5 3 9740 32766 32766 120 174 69 44 34 311 0 200 32766 123 207 13 32766 32766 92 
54161 1974 5 4 9830 32766 32766 85 141 21 51 48 324 32700 85 32766 58 123 16 32766 32766 110 
54161 1974 5 5 9850 32766 32766 103 168 29 43 36 323 32700 84 32766 30 90 13 32766 32766 102 
54161 1974 5 6 9846 32766 32766 140 213 46 40 27 313 32700 137 32766 63 160 11 32766 32766 86 
54161 1974 5 7 9865 32766 32766 116 163 64 67 51 333 0 119 32766 65 170 11 32766 32766 73 
54161 1974 5 8 9831 32766 32766 98 163 66 76 65 325 31 52 32766 53 67 9 32766 32766 78 
54161 1974 5 9 9796 32766 32766 97 158 17 55 48 330 0 80 32766 45 77 13 32766 32766 105 
54161 1974 5 10 9823 32766 32766 135 223 43 53 40 311 0 114 32766 43 80 11 32766 32766 116 
54161 1974 5 11 9840 32766 32766 183 239 105 56 27 316 0 239 32766 115 210 10 32766 32766 42 
54161 1974 5 12 9949 32766 32766 124 197 101 102 71 358 42 40 32766 13 67 10 32766 32766 0 
54161 1974 5 13 9874 32766 32766 177 256 103 82 46 315 32700 168 32766 70 140 11 32766 32766 120 
54161 1974 5 14 9786 32766 32766 129 177 92 53 37 318 0 134 32766 70 100 13 32766 32766 106 
54161 1974 5 15 9740 32766 32766 124 193 77 54 40 324 12 132 32766 80 120 11 32766 32766 72 
54161 1974 5 16 9787 32766 32766 217 326 95 77 31 314 0 313 32766 120 217 10 32766 32766 129 
54161 1974 5 17 9827 32766 32766 230 308 148 101 39 318 0 265 32766 100 130 12 32766 32766 127 
54161 1974 5 18 9856 32766 32766 182 249 136 100 49 337 0 136 32766 48 87 1 32766 32766 113 
54161 1974 5 19 9842 32766 32766 182 277 105 98 46 337 0 138 32766 45 73 2 32766 32766 99 
54161 1974 5 20 9845 32766 32766 163 215 125 29 16 306 0 182 32766 53 140 2 32766 32766 120 
54161 1974 5 21 9774 32766 32766 196 283 89 32 15 307 0 237 32766 80 160 11 32766 32766 135 
54161 1974 5 22 9733 32766 32766 135 217 102 32 20 305 0 237 32766 115 167 13 32766 32766 108 
54161 1974 5 23 9755 32766 32766 94 135 49 60 53 338 11 79 32766 70 120 15 32766 32766 20 
54161 1974 5 24 9798 32766 32766 95 166 20 66 61 334 0 55 32766 25 40 14 32766 32766 88 
54161 1974 5 25 9767 32766 32766 158 239 89 78 46 325 56 101 32766 30 87 1 32766 32766 95 
54161 1974 5 26 9798 32766 32766 159 231 66 87 53 326 0 72 32766 18 40 10 32766 32766 133 
54161 1974 5 27 9719 32766 32766 225 308 125 75 30 315 0 222 32766 88 163 11 32766 32766 112 
54161 1974 5 28 9771 32766 32766 194 258 143 46 21 312 0 223 32766 55 110 13 32766 32766 128 
54161 1974 5 29 9796 32766 32766 189 270 102 42 21 306 0 195 32766 60 130 11 32766 32766 79 
54161 1974 5 30 9771 32766 32766 139 202 110 101 66 334 124 37 32766 50 123 3 32766 32766 0 
54161 1974 5 31 9623 32766 32766 118 138 99 130 94 390 234 0 32766 45 73 4 32766 32766 0 
54161 1974 6 1 9578 32766 32766 113 136 92 124 92 388 151 6 32766 40 80 1 32766 32766 0 
54161 1974 6 2 9688 32766 32766 140 186 109 127 81 358 29 53 32766 48 77 1 32766 32766 97 
54161 1974 6 3 9763 32766 32766 112 157 85 103 79 360 32700 48 32766 70 100 4 32766 32766 54 
54161 1974 6 4 9826 32766 32766 153 202 89 111 66 349 32700 86 32766 48 93 5 32766 32766 129 
54161 1974 6 5 9835 32766 32766 177 236 100 114 59 341 32700 77 32766 23 57 4 32766 32766 133 
54161 1974 6 6 9780 32766 32766 198 262 125 121 55 334 0 103 32766 33 67 11 32766 32766 118 
54161 1974 6 7 9761 32766 32766 177 215 146 145 72 358 7 53 32766 48 83 9 32766 32766 25 
54161 1974 6 8 9751 32766 32766 186 238 140 160 75 367 48 61 32766 28 57 9 32766 32766 68 
54161 1974 6 9 9764 32766 32766 209 255 169 134 56 329 0 114 32766 65 130 11 32766 32766 55 
54161 1974 6 10 9750 32766 32766 173 216 152 115 59 335 32700 115 32766 63 117 13 32766 32766 98 
54161 1974 6 11 9767 32766 32766 166 225 108 98 52 339 32700 123 32766 40 100 13 32766 32766 104 
54161 1974 6 12 9806 32766 32766 190 252 95 121 57 338 0 100 32766 38 70 16 32766 32766 137 
54161 1974 6 13 9816 32766 32766 229 296 150 138 52 333 0 99 32766 13 30 10 32766 32766 135 
54161 1974 6 14 9766 32766 32766 244 314 161 143 49 328 32700 127 32766 40 73 13 32766 32766 71 
54161 1974 6 15 9715 32766 32766 225 269 177 185 69 355 24 71 32766 50 103 10 32766 32766 54 
54161 1974 6 16 9693 32766 32766 249 315 192 137 46 331 32700 254 32766 108 160 12 32766 32766 95 
54161 1974 6 17 9721 32766 32766 162 259 136 160 87 368 84 43 32766 43 93 11 32766 32766 0 
54161 1974 6 18 9699 32766 32766 154 211 110 110 66 339 32700 108 32766 70 140 1 32766 32766 112 
54161 1974 6 19 9710 32766 32766 194 270 104 97 46 322 32700 102 32766 28 67 11 32766 32766 113 
54161 1974 6 20 9728 32766 32766 154 217 139 156 90 384 125 14 32766 18 63 10 32766 32766 0 
54161 1974 6 21 9740 32766 32766 158 192 131 159 89 378 19 21 32766 5 33 2 32766 32766 0 
54161 1974 6 22 9744 32766 32766 165 196 145 163 88 374 29 39 32766 33 77 1 32766 32766 32766 
54161 1974 6 23 9762 32766 32766 179 243 140 160 80 356 8 53 32766 28 80 2 32766 32766 66 
54161 1974 6 24 9763 32766 32766 202 264 140 164 71 351 0 67 32766 20 43 2 32766 32766 106 
54161 1974 6 25 9747 32766 32766 216 268 147 154 62 342 0 80 32766 20 60 13 32766 32766 115 
54161 1974 6 26 9772 32766 32766 177 230 147 154 77 363 37 70 32766 28 63 3 32766 32766 92 
54161 1974 6 27 9805 32766 32766 180 223 146 160 78 363 0 59 32766 45 70 2 32766 32766 65 
54161 1974 6 28 9799 32766 32766 192 247 138 165 76 353 4 61 32766 33 57 3 32766 32766 98 
54161 1974 6 29 9791 32766 32766 219 296 140 153 61 337 0 86 32766 23 63 9 32766 32766 116 
54161 1974 6 30 9800 32766 32766 230 323 165 158 59 333 37 110 32766 35 50 7 32766 32766 108 
54161 1974 7 1 9787 32766 32766 244 318 183 150 52 326 0 103 32766 45 87 11 32766 32766 121 
54161 1974 7 2 9776 32766 32766 248 310 186 167 56 332 0 181 32766 40 70 10 32766 32766 128 
54161 1974 7 3 9802 32766 32766 256 307 190 182 57 340 0 110 32766 33 40 7 32766 32766 124 
54161 1974 7 4 9821 32766 32766 263 321 206 190 57 338 14 114 32766 30 97 11 32766 32766 109 
54161 1974 7 5 9812 32766 32766 243 304 200 222 75 351 42 85 32766 35 60 8 32766 32766 75 
54161 1974 7 6 9797 32766 32766 242 296 185 200 68 350 0 85 32766 25 37 6 32766 32766 109 
54161 1974 7 7 9749 32766 32766 237 291 187 194 67 355 0 74 32766 30 43 8 32766 32766 39 
54161 1974 7 8 9719 32766 32766 219 254 187 232 89 379 165 40 32766 30 67 9 32766 32766 0 
54161 1974 7 9 9690 32766 32766 206 243 181 224 92 388 329 56 32766 40 83 11 32766 32766 13 
54161 1974 7 10 9707 32766 32766 223 271 189 232 87 366 11 43 32766 18 40 5 32766 32766 57 
54161 1974 7 11 9736 32766 32766 234 275 187 228 80 367 0 67 32766 10 30 2 32766 32766 126 
54161 1974 7 12 9742 32766 32766 241 284 186 226 76 363 32700 66 32766 20 37 13 32766 32766 102 
54161 1974 7 13 9761 32766 32766 237 276 210 242 83 370 37 57 32766 23 50 13 32766 32766 85 
54161 1974 7 14 9768 32766 32766 245 299 203 236 79 354 3 65 32766 20 90 4 32766 32766 94 
54161 1974 7 15 9755 32766 32766 241 289 180 216 74 352 0 80 32766 25 37 3 32766 32766 130 
54161 1974 7 16 9755 32766 32766 220 249 184 218 83 377 32700 32 32766 10 37 8 32766 32766 0 
54161 1974 7 17 9762 32766 32766 211 251 193 230 92 384 146 28 32766 25 37 13 32766 32766 34 
54161 1974 7 18 9770 32766 32766 215 262 193 227 89 379 56 46 32766 30 80 13 32766 32766 52 
54161 1974 7 19 9780 32766 32766 238 285 195 247 84 368 0 75 32766 40 70 12 32766 32766 125 
54161 1974 7 20 9794 32766 32766 245 293 205 248 81 365 0 77 32766 45 80 10 32766 32766 88 
54161 1974 7 21 9808 32766 32766 247 308 206 247 81 362 8 60 32766 25 60 10 32766 32766 87 
54161 1974 7 22 9832 32766 32766 255 308 215 254 79 359 95 70 32766 25 50 12 32766 32766 67 
54161 1974 7 23 9836 32766 32766 254 291 213 272 84 378 0 49 32766 18 50 13 32766 32766 103 
54161 1974 7 24 9813 32766 32766 258 303 212 252 78 357 0 70 32766 18 40 3 32766 32766 116 
54161 1974 7 25 9787 32766 32766 243 298 198 252 84 364 17 50 32766 5 67 11 32766 32766 76 
54161 1974 7 26 9799 32766 32766 247 299 197 234 77 354 2 23 32766 10 30 10 32766 32766 100 
54161 1974 7 27 9811 32766 32766 241 297 199 242 81 365 0 62 32766 25 47 16 32766 32766 81 
54161 1974 7 28 9792 32766 32766 260 303 206 259 78 360 6 53 32766 8 50 10 32766 32766 79 
54161 1974 7 29 9767 32766 32766 271 321 213 260 74 353 0 81 32766 5 30 15 32766 32766 124 
54161 1974 7 30 9751 32766 32766 266 318 220 267 78 359 0 80 32766 33 63 10 32766 32766 117 
54161 1974 7 31 9761 32766 32766 258 303 225 255 77 362 0 68 32766 48 63 11 32766 32766 53 
54161 1974 8 1 9734 32766 32766 236 258 215 249 86 379 57 34 32766 50 83 10 32766 32766 2 
54161 1974 8 2 9732 32766 32766 250 306 200 247 80 353 0 75 32766 38 67 10 32766 32766 120 
54161 1974 8 3 9766 32766 32766 255 316 202 250 79 352 0 74 32766 23 43 12 32766 32766 110 
54161 1974 8 4 9797 32766 32766 249 308 206 252 81 361 73 60 32766 35 60 16 32766 32766 64 
54161 1974 8 5 9773 32766 32766 222 261 201 236 89 371 69 30 32766 23 60 16 32766 32766 35 
54161 1974 8 6 9793 32766 32766 231 281 178 222 80 361 0 64 32766 23 43 16 32766 32766 122 
54161 1974 8 7 9808 32766 32766 231 293 170 201 73 346 0 70 32766 13 30 8 32766 32766 121 
54161 1974 8 8 9787 32766 32766 245 298 182 197 66 344 0 78 32766 25 37 8 32766 32766 98 
54161 1974 8 9 9742 32766 32766 219 252 200 233 89 376 112 10 32766 48 77 8 32766 32766 0 
54161 1974 8 10 9750 32766 32766 200 219 176 222 95 387 61 11 32766 50 93 11 32766 32766 0 
54161 1974 8 11 9805 32766 32766 191 225 156 193 88 369 0 28 32766 18 40 16 32766 32766 8 
54161 1974 8 12 9820 32766 32766 200 249 164 203 88 370 0 36 32766 23 40 11 32766 32766 65 
54161 1974 8 13 9838 32766 32766 205 266 163 200 84 361 0 54 32766 25 37 16 32766 32766 105 
54161 1974 8 14 9826 32766 32766 224 289 164 200 76 351 0 59 32766 13 23 8 32766 32766 99 
54161 1974 8 15 9777 32766 32766 236 293 170 208 74 347 0 73 32766 25 43 4 32766 32766 124 
54161 1974 8 16 9795 32766 32766 248 299 184 232 76 352 0 82 32766 25 43 2 32766 32766 126 
54161 1974 8 17 9835 32766 32766 249 319 186 233 75 350 0 71 32766 10 30 2 32766 32766 119 
54161 1974 8 18 9827 32766 32766 266 323 210 247 73 350 0 89 32766 25 60 12 32766 32766 124 
54161 1974 8 19 9815 32766 32766 267 330 213 257 76 349 0 78 32766 28 40 2 32766 32766 119 
54161 1974 8 20 9808 32766 32766 239 287 187 180 63 339 0 106 32766 38 63 4 32766 32766 115 
54161 1974 8 21 9765 32766 32766 168 226 144 148 78 367 56 49 32766 38 73 2 32766 32766 4 
54161 1974 8 22 9781 32766 32766 155 191 126 145 83 365 38 26 32766 28 67 3 32766 32766 0 
54161 1974 8 23 9802 32766 32766 174 242 100 136 71 344 1 66 32766 18 40 3 32766 32766 127 
54161 1974 8 24 9778 32766 32766 202 277 124 156 68 346 0 75 32766 28 53 13 32766 32766 126 
54161 1974 8 25 9790 32766 32766 216 271 146 151 62 338 0 67 32766 18 40 2 32766 32766 108 
54161 1974 8 26 9845 32766 32766 173 241 106 137 71 346 0 61 32766 28 50 3 32766 32766 113 
54161 1974 8 27 9881 32766 32766 184 255 112 144 70 346 0 66 32766 15 30 3 32766 32766 123 
54161 1974 8 28 9884 32766 32766 179 249 125 136 69 343 0 55 32766 18 37 15 32766 32766 84 
54161 1974 8 29 9865 32766 32766 197 259 121 148 66 346 0 76 32766 35 60 3 32766 32766 94 
54161 1974 8 30 9784 32766 32766 182 217 148 195 93 384 297 43 32766 53 70 4 32766 32766 0 
54161 1974 8 31 9777 32766 32766 204 245 182 218 91 378 228 46 32766 28 60 8 32766 32766 78 
54161 1974 9 1 9773 32766 32766 215 269 162 200 80 360 0 53 32766 35 40 8 32766 32766 98 
54161 1974 9 2 9750 32766 32766 215 263 177 211 84 362 0 36 32766 10 30 3 32766 32766 92 
54161 1974 9 3 9752 32766 32766 184 206 165 196 92 384 344 51 32766 35 63 16 32766 32766 0 
54161 1974 9 4 9812 32766 32766 154 181 143 163 93 388 79 9 32766 25 43 1 32766 32766 0 
54161 1974 9 5 9847 32766 32766 172 218 125 152 79 353 0 37 32766 10 23 13 32766 32766 59 
54161 1974 9 6 9806 32766 32766 151 167 138 147 86 379 25 3 32766 13 30 3 32766 32766 0 
54161 1974 9 7 9797 32766 32766 148 203 104 149 89 376 22 24 32766 5 50 16 32766 32766 40 
54161 1974 9 8 9864 32766 32766 160 216 113 139 79 351 7 45 32766 18 43 1 32766 32766 109 
54161 1974 9 9 9862 32766 32766 165 225 103 138 75 349 0 46 32766 23 47 9 32766 32766 83 
54161 1974 9 10 9812 32766 32766 188 251 139 172 80 360 0 60 32766 58 93 11 32766 32766 82 
54161 1974 9 11 9812 32766 32766 197 258 165 169 75 358 0 60 32766 55 90 11 32766 32766 79 
54161 1974 9 12 9832 32766 32766 207 266 156 181 75 361 3 60 32766 53 90 11 32766 32766 87 
54161 1974 9 13 9808 32766 32766 174 214 148 186 93 386 546 59 32766 50 90 12 32766 32766 0 
54161 1974 9 14 9718 32766 32766 124 154 93 119 82 358 111 39 32766 60 100 13 32766 32766 72 
54161 1974 9 15 9775 32766 32766 135 202 76 103 69 342 0 59 32766 60 90 12 32766 32766 115 
54161 1974 9 16 9783 32766 32766 160 218 100 95 53 342 0 89 32766 78 100 12 32766 32766 108 
54161 1974 9 17 9829 32766 32766 107 173 65 90 71 348 31 50 32766 78 100 13 32766 32766 60 
54161 1974 9 18 9862 32766 32766 113 186 54 91 72 338 6 38 32766 35 60 13 32766 32766 99 
54161 1974 9 19 9864 32766 32766 130 208 65 90 62 341 0 53 32766 45 63 13 32766 32766 110 
54161 1974 9 20 9864 32766 32766 161 237 83 101 59 330 0 69 32766 40 63 11 32766 32766 103 
54161 1974 9 21 9856 32766 32766 170 239 130 119 62 348 0 78 32766 48 90 11 32766 32766 91 
54161 1974 9 22 9858 32766 32766 156 210 119 129 73 355 23 32766 32766 58 87 9 32766 32766 32 
54161 1974 9 23 9850 32766 32766 125 176 100 95 68 329 162 69 32766 60 90 12 32766 32766 82 
54161 1974 9 24 9830 32766 32766 133 191 76 93 63 339 0 68 32766 50 100 12 32766 32766 105 
54161 1974 9 25 9847 32766 32766 151 222 78 136 81 358 0 31 32766 28 43 11 32766 32766 59 
54161 1974 9 26 9830 32766 32766 183 251 131 152 73 356 67 70 32766 55 133 11 32766 32766 75 
54161 1974 9 27 9824 32766 32766 151 174 132 149 87 383 12 12 32766 35 50 10 32766 32766 0 
54161 1974 9 28 9788 32766 32766 118 147 95 127 92 384 90 16 32766 33 110 13 32766 32766 20 
54161 1974 9 29 9835 32766 32766 116 174 88 109 82 352 44 36 32766 58 90 15 32766 32766 69 
54161 1974 9 30 9891 32766 32766 128 193 55 118 81 359 0 30 32766 13 27 12 32766 32766 106 
54161 1974 10 1 9872 32766 32766 130 165 114 133 89 379 32700 14 32766 23 40 2 32766 32766 11 
54161 1974 10 2 9818 32766 32766 112 178 82 115 86 372 0 20 32766 35 77 13 32766 32766 36 
54161 1974 10 3 9794 32766 32766 85 111 44 69 63 349 32700 36 32766 43 77 14 32766 32766 77 
54161 1974 10 4 9836 32766 32766 85 174 11 82 75 348 0 38 32766 35 60 14 32766 32766 92 
54161 1974 10 5 9837 32766 32766 115 192 63 79 63 326 0 51 32766 43 67 13 32766 32766 106 
54161 1974 10 6 9890 32766 32766 72 133 9 48 51 321 0 53 32766 43 120 13 32766 32766 103 
54161 1974 10 7 9850 32766 32766 62 70 35 79 83 352 270 11 32766 35 57 3 32766 32766 0 
54161 1974 10 8 9830 32766 32766 71 123 11 71 71 353 9 29 32766 25 43 2 32766 32766 87 
54161 1974 10 9 9884 32766 32766 53 120 -7 53 63 333 0 39 32766 38 50 1 32766 32766 100 
54161 1974 10 10 9917 32766 32766 70 130 15 63 65 337 0 42 32766 38 60 12 32766 32766 101 
54161 1974 10 11 9906 32766 32766 94 156 30 72 63 339 0 32 32766 13 40 13 32766 32766 95 
54161 1974 10 12 9896 32766 32766 97 165 36 74 66 335 0 50 32766 40 87 11 32766 32766 101 
54161 1974 10 13 9867 32766 32766 115 186 62 76 56 342 0 69 32766 65 133 11 32766 32766 82 
54161 1974 10 14 9983 32766 32766 4 82 -28 30 51 327 31006 58 32766 35 117 1 32766 32766 93 
54161 1974 10 15 9943 32766 32766 15 84 -50 31 49 324 0 37 32766 45 90 11 32766 32766 100 
54161 1974 10 16 9919 32766 32766 71 160 -3 55 56 333 0 53 32766 43 90 11 32766 32766 94 
54161 1974 10 17 9883 32766 32766 102 145 52 93 74 368 32700 33 32766 73 130 12 32766 32766 11 
54161 1974 10 18 9888 32766 32766 -17 114 -50 45 81 356 30169 14 32766 45 87 1 32766 32766 15 
54161 1974 10 19 9893 32766 32766 -10 31 -65 50 87 374 30017 0 32766 8 60 13 32766 32766 48 
54161 1974 10 20 9960 32766 32766 -25 4 -50 39 77 362 31021 29 32766 45 80 13 32766 32766 83 
54161 1974 10 21 9952 32766 32766 -15 -2 -37 48 87 374 31046 3 32766 35 87 3 32766 32766 0 
54161 1974 10 22 9875 32766 32766 -49 -9 -100 39 91 385 31135 32766 32766 58 107 1 32766 32766 4 
54161 1974 10 23 9921 32766 32766 -61 -11 -127 30 76 369 0 12 32766 33 60 12 32766 32766 91 
54161 1974 10 24 9919 32766 32766 -1 42 -67 42 68 358 32700 16 32766 40 70 8 32766 32766 26 
54161 1974 10 25 9894 32766 32766 50 78 25 72 83 376 0 26 32766 33 70 11 32766 32766 89 
54161 1974 10 26 9890 32766 32766 73 130 33 83 78 355 0 36 32766 53 120 12 32766 32766 65 
54161 1974 10 27 9937 32766 32766 -10 39 -33 35 61 356 0 42 32766 63 117 14 32766 32766 91 
54161 1974 10 28 9901 32766 32766 -2 49 -56 38 63 341 0 25 32766 63 127 11 32766 32766 92 
54161 1974 10 29 9816 32766 32766 43 98 -3 62 76 348 13 18 32766 55 110 12 32766 32766 34 
54161 1974 10 30 9767 32766 32766 21 68 -27 66 88 368 30082 63 32766 73 110 16 32766 32766 0 
54161 1974 10 31 9853 32766 32766 -81 -21 -108 15 44 336 0 30 32766 130 160 13 32766 32766 72 
54161 1974 11 1 9952 32766 32766 -71 -31 -106 18 51 341 0 22 32766 68 103 13 32766 32766 88 
54161 1974 11 2 9945 32766 32766 -13 38 -80 34 56 344 0 23 32766 53 100 11 32766 32766 44 
54161 1974 11 3 9903 32766 32766 23 77 -25 54 73 356 0 24 32766 63 130 12 32766 32766 65 
54161 1974 11 4 9977 32766 32766 -11 46 -60 35 64 339 0 13 32766 25 40 6 32766 32766 89 
54161 1974 11 5 9879 32766 32766 54 118 -25 67 68 360 0 27 32766 83 137 11 32766 32766 15 
54161 1974 11 6 9860 32766 32766 53 116 -25 61 71 346 0 22 32766 40 70 12 32766 32766 84 
54161 1974 11 7 9866 32766 32766 41 103 -16 60 67 346 0 38 32766 63 130 12 32766 32766 33 
54161 1974 11 8 10019 32766 32766 -79 -12 -111 12 37 322 0 28 32766 50 110 13 32766 32766 86 
54161 1974 11 9 10045 32766 32766 -105 -67 -141 15 55 337 0 10 32766 28 53 13 32766 32766 88 
54161 1974 11 10 10005 32766 32766 -93 -14 -151 16 54 335 0 17 32766 50 83 13 32766 32766 87 
54161 1974 11 11 10001 32766 32766 -106 -60 -155 15 55 332 0 11 32766 33 80 13 32766 32766 85 
54161 1974 11 12 9989 32766 32766 -102 -41 -164 15 56 336 0 18 32766 53 103 13 32766 32766 87 
54161 1974 11 13 10030 32766 32766 -90 -28 -150 17 55 342 0 15 32766 38 80 13 32766 32766 87 
54161 1974 11 14 10074 32766 32766 -73 -5 -128 18 52 340 0 15 32766 38 60 13 32766 32766 88 
54161 1974 11 15 10047 32766 32766 -41 21 -104 21 46 339 0 22 32766 45 73 11 32766 32766 79 
54161 1974 11 16 9955 32766 32766 24 68 -17 50 69 349 31004 24 32766 68 93 11 32766 32766 31 
54161 1974 11 17 9889 32766 32766 -19 36 -65 48 87 381 31010 12 32766 45 77 1 32766 32766 0 
54161 1974 11 18 9912 32766 32766 -62 -4 -133 26 67 355 32700 14 32766 40 80 11 32766 32766 81 
54161 1974 11 19 9842 32766 32766 -7 44 -60 35 63 338 0 16 32766 53 77 12 32766 32766 82 
54161 1974 11 20 9751 32766 32766 9 56 -45 39 64 315 31002 38 32766 85 130 12 32766 32766 59 
54161 1974 11 21 9843 32766 32766 -84 -42 -116 26 79 374 31006 17 32766 70 103 12 32766 32766 0 
54161 1974 11 22 9920 32766 32766 -94 -43 -152 22 73 355 0 8 32766 20 40 6 32766 32766 65 
54161 1974 11 23 9890 32766 32766 -75 -46 -110 27 77 361 31004 7 32766 38 57 1 32766 32766 56 
54161 1974 11 24 9897 32766 32766 -71 -16 -137 24 68 352 0 12 32766 55 150 11 32766 32766 71 
54161 1974 11 25 9933 32766 32766 -34 26 -98 29 59 345 32700 24 32766 75 170 11 32766 32766 36 
54161 1974 11 26 9942 32766 32766 -56 7 -110 24 59 349 0 18 32766 53 110 11 32766 32766 78 
54161 1974 11 27 9856 32766 32766 7 62 -55 40 62 353 0 20 32766 93 137 12 32766 32766 76 
54161 1974 11 28 9939 32766 32766 -20 41 -62 30 56 332 0 24 32766 25 80 12 32766 32766 79 
54161 1974 11 29 9970 32766 32766 -81 -37 -123 14 44 327 0 12 32766 15 37 3 32766 32766 77 
54161 1974 11 30 9935 32766 32766 -64 11 -121 21 52 342 0 16 32766 45 73 11 32766 32766 75 
54161 1974 12 1 9957 32766 32766 -53 2 -80 24 56 348 0 14 32766 45 80 2 32766 32766 48 
54161 1974 12 2 10031 32766 32766 -148 -77 -172 10 51 345 0 11 32766 58 67 1 32766 32766 72 
54161 1974 12 3 9961 32766 32766 -186 -135 -220 8 57 335 0 8 32766 33 80 14 32766 32766 77 
54161 1974 12 4 9877 32766 32766 -172 -120 -208 9 55 338 0 7 32766 55 110 14 32766 32766 76 
54161 1974 12 5 9930 32766 32766 -169 -114 -234 9 57 338 0 8 32766 63 123 32766 32766 32766 74 
54161 1974 12 6 9909 32766 32766 -110 -54 -150 14 52 338 32700 13 32766 50 93 13 32766 32766 11 
54161 1974 12 7 9952 32766 32766 -130 -70 -193 13 58 335 0 7 32766 35 50 13 32766 32766 79 
54161 1974 12 8 9996 32766 32766 -127 -65 -184 11 51 331 0 5 32766 5 30 16 32766 32766 73 
54161 1974 12 9 10020 32766 32766 -132 -70 -166 12 56 333 0 5 32766 18 50 1 32766 32766 65 
54161 1974 12 10 10041 32766 32766 -159 -109 -194 10 57 340 0 6 32766 28 43 16 32766 32766 69 
54161 1974 12 11 10051 32766 32766 -150 -87 -199 9 51 325 0 8 32766 20 27 903 32766 32766 70 
54161 1974 12 12 10040 32766 32766 -123 -55 -174 11 48 321 0 6 32766 10 30 11 32766 32766 76 
54161 1974 12 13 9956 32766 32766 -133 -92 -149 17 75 360 31005 3 32766 23 43 1 32766 32766 30 
54161 1974 12 14 9947 32766 32766 -169 -115 -209 12 76 360 31003 5 32766 53 83 12 32766 32766 70 
54161 1974 12 15 9987 32766 32766 -149 -93 -197 11 60 340 0 5 32766 40 60 11 32766 32766 72 
54161 1974 12 16 10046 32766 32766 -130 -56 -176 13 58 336 0 7 32766 40 73 12 32766 32766 67 
54161 1974 12 17 10007 32766 32766 -120 -55 -152 14 59 346 0 6 32766 33 53 13 32766 32766 17 
54161 1974 12 18 9971 32766 32766 -156 -92 -198 12 65 353 0 7 32766 48 90 13 32766 32766 70 
54161 1974 12 19 9960 32766 32766 -134 -70 -198 12 58 337 0 8 32766 53 77 12 32766 32766 72 
54161 1974 12 20 9948 32766 32766 -124 -58 -183 13 59 336 0 9 32766 45 80 12 32766 32766 73 
54161 1974 12 21 9966 32766 32766 -97 -30 -148 16 56 337 0 13 32766 55 90 12 32766 32766 74 
54161 1974 12 22 9946 32766 32766 -59 2 -113 23 57 346 0 15 32766 43 67 11 32766 32766 68 
54161 1974 12 23 9925 32766 32766 -64 -26 -124 25 63 339 0 14 32766 63 83 11 32766 32766 55 
54161 1974 12 24 9927 32766 32766 -142 -97 -174 9 41 332 0 15 32766 73 130 13 32766 32766 76 
54161 1974 12 25 9998 32766 32766 -191 -140 -228 6 44 333 0 8 32766 53 87 13 32766 32766 68 
54161 1974 12 26 10045 32766 32766 -141 -94 -192 10 51 330 31001 6 32766 18 37 16 32766 32766 67 
54161 1974 12 27 10038 32766 32766 -130 -60 -177 13 55 339 0 5 32766 28 37 3 32766 32766 63 
54161 1974 12 28 10036 32766 32766 -148 -83 -198 11 56 339 0 5 32766 38 47 4 32766 32766 36 
54161 1974 12 29 9977 32766 32766 -133 -75 -182 13 58 340 0 5 32766 13 30 3 32766 32766 32766 
54161 1974 12 30 9971 32766 32766 -117 -53 -169 14 57 338 0 9 32766 33 63 13 32766 32766 74 
54161 1974 12 31 10020 32766 32766 -136 -88 -168 15 68 362 0 4 32766 43 50 3 32766 32766 45 
54161 1975 1 1 10044 32766 32766 -159 -80 -207 10 60 333 0 4 32766 15 37 11 32766 32766 64 
54161 1975 1 2 9989 32766 32766 -143 -86 -174 12 59 339 0 6 32766 45 60 13 32766 32766 73 
54161 1975 1 3 10029 32766 32766 -143 -70 -210 12 62 335 0 6 32766 18 33 7 32766 32766 67 
