V01000 V04001 V04002 V04003 V10004 V10201 V10202 V12001 V12052 V12053 V13004 V13003 V13007 V13201 V13241 V13242 V11002 V11042 V11212 V11041 V11043 V14032
54161 1982 1 4 9981 10000 9943 -166 -107 -196 12 68 40 0 3 32766 18 57 15 32766 32766 70 
54161 1982 1 5 9929 10000 9903 -160 -91 -207 10 60 33 0 2 32766 38 90 11 32766 32766 66 
54161 1982 1 6 10038 10069 9920 -220 -135 -249 7 63 49 32700 5 32766 30 80 3 32766 32766 72 
54161 1982 1 7 9926 10063 9851 -165 -67 -258 13 61 37 0 9 32766 75 160 11 32766 32766 63 
54161 1982 1 8 9817 9853 9800 -67 -33 -98 30 80 70 32700 8 32766 68 147 11 32766 32766 0 
54161 1982 1 9 9874 9903 9810 -128 -86 -177 14 63 34 0 5 32766 28 77 1 32766 32766 56 
54161 1982 1 10 9836 9866 9830 -81 -35 -147 23 70 57 32700 6 32766 33 63 9 32766 32766 57 
54161 1982 1 11 9898 9945 9827 -171 -47 -250 14 71 52 17 12 32766 53 110 1 32766 32766 26 
54161 1982 1 12 9937 9952 9924 -241 -199 -274 5 64 48 0 3 32766 58 120 13 32766 32766 59 
54161 1982 1 13 9912 9926 9896 -232 -189 -266 5 57 48 0 3 32766 68 120 12 32766 32766 55 
54161 1982 1 14 9917 9943 9890 -195 -140 -235 9 63 54 0 4 32766 45 90 12 32766 32766 28 
54161 1982 1 15 9959 9978 9943 -148 -108 -180 13 67 53 1 5 32766 30 50 14 32766 32766 65 
54161 1982 1 16 9967 9980 9957 -185 -121 -237 11 73 55 0 3 32766 30 57 11 32766 32766 69 
54161 1982 1 17 9929 9958 9917 -178 -137 -204 11 71 59 0 3 32766 33 70 12 32766 32766 0 
54161 1982 1 18 9910 9933 9895 -207 -148 -250 8 66 48 0 4 32766 28 50 11 32766 32766 72 
54161 1982 1 19 9914 9929 9905 -187 -113 -238 10 72 49 0 1 32766 40 80 12 32766 32766 74 
54161 1982 1 20 9857 9920 9809 -117 -56 -183 16 63 37 0 12 32766 83 167 12 32766 32766 66 
54161 1982 1 21 9882 9921 9808 -89 -45 -136 18 61 34 0 10 32766 33 140 12 32766 32766 78 
54161 1982 1 22 9918 9926 9909 -114 -47 -160 14 58 28 0 7 32766 30 80 13 32766 32766 77 
54161 1982 1 23 9943 9960 9926 -102 -30 -157 14 52 32 0 10 32766 50 87 12 32766 32766 67 
54161 1982 1 24 9944 9993 9902 -87 -47 -115 19 60 40 32700 8 32766 43 67 16 32766 32766 28 
54161 1982 1 25 9998 10031 9959 -104 -47 -169 16 60 40 0 7 32766 25 40 9 32766 32766 46 
54161 1982 1 26 9959 9985 9933 -104 -61 -151 20 71 44 7 11 32766 43 87 15 32766 32766 43 
54161 1982 1 27 10006 10020 9983 -168 -126 -193 9 54 34 32700 6 32766 50 100 16 32766 32766 79 
54161 1982 1 28 10037 10050 10017 -191 -142 -235 6 45 31 0 6 32766 40 32766 32766 32766 32766 79 
54161 1982 1 29 10028 10050 10009 -178 -104 -225 8 51 31 0 6 32766 40 32766 32766 32766 32766 83 
54161 1982 1 30 9953 10009 9925 -128 -58 -187 13 56 38 0 13 32766 68 32766 32766 32766 32766 84 
54161 1982 1 31 9920 9945 9898 -127 -69 -177 14 62 32 0 10 32766 55 32766 32766 32766 32766 78 
54161 1982 2 1 9955 9965 9941 -138 -64 -194 12 57 34 0 8 32766 40 32766 32766 32766 32766 83 
54161 1982 2 2 9917 9965 9889 -88 -23 -133 15 50 22 0 19 32766 75 32766 32766 32766 32766 83 
54161 1982 2 3 9959 9981 9905 -147 -87 -201 8 44 15 0 11 32766 40 32766 32766 32766 32766 83 
54161 1982 2 4 9983 10005 9966 -170 -121 -218 6 42 27 0 6 32766 23 32766 32766 32766 32766 80 
54161 1982 2 5 9902 9966 9868 -136 -61 -186 9 42 30 0 15 32766 65 32766 32766 32766 32766 77 
54161 1982 2 6 9967 9986 9879 -179 -116 -210 11 73 40 0 5 32766 50 32766 32766 32766 32766 66 
54161 1982 2 7 9984 9990 9975 -179 -120 -226 7 48 25 0 7 32766 35 32766 32766 32766 32766 79 
54161 1982 2 8 9950 9986 9915 -131 -56 -210 10 44 24 0 12 32766 45 32766 32766 32766 32766 38 
54161 1982 2 9 9981 10016 9909 -126 -67 -159 14 63 32 0 10 32766 35 32766 32766 32766 32766 85 
54161 1982 2 10 9971 10016 9950 -126 -46 -174 11 53 23 0 12 32766 40 32766 32766 32766 32766 85 
54161 1982 2 11 9937 9951 9918 -95 -17 -140 11 39 18 0 17 32766 35 32766 32766 32766 32766 93 
54161 1982 2 12 9992 10024 9941 -85 -27 -133 12 37 29 0 15 32766 28 32766 32766 32766 32766 89 
54161 1982 2 13 10043 10053 10024 -88 -20 -161 15 50 28 0 12 32766 25 32766 32766 32766 32766 89 
54161 1982 2 14 10011 10046 9981 -89 -17 -158 16 56 30 0 10 32766 10 32766 32766 32766 32766 89 
54161 1982 2 15 9966 9981 9958 -87 -25 -143 16 53 31 0 13 32766 23 32766 32766 32766 32766 85 
54161 1982 2 16 9943 9966 9926 -68 -12 -118 16 46 24 0 10 32766 15 32766 32766 32766 32766 36 
54161 1982 2 17 9928 9941 9923 -41 10 -79 24 55 34 32700 17 32766 33 83 13 32766 32766 70 
54161 1982 2 18 9904 9930 9887 -7 44 -60 38 65 36 7 5 32766 45 117 11 32766 32766 0 
54161 1982 2 19 9860 9894 9830 -5 21 -40 54 90 77 38 22 32766 50 130 11 32766 32766 0 
54161 1982 2 20 9919 9938 9862 -73 -26 -126 30 85 72 0 13 32766 13 67 15 32766 32766 64 
54161 1982 2 21 9867 9912 9847 -41 26 -92 32 72 41 0 8 32766 20 40 9 32766 32766 66 
54161 1982 2 22 9935 9963 9860 -50 9 -112 27 68 38 0 9 32766 8 33 1 32766 32766 87 
54161 1982 2 23 9970 9987 9957 -54 3 -99 18 44 18 0 15 32766 23 60 2 32766 32766 95 
54161 1982 2 24 9961 9978 9947 -66 -12 -120 16 45 21 0 17 32766 35 70 1 32766 32766 95 
54161 1982 2 25 9994 10018 9975 -76 -22 -135 15 47 19 0 13 32766 18 53 11 32766 32766 94 
54161 1982 2 26 9902 9975 9849 -20 58 -100 20 38 17 0 27 32766 60 87 10 32766 32766 76 
54161 1982 2 27 9834 9858 9809 2 33 -27 39 63 38 14 40 32766 68 130 12 32766 32766 94 
54161 1982 2 28 9915 9930 9858 -39 -2 -58 29 65 45 32700 17 32766 35 77 13 32766 32766 35 
54161 1982 3 1 9919 9931 9908 -50 7 -99 20 52 18 0 19 32766 40 32766 32766 32766 32766 99 
54161 1982 3 2 9909 9935 9869 -27 44 -99 17 36 16 0 22 32766 25 43 8 32766 32766 96 
54161 1982 3 3 9822 9869 9787 17 85 -23 22 32 20 0 72 32766 85 230 12 32766 32766 71 
54161 1982 3 4 9875 9893 9859 -45 10 -85 12 28 18 0 30 32766 30 90 14 32766 32766 72 
54161 1982 3 5 9865 9875 9853 -95 -54 -127 9 29 18 0 34 32766 70 120 32766 32766 32766 88 
54161 1982 3 6 9874 9885 9864 -113 -56 -160 10 41 24 0 20 32766 53 110 13 32766 32766 95 
54161 1982 3 7 9881 9906 9852 -86 -17 -156 11 38 15 0 29 32766 58 120 32766 32766 32766 94 
54161 1982 3 8 9831 9852 9825 -61 -7 -99 13 34 21 0 31 32766 53 110 32766 32766 32766 99 
54161 1982 3 9 9791 9834 9749 -10 75 -99 17 31 17 0 43 32766 50 110 32766 32766 32766 78 
54161 1982 3 10 9844 9909 9751 -10 28 -50 17 31 17 0 36 32766 35 70 1 32766 32766 102 
54161 1982 3 11 9866 9914 9820 17 121 -59 18 28 8 0 54 32766 48 120 13 32766 32766 59 
54161 1982 3 12 9925 9949 9827 -7 57 -67 27 49 25 0 26 32766 25 60 11 32766 32766 93 
54161 1982 3 13 9902 9950 9856 28 93 -42 22 33 15 0 36 32766 38 73 9 32766 32766 74 
54161 1982 3 14 9843 9857 9834 43 91 3 35 44 26 0 39 32766 28 77 13 32766 32766 85 
54161 1982 3 15 9811 9860 9763 -14 60 -52 52 89 38 80 4 32766 48 110 16 32766 32766 0 
54161 1982 3 16 9900 9914 9860 -66 -21 -117 23 62 46 0 17 32766 33 63 13 32766 32766 105 
54161 1982 3 17 9888 9912 9868 -18 33 -67 25 47 34 0 25 32766 68 150 12 32766 32766 97 
54161 1982 3 18 9933 9949 9896 -21 56 -99 16 31 15 0 41 32766 45 120 15 32766 32766 104 
54161 1982 3 19 9906 9918 9894 30 106 -24 30 42 21 0 34 32766 33 70 13 32766 32766 91 
54161 1982 3 20 9837 9898 9794 40 87 7 54 68 46 53 35 32766 63 150 32766 32766 32766 26 
54161 1982 3 21 9832 9888 9787 -56 32 -108 36 88 78 76 52 32766 43 110 3 32766 32766 0 
54161 1982 3 22 9869 9913 9809 -58 -6 -146 39 92 62 51 13 32766 35 73 32766 32766 32766 27 
54161 1982 3 23 9941 9978 9810 -77 -5 -130 26 72 57 22 29 32766 73 107 32766 32766 32766 99 
54161 1982 3 24 10018 10033 9978 -92 -36 -165 20 65 53 0 19 32766 53 32766 32766 32766 32766 108 
54161 1982 3 25 10030 10045 10016 -97 -48 -170 21 69 51 0 14 32766 13 32766 32766 32766 32766 108 
54161 1982 3 26 10005 10023 9975 -74 -23 -138 22 63 42 0 14 32766 20 32766 32766 32766 32766 106 
54161 1982 3 27 9961 9979 9949 -11 42 -62 31 54 44 0 16 32766 28 32766 32766 32766 32766 55 
54161 1982 3 28 9959 9989 9912 -1 49 -53 50 82 64 0 14 32766 58 32766 32766 32766 32766 61 
54161 1982 3 29 9850 9912 9812 65 122 21 55 56 49 0 77 32766 108 32766 32766 32766 32766 93 
54161 1982 3 30 9846 9883 9819 47 81 25 55 64 53 32700 41 32766 55 32766 32766 32766 32766 35 
54161 1982 3 31 9892 9936 9848 29 69 -21 36 49 22 0 32 32766 35 110 6 32766 32766 74 
54161 1982 4 1 9864 9881 9825 63 107 16 66 70 53 32700 37 32766 30 32766 32766 32766 32766 76 
54161 1982 4 2 9914 9928 9881 32 77 13 52 69 39 57 17 32766 38 32766 32766 32766 32766 54 
54161 1982 4 3 9963 9977 9928 28 75 -15 41 56 35 0 30 32766 38 32766 32766 32766 32766 94 
54161 1982 4 4 9956 9982 9933 55 117 2 52 57 43 0 55 32766 65 32766 32766 32766 32766 110 
54161 1982 4 5 9924 9943 9898 103 182 34 62 50 36 0 90 32766 75 150 12 32766 32766 105 
54161 1982 4 6 9870 9908 9827 125 203 54 60 42 29 0 114 32766 98 150 12 32766 32766 105 
54161 1982 4 7 9840 9859 9823 93 145 29 46 41 21 0 84 32766 60 107 11 32766 32766 86 
54161 1982 4 8 9873 9923 9840 27 84 17 42 57 19 0 51 32766 93 177 3 32766 32766 0 
54161 1982 4 9 9924 9948 9901 28 92 -41 28 40 13 0 48 32766 33 70 13 32766 32766 114 
54161 1982 4 10 9888 9902 9868 92 184 7 39 34 18 0 93 32766 48 100 12 32766 32766 109 
54161 1982 4 11 9872 9880 9863 116 195 59 58 43 25 0 125 32766 70 150 12 32766 32766 100 
54161 1982 4 12 9880 9896 9859 94 135 53 70 61 33 0 44 32766 25 60 13 32766 32766 0 
54161 1982 4 13 9832 9859 9807 102 174 43 60 48 21 0 94 32766 65 120 12 32766 32766 90 
54161 1982 4 14 9856 9866 9843 53 111 1 30 36 19 0 57 32766 25 57 12 32766 32766 72 
54161 1982 4 15 9831 9850 9823 27 88 -27 35 49 27 0 66 32766 50 110 12 32766 32766 73 
54161 1982 4 16 9830 9851 9812 30 94 0 48 66 35 1 39 32766 35 80 1 32766 32766 56 
54161 1982 4 17 9864 9880 9851 47 117 -36 53 66 36 0 46 32766 35 83 15 32766 32766 83 
54161 1982 4 18 9835 9862 9802 97 172 18 49 44 20 0 93 32766 58 107 12 32766 32766 99 
54161 1982 4 19 9817 9857 9764 81 136 29 57 56 29 0 83 32766 53 130 15 32766 32766 86 
54161 1982 4 20 9869 9879 9857 80 150 8 63 62 33 0 45 32766 18 80 16 32766 32766 108 
54161 1982 4 21 9844 9866 9815 121 185 31 53 40 19 0 59 32766 15 47 12 32766 32766 114 
54161 1982 4 22 9773 9819 9742 148 216 85 84 51 33 0 114 32766 68 143 11 32766 32766 83 
54161 1982 4 23 9783 9824 9739 124 174 98 64 46 8 0 112 32766 65 147 11 32766 32766 86 
54161 1982 4 24 9831 9854 9803 150 236 42 61 34 14 0 113 32766 43 80 11 32766 32766 110 
54161 1982 4 25 9827 9846 9814 200 271 150 83 39 16 0 233 32766 108 190 12 32766 32766 123 
54161 1982 4 26 9863 9880 9846 189 257 110 105 51 27 0 116 32766 53 87 32766 32766 32766 117 
54161 1982 4 27 9855 9878 9830 197 273 125 104 48 23 0 115 32766 40 73 12 32766 32766 104 
54161 1982 4 28 9839 9853 9829 94 193 56 93 81 47 47 25 32766 40 80 15 32766 32766 0 
54161 1982 4 29 9842 9860 9817 104 184 23 66 59 25 0 95 32766 60 140 11 32766 32766 123 
54161 1982 4 30 9776 9824 9730 149 220 73 76 46 26 4 120 32766 78 180 12 32766 32766 95 
54161 1982 5 1 9746 9763 9730 150 201 90 68 42 24 32700 113 32766 63 160 11 32766 32766 93 
54161 1982 5 2 9712 9741 9687 168 240 120 84 45 25 0 100 32766 35 73 16 32766 32766 65 
54161 1982 5 3 9671 9694 9654 129 172 105 115 78 50 18 38 32766 35 73 13 32766 32766 0 
54161 1982 5 4 9697 9740 9672 88 129 54 99 88 65 32700 24 32766 45 103 11 32766 32766 0 
54161 1982 5 5 9753 9782 9722 98 167 53 89 77 45 28 45 32766 48 32766 32766 32766 32766 27 
54161 1982 5 6 9699 9732 9688 95 146 58 77 66 38 32700 90 32766 70 32766 32766 32766 32766 76 
54161 1982 5 7 9733 9759 9699 120 190 33 53 42 17 32700 90 32766 38 32766 32766 32766 32766 73 
54161 1982 5 8 9749 9766 9733 145 207 89 95 59 32 50 72 32766 35 107 11 32766 32766 74 
54161 1982 5 9 9812 9832 9755 137 197 73 81 55 24 2 69 32766 38 32766 32766 32766 32766 127 
54161 1982 5 10 9769 9808 9721 148 221 90 106 62 45 6 66 32766 38 32766 32766 32766 32766 54 
54161 1982 5 11 9842 9877 9731 125 173 79 49 36 16 3 126 32766 80 160 12 32766 32766 45 
54161 1982 5 12 9907 9927 9877 135 182 90 38 26 13 0 87 32766 28 67 13 32766 32766 43 
54161 1982 5 13 9814 9888 9784 113 178 47 50 41 13 32700 99 32766 58 120 13 32766 32766 79 
54161 1982 5 14 9797 9817 9776 140 218 35 35 25 10 0 132 32766 43 93 12 32766 32766 129 
54161 1982 5 15 9729 9776 9684 146 234 100 45 27 24 0 152 32766 63 32766 32766 32766 32766 47 
54161 1982 5 16 9715 9776 9669 125 171 90 30 21 12 0 187 32766 108 32766 32766 32766 32766 73 
54161 1982 5 17 9813 9829 9776 115 175 32 49 38 22 0 62 32766 15 47 16 32766 32766 41 
54161 1982 5 18 9830 9849 9813 142 208 48 56 36 22 0 84 32766 23 57 4 32766 32766 128 
54161 1982 5 19 9785 9821 9770 139 175 103 80 53 28 17 49 32766 25 70 1 32766 32766 0 
54161 1982 5 20 9795 9806 9786 159 239 66 85 54 19 32700 75 32766 28 47 32766 32766 32766 112 
54161 1982 5 21 9805 9816 9788 166 220 122 96 54 35 13 83 32766 38 93 8 32766 32766 68 
54161 1982 5 22 9786 9813 9756 206 277 122 106 45 25 32700 125 32766 45 73 11 32766 32766 105 
54161 1982 5 23 9783 9799 9754 191 248 150 84 40 16 1 161 32766 45 32766 32766 32766 32766 127 
54161 1982 5 24 9810 9820 9796 196 268 95 50 24 9 0 141 32766 38 32766 32766 32766 32766 127 
54161 1982 5 25 9834 9845 9805 200 268 125 146 64 22 78 94 32766 38 32766 32766 32766 32766 28 
54161 1982 5 26 9828 9856 9797 218 283 150 151 62 24 0 103 32766 33 32766 32766 32766 32766 110 
54161 1982 5 27 9787 9807 9770 182 232 153 122 60 22 12 80 32766 55 32766 32766 32766 32766 34 
54161 1982 5 28 9833 9846 9797 159 212 93 48 27 21 0 130 32766 43 32766 32766 32766 32766 137 
54161 1982 5 29 9843 9853 9838 174 235 101 72 38 23 0 70 32766 10 32766 32766 32766 32766 48 
54161 1982 5 30 9845 9862 9829 189 241 127 69 32 18 0 95 32766 23 32766 32766 32766 32766 53 
54161 1982 5 31 9799 9829 9776 170 206 150 115 60 37 32700 63 32766 25 32766 32766 32766 32766 9 
54161 1982 6 1 9768 9787 9754 119 157 98 106 77 62 4 24 32766 58 32766 32766 32766 32766 0 
54161 1982 6 2 9766 9792 9736 191 287 90 87 46 15 0 107 32766 8 32766 32766 32766 32766 131 
54161 1982 6 3 9726 9736 9719 224 313 155 93 38 15 0 179 32766 65 32766 32766 32766 32766 118 
54161 1982 6 4 9832 9848 9734 187 248 100 83 41 19 0 145 32766 43 32766 32766 32766 32766 137 
54161 1982 6 5 9824 9848 9792 223 305 118 69 28 14 0 102 32766 60 32766 32766 32766 32766 140 
54161 1982 6 6 9786 9803 9757 243 315 176 96 32 24 32700 135 32766 68 32766 32766 32766 32766 113 
54161 1982 6 7 9819 9832 9786 207 258 147 89 38 19 32700 130 32766 33 32766 32766 32766 32766 124 
54161 1982 6 8 9831 9849 9811 220 304 121 80 33 18 0 132 32766 18 32766 32766 32766 32766 132 
54161 1982 6 9 9804 9820 9775 250 325 178 121 38 29 32700 187 32766 55 32766 32766 32766 32766 89 
54161 1982 6 10 9801 9817 9777 244 321 147 142 51 24 0 124 32766 18 32766 32766 32766 32766 131 
54161 1982 6 11 9784 9795 9770 270 336 207 129 38 20 32700 186 32766 53 32766 32766 32766 32766 128 
54161 1982 6 12 9799 9813 9778 260 321 191 127 39 21 0 130 32766 23 32766 32766 32766 32766 90 
54161 1982 6 13 9788 9805 9765 226 283 169 71 28 12 0 82 32766 53 32766 32766 32766 32766 140 
54161 1982 6 14 9788 9808 9766 240 313 129 80 27 19 32700 136 32766 40 32766 32766 32766 32766 124 
54161 1982 6 15 9765 9779 9748 262 332 166 80 26 13 0 226 32766 60 32766 32766 32766 32766 126 
54161 1982 6 16 9776 9790 9758 231 284 175 115 41 27 0 145 32766 45 32766 32766 32766 32766 70 
54161 1982 6 17 9777 9794 9742 224 300 181 155 61 31 34 89 32766 15 32766 32766 32766 32766 68 
54161 1982 6 18 9767 9784 9758 214 272 168 180 73 43 68 66 32766 18 32766 32766 32766 32766 84 
54161 1982 6 19 9789 9798 9772 211 253 170 182 74 58 1 56 32766 10 32766 32766 32766 32766 54 
54161 1982 6 20 9792 9812 9774 240 296 170 185 64 43 0 89 32766 18 32766 32766 32766 32766 125 
54161 1982 6 21 9772 9784 9760 201 259 130 168 73 55 8 70 32766 48 32766 32766 32766 32766 33 
54161 1982 6 22 9775 9792 9757 167 233 105 131 71 42 99 78 32766 35 32766 32766 32766 32766 119 
54161 1982 6 23 9771 9782 9765 180 227 124 129 64 38 0 61 32766 18 32766 32766 32766 32766 68 
54161 1982 6 24 9780 9787 9767 192 246 137 135 62 45 0 69 32766 15 32766 32766 32766 32766 100 
54161 1982 6 25 9813 9828 9787 227 291 150 139 53 32 0 97 32766 20 32766 32766 32766 32766 127 
54161 1982 6 26 9857 9871 9828 251 307 181 139 44 30 0 123 32766 30 32766 32766 32766 32766 104 
54161 1982 6 27 9817 9848 9780 246 309 176 172 57 40 32700 120 32766 40 32766 32766 32766 32766 118 
54161 1982 6 28 9807 9820 9791 233 282 181 190 67 47 282 108 32766 28 32766 32766 32766 32766 125 
54161 1982 6 29 9821 9834 9799 235 290 187 192 68 46 0 77 32766 30 32766 32766 32766 32766 108 
54161 1982 6 30 9795 9813 9767 239 289 191 182 63 45 0 98 32766 35 32766 32766 32766 32766 105 
54161 1982 7 1 9759 9777 9733 249 317 189 175 57 36 32700 123 32766 50 32766 32766 32766 32766 106 
54161 1982 7 2 9755 9763 9744 256 317 198 193 60 42 0 140 32766 50 32766 32766 32766 32766 117 
54161 1982 7 3 9778 9784 9761 266 318 226 196 57 40 32700 150 32766 55 32766 32766 32766 32766 68 
54161 1982 7 4 9801 9811 9783 262 315 214 172 52 30 32700 140 32766 55 32766 32766 32766 32766 100 
54161 1982 7 5 9797 9811 9777 249 298 200 177 57 42 0 136 32766 53 32766 32766 32766 32766 81 
54161 1982 7 6 9786 9798 9770 262 326 195 178 54 34 0 156 32766 53 32766 32766 32766 32766 123 
54161 1982 7 7 9776 9789 9765 267 332 201 200 59 40 0 140 32766 33 32766 32766 32766 32766 122 
54161 1982 7 8 9780 9794 9762 274 344 201 222 62 43 0 128 32766 35 32766 32766 32766 32766 117 
54161 1982 7 9 9767 9779 9749 277 333 219 263 71 52 0 152 32766 65 32766 32766 32766 32766 107 
54161 1982 7 10 9716 9758 9687 246 295 196 206 69 47 86 117 32766 78 32766 32766 32766 32766 58 
54161 1982 7 11 9672 9695 9655 200 245 165 161 71 39 72 78 32766 58 32766 32766 32766 32766 82 
54161 1982 7 12 9714 9731 9695 235 307 148 135 50 24 0 156 32766 60 32766 32766 32766 32766 135 
54161 1982 7 13 9696 9710 9673 259 304 214 166 50 35 32700 164 32766 113 32766 32766 32766 32766 35 
54161 1982 7 14 9726 9741 9706 232 305 181 169 62 32 28 133 32766 48 32766 32766 32766 32766 88 
54161 1982 7 15 9720 9736 9690 192 238 158 190 86 59 127 37 32766 60 90 8 32766 32766 11 
54161 1982 7 16 9702 9709 9691 180 212 153 189 91 71 58 42 32766 43 70 8 32766 32766 0 
54161 1982 7 17 9712 9718 9704 181 215 163 199 96 80 159 38 32766 20 50 8 32766 32766 18 
54161 1982 7 18 9754 9778 9718 183 215 160 198 95 79 16 23 32766 18 40 13 32766 32766 33 
54161 1982 7 19 9799 9807 9778 193 250 155 207 93 68 7 46 32766 18 63 5 32766 32766 50 
54161 1982 7 20 9808 9820 9790 222 271 161 234 88 70 0 66 32766 20 30 15 32766 32766 118 
54161 1982 7 21 9802 9810 9791 227 270 180 233 85 58 12 40 32766 23 53 8 32766 32766 66 
54161 1982 7 22 9789 9804 9774 234 290 186 217 77 52 21 65 32766 20 50 6 32766 32766 107 
54161 1982 7 23 9771 9785 9757 240 300 190 218 75 44 6 74 32766 23 67 2 32766 32766 105 
54161 1982 7 24 9774 9781 9761 247 295 196 239 78 51 0 70 32766 23 53 12 32766 32766 91 
54161 1982 7 25 9779 9788 9765 249 298 206 207 67 47 0 77 32766 38 57 6 32766 32766 118 
54161 1982 7 26 9794 9800 9781 207 245 185 193 80 64 5 43 32766 48 57 5 32766 32766 0 
54161 1982 7 27 9815 9825 9800 221 263 181 186 70 57 32700 77 32766 50 77 4 32766 32766 47 
54161 1982 7 28 9836 9843 9825 233 283 176 215 75 63 0 83 32766 35 50 3 32766 32766 119 
54161 1982 7 29 9832 9843 9818 244 298 187 258 85 65 0 70 32766 18 40 10 32766 32766 96 
54161 1982 7 30 9828 9838 9813 238 304 194 260 89 60 2 64 32766 43 47 12 32766 32766 78 
54161 1982 7 31 9822 9835 9807 260 319 204 250 76 50 0 81 32766 38 50 12 32766 32766 117 
54161 1982 8 1 9795 9809 9776 272 325 216 279 78 63 0 90 32766 40 70 9 32766 32766 102 
54161 1982 8 2 9777 9792 9771 281 339 218 265 70 51 0 99 32766 40 60 12 32766 32766 120 
54161 1982 8 3 9792 9798 9778 284 343 232 254 68 43 0 110 32766 40 57 11 32766 32766 113 
54161 1982 8 4 9780 9797 9756 278 329 235 235 64 44 0 116 32766 55 83 11 32766 32766 76 
54161 1982 8 5 9738 9763 9719 282 340 219 224 61 33 0 122 32766 40 73 11 32766 32766 111 
54161 1982 8 6 9734 9760 9708 242 289 216 280 93 59 238 42 32766 23 57 11 32766 32766 39 
54161 1982 8 7 9790 9800 9760 262 300 219 290 86 64 32700 37 32766 10 30 8 32766 32766 45 
54161 1982 8 8 9793 9803 9784 251 291 224 274 87 64 169 57 32766 40 60 13 32766 32766 33 
54161 1982 8 9 9802 9806 9793 256 296 226 288 88 62 91 64 32766 48 63 11 32766 32766 80 
54161 1982 8 10 9816 9823 9804 259 298 228 282 85 68 32700 55 32766 45 100 9 32766 32766 62 
54161 1982 8 11 9823 9832 9814 251 287 226 278 88 69 18 51 32766 55 110 11 32766 32766 10 
54161 1982 8 12 9841 9849 9832 254 287 224 279 86 65 14 57 32766 45 93 11 32766 32766 42 
54161 1982 8 13 9846 9861 9839 265 315 216 277 81 57 0 77 32766 48 70 11 32766 32766 118 
54161 1982 8 14 9830 9848 9809 276 326 218 275 76 55 0 77 32766 20 40 2 32766 32766 120 
54161 1982 8 15 9796 9813 9786 269 325 206 268 77 48 0 70 32766 28 37 16 32766 32766 110 
54161 1982 8 16 9805 9823 9785 271 325 203 255 73 45 0 69 32766 25 37 1 32766 32766 106 
54161 1982 8 17 9775 9797 9751 247 289 227 259 84 65 39 43 32766 60 120 11 32766 32766 0 
54161 1982 8 18 9768 9778 9757 232 261 211 256 91 69 147 44 32766 60 77 11 32766 32766 30 
54161 1982 8 19 9804 9833 9778 212 252 175 191 77 49 0 77 32766 45 90 13 32766 32766 117 
54161 1982 8 20 9859 9874 9833 189 231 152 160 76 41 0 75 32766 45 70 2 32766 32766 120 
54161 1982 8 21 9839 9863 9819 177 240 105 140 71 45 0 69 32766 33 32766 32766 32766 32766 107 
54161 1982 8 22 9841 9848 9830 197 260 114 156 70 45 0 74 32766 20 32766 32766 32766 32766 129 
54161 1982 8 23 9853 9862 9843 211 276 139 184 75 47 0 66 32766 20 37 1 32766 32766 110 
54161 1982 8 24 9858 9873 9850 225 290 153 180 69 41 0 95 32766 15 37 11 32766 32766 119 
54161 1982 8 25 9848 9869 9823 242 297 175 155 53 35 0 80 32766 30 40 8 32766 32766 119 
54161 1982 8 26 9803 9830 9784 193 247 181 197 89 50 76 16 32766 38 50 7 32766 32766 0 
54161 1982 8 27 9750 9784 9740 183 195 166 202 96 91 135 0 32766 20 33 7 32766 32766 0 
54161 1982 8 28 9692 9747 9672 170 191 158 187 97 89 37 3 32766 68 110 16 32766 32766 0 
54161 1982 8 29 9740 9772 9689 181 237 130 153 75 44 0 53 32766 55 87 15 32766 32766 57 
54161 1982 8 30 9799 9806 9772 197 271 134 166 74 48 0 67 32766 53 80 12 32766 32766 89 
54161 1982 8 31 9860 9890 9805 183 225 142 133 65 38 0 63 32766 30 60 1 32766 32766 111 
54161 1982 9 1 9900 9908 9890 182 233 115 115 57 34 0 46 32766 15 30 3 32766 32766 82 
54161 1982 9 2 9915 9933 9889 159 207 122 110 63 30 0 67 32766 40 60 1 32766 32766 109 
54161 1982 9 3 9924 9943 9897 152 219 57 89 55 28 0 59 32766 30 33 12 32766 32766 115 
54161 1982 9 4 9844 9903 9808 163 214 96 109 59 42 32700 51 32766 43 80 9 32766 32766 50 
54161 1982 9 5 9783 9809 9780 187 240 141 144 67 45 3 82 32766 65 120 11 32766 32766 101 
54161 1982 9 6 9807 9828 9780 143 184 117 141 87 59 19 30 32766 48 77 12 32766 32766 6 
54161 1982 9 7 9825 9835 9799 167 253 110 121 68 29 63 76 32766 40 123 13 32766 32766 89 
54161 1982 9 8 9871 9889 9831 131 189 80 95 66 30 0 65 32766 65 120 12 32766 32766 115 
54161 1982 9 9 9875 9891 9854 135 206 68 74 52 25 0 79 32766 53 97 12 32766 32766 106 
54161 1982 9 10 9859 9866 9852 112 173 53 87 68 40 0 47 32766 33 73 12 32766 32766 77 
54161 1982 9 11 9856 9879 9831 124 201 36 88 65 33 0 50 32766 18 43 11 32766 32766 116 
54161 1982 9 12 9801 9837 9768 157 209 110 100 58 28 32700 82 32766 68 110 11 32766 32766 88 
54161 1982 9 13 9863 9884 9837 121 197 36 82 60 34 0 61 32766 35 60 14 32766 32766 116 
54161 1982 9 14 9894 9909 9879 165 243 84 90 52 23 0 77 32766 40 57 9 32766 32766 117 
54161 1982 9 15 9904 9922 9884 187 258 124 148 68 53 0 67 32766 38 83 11 32766 32766 84 
54161 1982 9 16 9938 9954 9922 180 247 114 130 67 34 0 51 32766 30 33 1 32766 32766 104 
54161 1982 9 17 9908 9928 9882 204 274 145 137 59 35 0 74 32766 50 80 11 32766 32766 85 
54161 1982 9 18 9856 9887 9833 200 260 149 139 60 45 32700 90 32766 60 120 11 32766 32766 31 
54161 1982 9 19 9806 9842 9782 205 270 152 159 67 50 32700 82 32766 60 100 11 32766 32766 96 
54161 1982 9 20 9847 9872 9787 102 198 67 83 69 36 26 55 32766 75 117 15 32766 32766 75 
54161 1982 9 21 9879 9894 9863 107 180 13 57 48 23 0 64 32766 43 90 15 32766 32766 109 
54161 1982 9 22 9888 9895 9881 123 188 64 67 48 25 0 44 32766 20 40 8 32766 32766 65 
54161 1982 9 23 9901 9918 9887 157 233 76 74 44 23 0 60 32766 28 40 7 32766 32766 107 
54161 1982 9 24 9885 9909 9858 179 263 101 94 49 25 0 94 32766 40 83 10 32766 32766 104 
54161 1982 9 25 9822 9868 9791 196 253 119 123 55 41 0 90 32766 60 120 12 32766 32766 77 
54161 1982 9 26 9799 9813 9778 95 206 62 64 52 23 43 86 32766 93 170 12 32766 32766 63 
54161 1982 9 27 9802 9824 9792 85 147 25 43 40 24 0 94 32766 103 160 13 32766 32766 102 
54161 1982 9 28 9850 9864 9824 127 218 39 59 44 20 0 95 32766 83 130 12 32766 32766 103 
54161 1982 9 29 9835 9858 9813 175 238 109 92 47 29 0 112 32766 100 137 11 32766 32766 102 
54161 1982 9 30 9903 9927 9825 108 180 51 50 40 21 0 74 32766 35 127 11 32766 32766 104 
54161 1982 10 1 9860 9899 9830 156 254 45 67 38 21 0 108 32766 80 150 11 32766 32766 97 
54161 1982 10 2 9911 9928 9853 107 187 49 36 28 17 0 74 32766 45 87 11 32766 32766 94 
54161 1982 10 3 9932 9946 9920 98 178 8 40 38 13 0 48 32766 25 40 15 32766 32766 105 
54161 1982 10 4 9902 9932 9874 117 196 71 41 32 13 0 85 32766 60 110 12 32766 32766 99 
54161 1982 10 5 9882 9937 9835 128 213 34 66 44 14 0 79 32766 55 147 12 32766 32766 74 
54161 1982 10 6 9839 9870 9807 168 243 102 119 67 31 0 81 32766 80 117 11 32766 32766 90 
54161 1982 10 7 9877 9902 9810 116 191 55 64 48 31 0 69 32766 50 90 11 32766 32766 101 
54161 1982 10 8 9907 9922 9895 128 219 38 68 51 25 0 64 32766 30 47 7 32766 32766 97 
54161 1982 10 9 9905 9922 9895 180 278 94 79 41 20 0 82 32766 43 60 10 32766 32766 96 
54161 1982 10 10 9891 9914 9872 194 260 127 94 44 28 0 135 32766 98 160 11 32766 32766 88 
54161 1982 10 11 9896 9932 9854 147 208 97 107 65 32 4 90 32766 70 120 11 32766 32766 46 
54161 1982 10 12 9917 9938 9888 125 198 29 85 62 22 0 53 32766 45 70 9 32766 32766 67 
54161 1982 10 13 9965 9987 9896 111 148 64 61 44 16 0 49 32766 43 70 11 32766 32766 84 
54161 1982 10 14 9957 9990 9936 85 108 69 44 40 24 32700 37 32766 23 60 3 32766 32766 0 
54161 1982 10 15 9971 10004 9925 53 93 18 34 39 20 0 53 32766 60 130 1 32766 32766 94 
54161 1982 10 16 9978 10012 9934 41 106 -29 33 43 24 0 29 32766 15 43 8 32766 32766 98 
54161 1982 10 17 9842 9934 9804 87 162 17 66 54 36 9 58 32766 60 140 10 32766 32766 53 
54161 1982 10 18 9780 9806 9748 93 126 59 101 87 72 223 17 32766 50 90 10 32766 32766 0 
54161 1982 10 19 9828 9847 9790 43 83 8 65 80 50 26 20 32766 38 60 15 32766 32766 94 
54161 1982 10 20 9785 9829 9737 45 116 14 60 72 50 32700 25 32766 75 160 13 32766 32766 18 
54161 1982 10 21 9848 9882 9815 -17 35 -36 20 37 27 0 54 32766 100 170 13 32766 32766 72 
54161 1982 10 22 9950 9995 9882 -52 -14 -85 14 35 20 0 38 32766 70 130 13 32766 32766 91 
54161 1982 10 23 9999 10017 9988 -68 -26 -112 19 53 28 0 18 32766 28 67 15 32766 32766 88 
54161 1982 10 24 9976 9988 9970 -75 -43 -113 17 51 31 0 14 32766 23 50 15 32766 32766 81 
54161 1982 10 25 9926 9974 9908 -19 38 -74 20 38 24 0 20 32766 35 50 8 32766 32766 66 
54161 1982 10 26 9899 9920 9877 54 150 -24 39 45 24 0 50 32766 48 110 11 32766 32766 92 
54161 1982 10 27 9901 9916 9880 115 167 69 96 73 45 0 53 32766 90 32766 32766 32766 32766 86 
54161 1982 10 28 9924 9934 9910 113 161 80 107 81 60 0 29 32766 68 32766 32766 32766 32766 51 
54161 1982 10 29 9917 9933 9904 113 166 77 104 79 56 0 21 32766 40 32766 32766 32766 32766 21 
54161 1982 10 30 9861 9907 9836 101 141 69 94 75 47 0 32 32766 65 147 11 32766 32766 0 
54161 1982 10 31 9921 9942 9868 22 96 -24 36 52 34 0 33 32766 35 107 15 32766 32766 81 
54161 1982 11 1 9976 10005 9938 -32 6 -67 24 52 26 0 20 32766 40 70 16 32766 32766 72 
54161 1982 11 2 9977 10011 9940 4 78 -74 36 54 24 0 23 32766 68 80 10 32766 32766 63 
54161 1982 11 3 9904 9947 9867 88 141 26 77 67 43 0 70 32766 108 157 11 32766 32766 74 
54161 1982 11 4 9929 9978 9880 50 112 5 60 63 34 0 31 32766 65 117 11 32766 32766 35 
54161 1982 11 5 9987 10014 9952 7 82 -67 25 42 14 0 23 32766 35 50 2 32766 32766 88 
54161 1982 11 6 9922 9954 9895 53 105 8 55 62 40 8 32 32766 88 32766 32766 32766 32766 43 
54161 1982 11 7 9978 9991 9954 16 86 -36 50 74 46 0 14 32766 30 43 12 32766 32766 84 
54161 1982 11 8 9957 9978 9939 23 78 -22 50 71 42 0 11 32766 23 30 8 32766 32766 63 
54161 1982 11 9 9967 9985 9938 -17 28 -38 34 62 32 0 21 32766 70 32766 32766 32766 32766 0 
54161 1982 11 10 9889 9980 9835 -31 28 -91 26 54 29 0 21 32766 75 93 2 32766 32766 7 
54161 1982 11 11 9800 9835 9785 0 48 -22 47 76 34 26 12 32766 40 57 3 32766 32766 44 
54161 1982 11 12 9849 9863 9810 10 67 -38 48 73 52 0 14 32766 53 57 9 32766 32766 82 
54161 1982 11 13 9940 9993 9863 -15 30 -42 40 74 48 0 17 32766 58 63 2 32766 32766 69 
54161 1982 11 14 9955 9993 9921 -41 6 -86 24 56 36 0 14 32766 40 50 2 32766 32766 48 
54161 1982 11 15 9907 9939 9877 -50 -16 -57 36 86 37 45 6 32766 48 67 12 32766 32766 0 
54161 1982 11 16 9924 9947 9900 -50 -2 -99 30 73 58 0 10 32766 45 70 12 32766 32766 77 
54161 1982 11 17 9917 9952 9879 -29 -4 -47 37 77 59 0 11 32766 70 83 12 32766 32766 67 
54161 1982 11 18 9954 9974 9937 -38 13 -84 34 74 60 0 10 32766 53 70 12 32766 32766 80 
54161 1982 11 19 9931 9944 9915 -47 12 -92 33 77 46 0 10 32766 45 80 12 32766 32766 80 
54161 1982 11 20 9917 9944 9899 -25 21 -70 33 66 53 0 19 32766 50 90 11 32766 32766 77 
54161 1982 11 21 9877 9899 9857 3 37 -35 45 72 54 0 10 32766 68 133 11 32766 32766 21 
54161 1982 11 22 9878 9887 9869 -50 21 -83 16 38 29 32700 30 32766 80 113 13 32766 32766 77 
54161 1982 11 23 9869 9895 9842 -105 -62 -145 13 44 18 0 17 32766 83 32766 32766 32766 32766 42 
54161 1982 11 24 9942 9968 9895 -147 -103 -187 8 41 26 0 13 32766 63 90 14 32766 32766 71 
54161 1982 11 25 9993 10007 9967 -121 -63 -177 10 44 20 0 10 32766 28 60 12 32766 32766 70 
54161 1982 11 26 10031 10059 10005 -67 -1 -122 20 54 37 0 10 32766 28 43 9 32766 32766 26 
54161 1982 11 27 10083 10096 10059 -78 -18 -131 17 53 27 0 9 32766 20 40 2 32766 32766 63 
54161 1982 11 28 9997 10074 9947 -36 32 -92 28 60 38 0 15 32766 43 60 8 32766 32766 57 
54161 1982 11 29 9868 9947 9824 4 32 -17 42 68 49 0 9 32766 33 63 10 32766 32766 29 
54161 1982 11 30 9825 9848 9806 -68 -15 -114 27 75 48 0 8 32766 28 63 16 32766 32766 60 
54161 1982 12 1 9861 9872 9848 -84 -34 -118 24 74 45 32700 5 32766 38 73 12 32766 32766 0 
54161 1982 12 2 9875 9884 9868 -77 -30 -118 23 68 40 0 10 32766 48 90 13 32766 32766 56 
54161 1982 12 3 9845 9870 9830 -37 16 -84 24 54 28 0 21 32766 65 137 11 32766 32766 53 
54161 1982 12 4 9937 9976 9847 -110 -24 -166 11 43 35 3 12 32766 75 110 16 32766 32766 60 
54161 1982 12 5 10013 10035 9976 -172 -120 -212 8 51 32 0 8 32766 55 90 13 32766 32766 67 
54161 1982 12 6 10002 10035 9969 -139 -70 -179 9 48 26 0 10 32766 70 32766 32766 32766 32766 63 
54161 1982 12 7 10016 10034 9988 -130 -74 -161 10 45 31 0 7 32766 25 32766 32766 32766 32766 62 
54161 1982 12 8 10017 10038 9989 -118 -51 -166 12 49 26 0 10 32766 43 70 11 32766 32766 64 
54161 1982 12 9 9936 9989 9907 -69 -2 -118 18 50 30 0 18 32766 60 32766 32766 32766 32766 59 
54161 1982 12 10 9888 9934 9853 -60 -9 -107 30 75 53 1 4 32766 28 50 11 32766 32766 0 
54161 1982 12 11 9893 9939 9846 -126 -42 -161 15 61 47 8 11 32766 53 77 16 32766 32766 57 
54161 1982 12 12 9983 10017 9939 -170 -110 -206 12 71 56 0 3 32766 35 60 11 32766 32766 68 
54161 1982 12 13 10021 10034 10015 -156 -92 -192 13 70 53 0 4 32766 38 53 11 32766 32766 64 
54161 1982 12 14 10009 10026 10000 -146 -88 -183 12 64 46 0 4 32766 43 57 32766 32766 32766 56 
54161 1982 12 15 9966 10003 9945 -126 -67 -167 15 66 44 0 6 32766 53 80 11 32766 32766 56 
54161 1982 12 16 9914 9945 9898 -114 -76 -134 18 70 45 32700 6 32766 48 67 16 32766 32766 40 
54161 1982 12 17 9961 9973 9932 -173 -117 -223 11 74 53 1 4 32766 20 57 16 32766 32766 67 
54161 1982 12 18 9945 9979 9903 -136 -78 -197 15 68 54 0 6 32766 65 110 11 32766 32766 64 
54161 1982 12 19 9917 9940 9885 -52 -6 -83 26 65 38 0 13 32766 73 180 11 32766 32766 68 
54161 1982 12 20 9932 9951 9912 -60 5 -109 32 79 66 0 4 32766 48 32766 32766 32766 32766 71 
54161 1982 12 21 9836 9912 9797 -15 34 -62 47 82 69 32700 7 32766 63 32766 32766 32766 32766 58 
54161 1982 12 22 9745 9800 9721 -37 5 -107 37 78 59 4 3 32766 58 90 11 32766 32766 0 
54161 1982 12 23 9833 9891 9750 -143 -98 -176 16 78 69 4 5 32766 68 90 12 32766 32766 0 
54161 1982 12 24 9960 9992 9891 -170 -140 -201 11 70 63 32700 1 32766 53 67 11 32766 32766 35 
54161 1982 12 25 9930 9996 9872 -137 -100 -176 13 62 51 0 5 32766 63 90 10 32766 32766 65 
54161 1982 12 26 9819 9872 9805 -98 -76 -132 21 74 55 0 5 32766 60 80 12 32766 32766 0 
54161 1982 12 27 9847 9864 9825 -118 -75 -174 19 76 58 0 2 32766 28 50 11 32766 32766 61 
54161 1982 12 28 9814 9859 9774 -70 -23 -112 27 73 60 4 8 32766 65 130 13 32766 32766 57 
54161 1982 12 29 9898 9916 9859 -134 -94 -157 14 67 54 0 4 32766 48 97 12 32766 32766 67 
54161 1982 12 30 9941 9961 9914 -158 -106 -198 13 71 60 0 5 32766 48 53 12 32766 32766 69 
54161 1982 12 31 9958 9995 9929 -139 -95 -163 14 67 59 0 3 32766 43 57 16 32766 32766 67 
54161 1983 1 1 9988 10008 9968 -162 -114 -207 13 76 66 0 0 32766 10 30 8 32766 32766 24 
54161 1983 1 2 9973 9999 9950 -134 -68 -171 15 67 50 0 4 32766 40 60 11 32766 32766 61 
54161 1983 1 3 9974 10007 9940 -100 -34 -170 21 71 55 0 6 32766 45 87 11 32766 32766 57 
