V01000 V04001 V04002 V04003 V10004 V10201 V10202 V12001 V12052 V12053 V13004 V13003 V13007 V13201 V13241 V13242 V11002 V11042 V11212 V11041 V11043 V14032
54823 1981 1 8 10194 10219 10171 27 80 -11 27 38 23 0 24 32766 30 73 11 107 10 77 
54823 1981 1 9 10209 10227 10189 13 48 -11 25 38 27 0 27 32766 30 53 4 87 3 57 
54823 1981 1 10 10225 10240 10217 -15 25 -58 18 34 23 0 16 32766 25 63 14 103 14 82 
54823 1981 1 11 10187 10228 10166 29 85 -34 14 19 14 0 32 32766 40 43 10 80 10 84 
54823 1981 1 12 10160 10182 10149 38 95 -24 19 26 12 0 46 32766 33 60 13 93 14 82 
54823 1981 1 13 10167 10199 10148 17 77 -44 26 40 22 0 16 32766 18 30 3 41 4 78 
54823 1981 1 14 10128 10181 10092 3 69 -18 35 56 33 0 22 32766 33 90 3 144 2 60 
54823 1981 1 15 10266 10286 10181 -50 -6 -80 26 65 32 3 18 32766 28 90 3 143 2 88 
54823 1981 1 16 10287 10314 10273 -41 16 -89 19 44 25 0 8 32766 15 20 1 45 1 84 
54823 1981 1 17 10183 10273 10121 5 55 -42 14 24 11 0 20 32766 25 63 11 123 10 73 
54823 1981 1 18 10186 10223 10142 -15 35 -50 28 52 22 0 18 32766 38 83 4 124 3 67 
54823 1981 1 19 10228 10249 10207 -27 21 -65 27 57 25 0 18 32766 38 87 4 113 3 81 
54823 1981 1 20 10231 10250 10213 -31 8 -79 26 55 36 0 11 32766 13 40 3 62 3 0 
54823 1981 1 21 10248 10266 10228 -19 16 -43 20 39 15 0 20 32766 25 57 3 95 3 84 
54823 1981 1 22 10254 10273 10233 -23 11 -52 31 62 34 0 8 32766 18 37 5 53 12 0 
54823 1981 1 23 10197 10242 10168 -18 -3 -30 47 87 59 118 32766 32766 20 37 5 56 4 0 
54823 1981 1 24 10261 10307 10196 -60 -21 -91 31 79 62 12 14 32766 30 47 3 70 2 47 
54823 1981 1 25 10334 10345 10307 -88 -54 -119 17 56 37 0 11 32766 20 50 4 84 3 0 
54823 1981 1 26 10342 10363 10326 -93 -57 -125 18 63 33 0 9 32766 18 37 4 60 3 67 
54823 1981 1 27 10293 10331 10267 -72 -19 -127 17 48 31 0 9 32766 18 37 11 55 11 72 
54823 1981 1 28 10231 10274 10203 -44 13 -85 23 52 37 0 9 32766 25 43 10 75 10 85 
54823 1981 1 29 10237 10249 10218 -38 8 -81 28 62 36 0 11 32766 13 40 5 58 4 64 
54823 1981 1 30 10222 10243 10199 -21 36 -58 32 63 35 0 11 32766 10 27 13 48 14 57 
54823 1981 1 31 10177 10218 10149 0 46 -40 39 65 40 0 14 32766 25 67 10 116 10 59 
54823 1981 2 1 10196 10220 10161 11 66 -24 48 71 46 0 12 32766 20 63 11 94 10 57 
54823 1981 2 2 10187 10211 10165 9 43 -18 33 52 32 0 25 32766 43 87 3 122 2 71 
54823 1981 2 3 10232 10249 10211 -23 18 -60 23 45 31 0 17 32766 20 43 4 68 4 90 
54823 1981 2 4 10220 10237 10203 -8 55 -58 28 52 21 0 14 32766 15 43 12 71 10 63 
54823 1981 2 5 10230 10243 10213 20 71 -27 34 50 26 0 11 32766 20 40 12 65 13 71 
54823 1981 2 6 10237 10255 10222 8 51 -25 42 66 45 0 25 32766 23 50 4 71 3 73 
54823 1981 2 7 10166 10223 10116 37 95 -18 45 60 38 0 21 32766 40 77 10 126 10 84 
54823 1981 2 8 10098 10117 10077 61 100 17 39 43 22 0 43 32766 23 60 10 111 9 82 
54823 1981 2 9 10179 10205 10114 19 73 -20 22 33 15 0 29 32766 15 50 13 88 2 94 
54823 1981 2 10 10151 10171 10134 55 113 13 20 23 13 0 47 32766 28 43 10 80 10 96 
54823 1981 2 11 10062 10134 10005 97 143 52 25 20 16 0 104 32766 58 110 9 192 10 91 
54823 1981 2 12 10005 10030 9978 106 147 75 40 31 23 0 76 32766 35 93 10 169 10 55 
54823 1981 2 13 10045 10064 10026 93 174 12 45 42 15 0 54 32766 30 60 12 99 11 92 
54823 1981 2 14 10063 10080 10037 112 146 36 78 58 40 0 38 32766 30 63 11 127 10 25 
54823 1981 2 15 10146 10193 10068 49 108 14 58 66 32 0 51 32766 58 110 3 170 4 69 
54823 1981 2 16 10222 10239 10191 -3 24 -18 28 46 32 0 46 32766 65 120 4 157 3 39 
54823 1981 2 17 10175 10247 10134 8 95 -54 25 46 11 0 24 32766 20 57 11 87 10 88 
54823 1981 2 18 10175 10205 10136 37 62 19 37 46 30 0 32 32766 30 63 4 100 4 2 
54823 1981 2 19 10182 10223 10152 18 87 -13 44 67 25 21 32 32766 48 80 10 134 10 37 
54823 1981 2 20 10199 10224 10169 1 35 -22 39 66 32 7 17 32766 20 43 13 60 2 96 
54823 1981 2 21 10104 10184 10065 49 96 -16 40 46 36 0 39 32766 45 100 10 178 9 66 
54823 1981 2 22 10082 10115 10042 46 76 20 64 76 46 21 29 32766 28 63 9 114 9 0 
54823 1981 2 23 10167 10202 10115 -9 21 -17 51 88 79 21 14 32766 33 80 3 117 3 0 
54823 1981 2 24 10238 10255 10202 -27 -4 -42 28 54 27 32700 21 32766 25 70 5 127 16 83 
54823 1981 2 25 10266 10279 10240 -48 -9 -85 9 21 14 0 29 32766 60 100 14 146 14 95 
54823 1981 2 26 10310 10328 10270 -74 -32 -113 9 25 17 0 21 32766 38 70 4 105 3 99 
54823 1981 2 27 10225 10297 10177 -19 34 -76 17 35 17 0 22 32766 38 57 10 98 10 51 
54823 1981 2 28 10194 10211 10177 -1 25 -17 30 49 21 0 18 32766 23 43 11 84 9 0 
54823 1981 3 1 10230 10246 10211 14 68 -29 34 52 31 0 20 32766 15 50 4 82 3 78 
54823 1981 3 2 10212 10236 10185 34 91 -11 44 59 33 0 30 32766 15 63 12 97 11 80 
54823 1981 3 3 10169 10192 10146 59 110 7 58 63 41 0 41 32766 38 70 10 125 9 85 
54823 1981 3 4 10165 10176 10151 78 135 31 47 49 10 0 45 32766 30 60 16 88 15 91 
54823 1981 3 5 10187 10214 10156 59 105 29 28 32 10 0 55 32766 35 67 3 98 2 90 
54823 1981 3 6 10189 10235 10122 74 137 2 14 17 3 0 72 32766 65 117 13 155 12 101 
54823 1981 3 7 10096 10123 10081 89 203 16 25 25 8 0 127 32766 78 130 4 180 4 96 
54823 1981 3 8 10149 10169 10106 7 30 -12 42 66 51 0 33 32766 45 120 4 177 4 45 
54823 1981 3 9 10201 10226 10162 49 105 -8 31 40 13 0 44 32766 15 50 4 76 3 105 
54823 1981 3 10 10171 10190 10150 115 164 53 27 20 11 0 118 32766 53 90 11 141 10 100 
54823 1981 3 11 10133 10159 10102 126 190 68 38 28 12 0 102 32766 33 73 10 139 9 105 
54823 1981 3 12 10109 10125 10083 130 192 58 69 48 29 0 48 32766 20 33 11 61 2 98 
54823 1981 3 13 10096 10111 10081 140 191 81 105 66 45 0 41 32766 20 37 10 71 15 77 
54823 1981 3 14 10140 10174 10085 119 149 82 47 34 9 0 75 32766 40 100 16 158 16 98 
54823 1981 3 15 10192 10220 10158 105 167 44 31 26 16 0 73 32766 18 37 5 60 4 107 
54823 1981 3 16 10105 10161 10067 149 215 101 31 19 11 0 110 32766 43 90 10 139 11 106 
54823 1981 3 17 10070 10082 10052 173 222 119 44 23 14 0 121 32766 30 60 10 101 9 104 
54823 1981 3 18 10059 10078 10037 169 232 97 46 26 14 0 85 32766 23 43 10 77 8 102 
54823 1981 3 19 10052 10059 10039 169 225 128 70 36 18 0 101 32766 28 63 10 108 11 96 
54823 1981 3 20 10093 10113 10059 100 181 51 68 56 46 0 65 32766 33 90 4 108 4 92 
54823 1981 3 21 10057 10092 10015 153 233 79 80 51 23 0 96 32766 38 103 10 169 11 103 
54823 1981 3 22 10055 10075 10024 153 194 112 63 37 26 0 122 32766 70 140 4 169 4 103 
54823 1981 3 23 10054 10088 10007 113 174 55 79 60 43 32700 56 32766 25 100 4 126 4 44 
54823 1981 3 24 10008 10022 9997 84 161 61 96 88 45 110 14 32766 30 67 16 108 16 2 
54823 1981 3 25 10035 10074 9988 94 126 78 54 45 22 0 71 32766 50 123 14 196 15 78 
54823 1981 3 26 10127 10151 10074 78 123 31 36 35 21 0 70 32766 35 67 5 93 4 112 
54823 1981 3 27 10086 10118 10067 110 164 34 57 45 30 0 43 32766 20 57 10 110 10 40 
54823 1981 3 28 10124 10141 10085 130 182 69 68 49 23 0 58 32766 25 57 5 84 3 96 
54823 1981 3 29 10140 10161 10124 138 184 86 78 51 32 0 50 32766 23 50 4 76 2 78 
54823 1981 3 30 10136 10146 10113 129 167 87 62 43 24 0 64 32766 43 77 11 143 8 60 
54823 1981 3 31 10117 10137 10096 108 128 96 72 56 39 32700 45 32766 20 57 8 119 8 0 
54823 1981 4 1 10153 10181 10114 92 134 84 79 68 39 0 51 32766 45 87 4 116 3 69 
54823 1981 4 2 10175 10206 10137 98 172 25 50 45 20 0 60 32766 30 60 12 92 12 107 
54823 1981 4 3 10083 10145 10050 106 137 80 36 29 21 32700 55 32766 30 60 11 103 10 1 
54823 1981 4 4 10035 10060 10018 120 157 98 55 39 29 0 56 32766 20 37 9 60 9 16 
54823 1981 4 5 10019 10036 9999 158 221 98 88 50 33 0 84 32766 53 93 11 139 10 108 
54823 1981 4 6 10067 10094 10013 200 253 153 116 50 35 0 85 32766 28 60 10 103 9 83 
54823 1981 4 7 10112 10136 10091 186 242 123 104 52 29 0 69 32766 13 43 11 72 10 80 
54823 1981 4 8 10109 10125 10092 155 214 139 107 62 37 2 36 32766 20 50 3 70 11 0 
54823 1981 4 9 10072 10098 10041 147 210 98 108 68 45 0 56 32766 20 40 5 61 3 97 
54823 1981 4 10 10045 10066 10029 205 257 148 109 47 27 0 88 32766 25 70 11 131 9 101 
54823 1981 4 11 10063 10079 10040 163 228 141 92 50 31 0 93 32766 50 100 5 139 5 103 
54823 1981 4 12 10114 10138 10064 110 163 78 80 64 41 6 66 32766 45 77 4 124 2 76 
54823 1981 4 13 10145 10169 10115 146 198 85 54 34 16 0 64 32766 23 50 5 73 4 107 
54823 1981 4 14 10098 10127 10079 128 165 93 80 55 30 27 25 32766 18 50 5 66 5 0 
54823 1981 4 15 10050 10094 10008 140 218 77 93 62 34 32700 61 32766 13 43 14 63 13 109 
54823 1981 4 16 10083 10105 10032 173 234 94 88 48 22 0 78 32766 25 43 5 74 3 108 
54823 1981 4 17 10094 10112 10065 207 262 154 61 26 12 0 108 32766 35 57 10 113 9 108 
54823 1981 4 18 10110 10150 10077 184 244 144 49 24 8 0 125 32766 25 90 2 200 1 100 
54823 1981 4 19 10163 10189 10145 153 206 87 42 26 14 0 93 32766 20 53 16 94 16 102 
54823 1981 4 20 10107 10154 10065 181 237 114 43 21 11 0 111 32766 33 60 13 103 12 65 
54823 1981 4 21 10045 10072 10018 199 255 147 59 25 16 0 123 32766 33 67 13 108 12 108 
54823 1981 4 22 10029 10048 10007 220 278 150 90 35 16 0 136 32766 50 67 11 129 11 121 
54823 1981 4 23 10035 10089 10014 233 307 190 90 31 14 32700 184 32766 60 103 10 175 9 100 
54823 1981 4 24 10134 10152 10089 178 223 144 34 17 7 0 158 32766 33 63 4 116 1 119 
54823 1981 4 25 10108 10135 10065 214 284 145 41 17 8 0 158 32766 45 70 11 121 11 124 
54823 1981 4 26 10046 10070 10015 234 288 188 59 21 10 0 206 32766 63 117 11 173 10 122 
54823 1981 4 27 10031 10047 10017 244 292 179 76 25 17 0 178 32766 43 83 10 143 10 120 
54823 1981 4 28 10044 10065 10015 217 270 154 90 38 13 32700 104 32766 35 87 16 131 15 91 
54823 1981 4 29 10066 10082 10043 193 255 124 68 32 20 0 108 32766 28 60 13 89 3 120 
54823 1981 4 30 10044 10060 10024 236 291 187 64 23 13 0 182 32766 43 100 10 130 9 122 
54823 1981 5 1 9992 10028 9964 242 287 202 121 41 24 1 155 32766 53 150 10 181 10 88 
54823 1981 5 2 10112 10155 9978 157 217 127 67 35 4 29 124 32766 55 167 15 242 14 83 
54823 1981 5 3 10115 10162 10089 161 209 122 38 20 12 0 131 32766 43 107 12 133 10 112 
54823 1981 5 4 10067 10099 10037 209 272 142 53 23 11 0 131 32766 33 90 13 106 12 115 
54823 1981 5 5 9992 10048 9956 237 279 194 62 21 16 0 206 32766 55 133 10 185 9 105 
54823 1981 5 6 9944 9975 9916 261 309 215 90 28 16 0 191 32766 48 87 9 150 9 93 
54823 1981 5 7 9930 9943 9913 296 352 238 128 32 19 0 214 32766 50 93 9 146 9 119 
54823 1981 5 8 9923 9968 9892 284 359 194 167 45 31 0 226 32766 75 130 4 206 9 111 
54823 1981 5 9 10013 10027 9968 163 207 133 114 62 43 5 101 32766 73 147 4 181 3 26 
54823 1981 5 10 9996 10044 9966 179 262 127 115 60 22 8 90 32766 30 103 1 167 1 107 
54823 1981 5 11 10060 10081 10035 172 224 105 41 22 10 0 139 32766 33 103 14 126 15 124 
54823 1981 5 12 10043 10068 10021 207 262 122 42 17 6 0 127 32766 18 50 5 79 10 125 
54823 1981 5 13 10018 10034 9996 239 286 188 60 21 13 0 161 32766 43 83 11 135 11 89 
54823 1981 5 14 10000 10008 9986 216 253 197 110 43 20 32700 97 32766 8 60 4 103 10 24 
54823 1981 5 15 10004 10032 9984 164 219 114 121 65 46 147 62 32766 45 110 1 222 1 29 
54823 1981 5 16 10040 10051 10008 154 210 109 120 71 45 0 67 32766 28 60 1 103 1 104 
54823 1981 5 17 10051 10077 10024 161 220 122 128 72 40 32 63 32766 38 107 3 182 3 85 
54823 1981 5 18 10113 10129 10077 172 231 112 122 65 37 0 60 32766 18 73 4 98 3 105 
54823 1981 5 19 10105 10122 10090 220 273 145 94 37 23 0 104 32766 30 47 11 65 10 118 
54823 1981 5 20 10089 10107 10062 242 294 197 100 34 22 0 130 32766 38 53 12 93 11 112 
54823 1981 5 21 10062 10076 10038 251 301 203 93 30 19 0 147 32766 40 77 13 115 12 117 
54823 1981 5 22 10053 10062 10040 261 309 220 90 28 17 0 155 32766 45 70 10 121 10 117 
54823 1981 5 23 10041 10060 10015 263 316 221 92 28 18 0 160 32766 38 60 14 92 11 121 
54823 1981 5 24 10016 10028 10003 284 336 234 85 23 14 0 192 32766 43 77 11 112 9 123 
54823 1981 5 25 9998 10024 9965 287 329 245 101 26 21 0 186 32766 55 73 11 129 10 114 
54823 1981 5 26 9979 9994 9957 289 337 248 150 39 23 0 168 32766 53 73 11 124 9 116 
54823 1981 5 27 9988 10026 9964 245 305 214 151 50 24 0 126 32766 28 90 16 182 2 109 
54823 1981 5 28 10021 10039 10008 237 307 144 95 36 13 0 117 32766 18 40 4 61 12 127 
54823 1981 5 29 9995 10014 9975 285 332 234 74 19 16 0 181 32766 50 83 11 131 11 115 
54823 1981 5 30 10017 10035 9987 244 308 202 114 38 17 0 172 32766 53 123 11 191 10 120 
54823 1981 5 31 10087 10108 10035 213 265 149 101 42 20 0 141 32766 43 80 4 124 4 122 
54823 1981 6 1 10097 10110 10084 208 247 158 92 38 23 0 70 32766 18 37 5 54 10 24 
54823 1981 6 2 10082 10095 10067 217 263 177 116 47 25 4 82 32766 30 50 12 77 11 37 
54823 1981 6 3 10046 10074 10014 244 306 181 108 38 20 32700 132 32766 40 60 11 98 9 128 
54823 1981 6 4 10034 10052 10011 275 338 215 89 25 16 0 161 32766 33 60 10 100 9 125 
54823 1981 6 5 10012 10034 9981 300 349 248 81 20 12 0 200 32766 58 73 11 129 11 131 
54823 1981 6 6 9991 10001 9981 303 350 253 67 16 10 0 274 32766 75 117 11 204 9 128 
54823 1981 6 7 10011 10031 9987 309 356 266 86 20 12 0 222 32766 53 87 10 140 10 107 
54823 1981 6 8 10021 10029 10006 257 320 197 162 52 13 22 97 32766 25 63 9 111 8 0 
54823 1981 6 9 10005 10033 9990 196 211 192 220 96 87 118 19 32766 18 33 16 36 1 0 
54823 1981 6 10 10015 10031 9993 180 196 166 200 97 94 92 5 32766 30 50 4 87 2 0 
54823 1981 6 11 10035 10052 10021 203 254 164 182 78 51 2 49 32766 25 43 3 69 2 69 
54823 1981 6 12 9981 10029 9947 250 311 186 169 57 31 0 107 32766 40 67 11 100 9 127 
54823 1981 6 13 9971 9989 9947 279 334 224 173 48 26 0 127 32766 40 57 12 88 10 123 
54823 1981 6 14 9956 9974 9944 305 353 252 144 34 23 0 180 32766 50 77 10 135 10 124 
54823 1981 6 15 9965 9990 9947 316 363 268 140 30 22 0 216 32766 73 83 11 144 9 124 
54823 1981 6 16 9952 9970 9941 329 384 274 177 36 25 0 210 32766 73 107 10 175 9 104 
54823 1981 6 17 9986 10003 9951 298 357 266 191 46 32 0 131 32766 33 70 4 103 4 67 
54823 1981 6 18 9997 10019 9979 279 326 238 209 56 45 0 113 32766 28 67 4 96 3 75 
54823 1981 6 19 9993 10012 9983 257 301 230 235 71 56 6 59 32766 23 50 4 67 3 24 
54823 1981 6 20 9961 9998 9921 245 284 214 253 83 64 65 46 32766 20 53 4 81 4 11 
54823 1981 6 21 9929 9950 9896 250 287 214 255 82 59 714 112 32766 25 50 16 73 16 81 
54823 1981 6 22 9980 9989 9950 259 298 213 187 59 26 0 71 32766 20 50 4 85 2 90 
54823 1981 6 23 9993 10006 9974 279 328 218 143 39 25 0 132 32766 33 60 11 99 9 119 
54823 1981 6 24 9997 10006 9983 235 294 224 194 67 36 0 71 32766 60 80 10 115 10 32 
54823 1981 6 25 9966 10002 9934 246 315 188 215 71 47 0 77 32766 20 80 11 112 10 129 
54823 1981 6 26 9913 9953 9890 269 324 211 208 60 39 32700 102 32766 40 63 11 97 9 116 
54823 1981 6 27 9944 9962 9898 290 333 246 185 49 17 32700 135 32766 33 63 4 85 9 115 
54823 1981 6 28 9970 9983 9962 285 347 207 149 42 15 0 120 32766 15 40 5 59 4 125 
54823 1981 6 29 9978 9991 9959 301 349 247 129 33 14 0 175 32766 38 70 11 120 8 132 
54823 1981 6 30 9975 9990 9954 280 322 220 135 36 20 0 119 32766 23 63 8 106 8 126 
54823 1981 7 1 9965 9970 9951 259 299 221 239 72 34 0 81 32766 33 60 4 80 3 80 
54823 1981 7 2 9981 9995 9965 272 332 214 225 66 31 0 86 32766 13 47 4 54 4 102 
54823 1981 7 3 9972 9994 9940 286 308 259 275 70 46 44 57 32766 43 70 10 111 8 0 
54823 1981 7 4 9921 9949 9908 304 332 260 267 62 50 29 131 32766 88 127 12 230 10 37 
54823 1981 7 5 9964 9969 9933 265 299 244 299 87 64 316 40 32766 25 63 10 96 10 0 
54823 1981 7 6 9988 9996 9969 275 310 245 294 81 56 0 47 32766 15 37 4 37 5 53 
54823 1981 7 7 9984 10010 9953 273 317 240 291 81 41 5 45 32766 20 60 8 95 8 61 
54823 1981 7 8 9935 9955 9915 282 299 252 282 73 60 16 56 32766 38 90 10 148 9 18 
54823 1981 7 9 9967 9976 9949 275 317 238 240 67 41 0 71 32766 15 27 11 29 12 71 
54823 1981 7 10 9973 9982 9960 285 327 233 217 57 39 0 84 32766 18 30 9 56 9 101 
54823 1981 7 11 9987 9998 9974 286 332 226 197 52 28 0 109 32766 25 57 5 77 4 131 
54823 1981 7 12 9997 10016 9981 286 324 232 211 56 41 0 87 32766 18 37 14 74 1 118 
54823 1981 7 13 9992 10012 9969 300 342 233 192 47 23 0 121 32766 28 50 12 96 12 127 
54823 1981 7 14 9970 9979 9960 276 317 246 290 79 42 34 40 32766 25 57 10 83 10 4 
54823 1981 7 15 9973 9986 9954 262 293 233 285 85 68 19 42 32766 20 50 3 63 3 30 
54823 1981 7 16 9967 9977 9946 244 276 227 281 92 80 179 24 32766 18 50 9 89 8 11 
54823 1981 7 17 9993 10005 9977 279 325 240 300 82 55 0 46 32766 15 37 9 63 9 80 
54823 1981 7 18 10001 10015 9987 299 347 257 319 76 57 20 58 32766 20 70 4 93 3 65 
54823 1981 7 19 10011 10023 9993 310 354 263 312 71 50 0 63 32766 20 30 11 43 12 98 
54823 1981 7 20 10019 10033 10003 309 343 259 274 62 44 0 84 32766 13 40 9 50 9 121 
54823 1981 7 21 10014 10028 9996 309 357 256 290 66 46 0 98 32766 33 50 11 66 11 126 
54823 1981 7 22 9999 10008 9977 317 360 271 296 65 45 0 104 32766 30 60 9 80 9 129 
54823 1981 7 23 9990 10004 9967 312 348 265 297 66 53 0 77 32766 25 43 9 73 9 88 
54823 1981 7 24 9975 9988 9957 302 328 269 294 69 53 32700 48 32766 25 30 4 32 8 14 
54823 1981 7 25 9964 9986 9949 266 300 250 305 88 66 192 47 32766 45 90 4 113 3 0 
54823 1981 7 26 9952 9967 9939 268 294 249 331 94 81 209 28 32766 35 57 5 71 4 9 
54823 1981 7 27 9935 9953 9917 283 322 247 323 85 64 0 58 32766 15 27 1 32 1 104 
54823 1981 7 28 9953 9965 9928 297 330 261 323 78 61 0 65 32766 20 37 4 42 2 114 
54823 1981 7 29 9986 9997 9963 296 329 259 322 79 54 0 79 32766 28 60 4 73 3 118 
54823 1981 7 30 9990 10008 9978 290 321 249 289 73 47 0 95 32766 35 57 4 72 3 126 
54823 1981 7 31 9981 9997 9966 279 309 253 331 88 66 18 40 32766 15 47 4 52 4 75 
54823 1981 8 1 9990 10000 9967 300 338 253 332 79 59 169 77 32766 20 57 5 84 5 74 
54823 1981 8 2 10008 10023 9993 309 353 266 290 66 48 0 92 32766 35 53 10 84 10 122 
54823 1981 8 3 10000 10013 9987 315 348 276 312 68 54 0 82 32766 25 50 10 79 8 107 
54823 1981 8 4 10001 10014 9988 233 318 197 248 87 65 212 49 32766 45 110 4 150 4 8 
54823 1981 8 5 9986 10012 9965 225 249 203 208 77 65 0 40 32766 30 43 4 48 3 8 
54823 1981 8 6 9944 9965 9929 226 241 207 220 81 58 6 22 32766 18 43 5 50 4 0 
54823 1981 8 7 9939 9954 9922 258 327 197 281 84 66 0 55 32766 20 40 14 48 13 88 
54823 1981 8 8 9939 9947 9927 292 344 245 272 67 41 0 72 32766 28 33 1 71 12 110 
54823 1981 8 9 9963 9967 9944 282 328 233 222 60 38 0 98 32766 35 50 5 92 3 87 
54823 1981 8 10 9979 9987 9963 257 287 229 257 78 58 20 43 32766 25 40 10 94 16 20 
54823 1981 8 11 9991 10004 9978 265 313 221 254 74 50 0 68 32766 25 40 11 71 10 117 
54823 1981 8 12 9994 10005 9980 275 325 230 232 66 39 0 74 32766 15 37 11 98 9 107 
54823 1981 8 13 10010 10026 9987 278 317 243 253 68 52 0 67 32766 25 70 4 132 4 98 
54823 1981 8 14 10025 10044 10009 285 332 232 187 50 22 32700 104 32766 20 53 8 101 8 113 
54823 1981 8 15 10002 10019 9976 270 304 229 257 72 55 32700 48 32766 10 30 14 64 1 56 
54823 1981 8 16 9953 9983 9938 259 290 226 289 87 64 413 44 32766 33 70 8 140 8 0 
54823 1981 8 17 9963 9976 9943 256 302 226 281 86 63 21 42 32766 20 50 12 101 11 79 
54823 1981 8 18 9982 9994 9971 272 311 241 277 78 54 32700 38 32766 15 23 13 46 10 33 
54823 1981 8 19 9974 9988 9959 246 270 214 265 86 70 47 16 32766 10 30 2 64 1 0 
54823 1981 8 20 9959 9969 9952 239 275 217 259 88 66 15 31 32766 20 33 4 61 3 46 
54823 1981 8 21 9966 9973 9955 260 304 210 262 79 56 0 42 32766 13 27 15 45 15 72 
54823 1981 8 22 9965 9976 9957 284 327 248 251 66 38 0 60 32766 15 43 9 69 8 101 
54823 1981 8 23 9963 9972 9958 257 288 224 255 77 53 9 27 32766 13 20 10 45 6 16 
54823 1981 8 24 9954 9976 9936 214 245 199 240 94 74 32 10 32766 10 47 4 69 4 0 
54823 1981 8 25 9960 9986 9939 234 277 209 246 86 62 1 34 32766 5 27 16 46 16 38 
54823 1981 8 26 10011 10024 9986 246 305 197 183 61 33 0 73 32766 13 33 15 60 15 121 
54823 1981 8 27 10018 10032 10001 264 321 211 170 51 30 0 91 32766 20 40 11 84 11 104 
54823 1981 8 28 9986 10008 9962 264 307 224 174 52 33 0 92 32766 38 60 11 109 10 117 
54823 1981 8 29 9978 9987 9966 273 314 240 204 56 51 0 85 32766 48 60 10 115 9 60 
54823 1981 8 30 10003 10011 9987 279 327 235 238 65 39 0 76 32766 15 37 9 73 9 101 
54823 1981 8 31 10018 10026 10009 264 289 229 241 70 56 32700 40 32766 18 40 4 74 4 22 
54823 1981 9 1 10033 10047 10018 254 302 225 221 70 47 0 92 32766 60 90 4 156 3 100 
54823 1981 9 2 10032 10043 10015 228 287 190 187 70 38 0 83 32766 35 70 4 125 3 93 
54823 1981 9 3 10015 10033 10003 230 287 177 159 59 37 0 88 32766 33 60 4 102 2 112 
54823 1981 9 4 10048 10064 10024 238 295 170 157 55 36 0 76 32766 13 47 1 85 1 106 
54823 1981 9 5 10074 10082 10059 251 320 177 155 52 22 0 78 32766 13 37 4 75 5 91 
54823 1981 9 6 10091 10108 10074 268 316 215 188 55 35 0 80 32766 20 33 14 59 13 97 
54823 1981 9 7 10076 10091 10055 246 274 233 173 56 47 32700 67 32766 28 57 12 111 11 0 
54823 1981 9 8 10034 10060 10018 240 301 193 155 54 30 0 93 32766 40 50 12 97 12 110 
54823 1981 9 9 10103 10130 10049 198 243 168 134 59 39 0 69 32766 45 80 4 132 3 78 
54823 1981 9 10 10084 10113 10055 218 278 155 130 51 32 0 79 32766 23 37 12 69 11 114 
54823 1981 9 11 10053 10074 10042 234 274 209 154 53 34 0 81 32766 53 53 10 118 10 101 
54823 1981 9 12 10111 10129 10074 209 261 152 130 56 29 0 80 32766 33 63 5 109 4 115 
54823 1981 9 13 10138 10151 10115 224 280 161 121 46 22 0 64 32766 18 30 15 87 13 65 
54823 1981 9 14 10150 10162 10136 225 295 154 110 43 19 0 82 32766 28 40 13 80 10 99 
54823 1981 9 15 10145 10163 10127 238 290 192 123 42 31 0 98 32766 43 73 11 143 13 105 
54823 1981 9 16 10120 10138 10093 248 293 211 107 35 24 0 143 32766 58 90 11 163 10 111 
54823 1981 9 17 10079 10111 10051 244 288 203 108 36 24 0 130 32766 63 93 10 163 9 107 
54823 1981 9 18 10049 10063 10031 255 301 204 143 44 30 0 103 32766 28 50 9 122 9 106 
54823 1981 9 19 10048 10060 10034 272 322 196 160 45 32 0 110 32766 35 70 11 133 9 109 
54823 1981 9 20 10073 10087 10048 281 323 243 165 44 32 0 123 32766 45 87 11 164 9 105 
54823 1981 9 21 10100 10121 10079 277 327 230 146 41 19 0 106 32766 30 57 11 102 10 109 
54823 1981 9 22 10101 10122 10080 248 299 203 158 51 37 0 78 32766 23 33 14 66 7 109 
54823 1981 9 23 10068 10093 10049 237 294 192 162 57 33 0 63 32766 20 47 1 89 1 84 
54823 1981 9 24 10043 10057 10034 233 289 194 173 63 36 0 69 32766 23 47 3 91 4 80 
54823 1981 9 25 10073 10094 10052 246 307 167 147 51 25 0 71 32766 23 40 15 63 10 108 
54823 1981 9 26 10073 10096 10055 261 318 214 126 39 20 0 101 32766 35 60 12 108 11 107 
54823 1981 9 27 10111 10153 10059 178 262 124 133 67 37 3 40 32766 70 133 4 210 3 3 
54823 1981 9 28 10146 10169 10116 112 141 86 100 76 57 8 21 32766 23 60 4 101 3 5 
54823 1981 9 29 10111 10132 10091 124 159 99 113 80 56 3 25 32766 10 30 15 50 14 20 
54823 1981 9 30 10066 10096 10044 159 223 113 119 69 40 0 37 32766 23 50 10 84 10 55 
54823 1981 10 1 10070 10092 10053 176 234 134 96 52 12 0 60 32766 28 50 11 96 15 82 
54823 1981 10 2 10107 10120 10077 168 237 91 66 37 15 0 55 32766 15 33 3 72 3 76 
54823 1981 10 3 10122 10143 10103 181 228 136 95 47 24 0 52 32766 15 33 4 50 4 16 
54823 1981 10 4 10085 10115 10063 156 187 125 139 79 53 44 25 32766 30 50 11 98 11 11 
54823 1981 10 5 10081 10098 10064 184 248 127 126 62 32 0 53 32766 25 50 12 82 12 68 
54823 1981 10 6 10072 10087 10058 186 220 165 130 61 43 0 43 32766 28 43 12 79 10 21 
54823 1981 10 7 10073 10088 10054 180 217 146 149 73 57 0 30 32766 18 33 12 56 11 50 
54823 1981 10 8 10154 10189 10069 116 183 87 54 36 16 0 77 32766 55 93 16 177 14 103 
54823 1981 10 9 10152 10177 10128 132 210 68 39 26 16 0 75 32766 33 53 14 96 11 106 
54823 1981 10 10 10111 10136 10088 174 226 130 46 23 15 0 96 32766 38 73 11 128 11 104 
54823 1981 10 11 10108 10120 10095 190 247 140 75 35 19 0 99 32766 33 53 10 100 10 103 
54823 1981 10 12 10126 10139 10108 181 235 132 94 46 25 0 72 32766 33 80 11 142 11 62 
54823 1981 10 13 10208 10233 10139 135 180 109 91 61 38 0 55 32766 40 97 4 136 3 86 
54823 1981 10 14 10188 10225 10145 130 184 95 71 48 30 0 45 32766 20 40 5 73 10 40 
54823 1981 10 15 10105 10153 10078 166 210 132 86 45 37 0 78 32766 50 73 11 133 10 84 
54823 1981 10 16 10080 10097 10061 178 222 132 109 54 39 0 61 32766 35 67 11 123 10 78 
54823 1981 10 17 10082 10095 10063 161 186 145 143 79 57 4 20 32766 18 33 3 54 3 0 
54823 1981 10 18 10134 10148 10095 150 197 118 121 74 42 0 43 32766 35 70 4 96 4 62 
54823 1981 10 19 10167 10179 10145 157 205 128 88 51 29 32700 70 32766 38 63 4 112 4 76 
54823 1981 10 20 10142 10168 10114 149 202 98 99 61 33 0 58 32766 35 63 4 93 3 83 
54823 1981 10 21 10109 10133 10082 117 160 108 124 90 58 111 10 32766 25 53 2 112 1 0 
54823 1981 10 22 10210 10231 10133 59 117 27 37 40 28 0 62 32766 48 80 16 150 1 91 
54823 1981 10 23 10179 10221 10134 70 134 4 34 37 19 0 48 32766 45 73 11 129 11 101 
54823 1981 10 24 10153 10166 10134 100 167 43 44 38 19 0 57 32766 23 47 11 69 12 98 
54823 1981 10 25 10196 10212 10166 106 169 54 47 39 20 0 47 32766 20 47 5 71 5 101 
54823 1981 10 26 10184 10209 10145 137 192 61 43 29 13 0 78 32766 43 70 12 147 9 96 
54823 1981 10 27 10157 10169 10147 145 168 109 75 47 27 3 68 32766 43 77 10 135 10 0 
54823 1981 10 28 10140 10170 10128 116 168 87 64 51 13 32700 51 32766 33 60 9 106 13 89 
54823 1981 10 29 10096 10129 10073 152 192 107 57 33 20 0 62 32766 33 70 10 144 9 84 
54823 1981 10 30 10074 10111 10048 164 209 142 87 47 31 0 68 32766 48 77 11 176 9 91 
54823 1981 10 31 10198 10218 10111 87 142 53 37 34 13 0 70 32766 55 80 4 120 4 96 
54823 1981 11 1 10169 10209 10138 85 135 34 57 52 35 32700 39 32766 15 50 4 68 10 32 
54823 1981 11 2 10086 10140 10054 99 152 63 83 71 40 14 31 32766 38 73 11 121 11 85 
54823 1981 11 3 10168 10199 10094 68 115 26 37 38 21 0 49 32766 33 70 4 108 3 95 
54823 1981 11 4 10208 10226 10199 64 95 27 31 34 22 0 56 32766 48 80 4 112 4 13 
54823 1981 11 5 10238 10263 10211 72 96 53 58 58 36 0 30 32766 15 40 4 58 4 0 
54823 1981 11 6 10301 10314 10263 48 77 28 53 62 41 0 33 32766 38 63 4 107 3 40 
54823 1981 11 7 10331 10352 10314 19 53 -13 27 40 26 0 37 32766 20 60 4 89 4 89 
54823 1981 11 8 10282 10330 10251 34 84 -5 24 32 18 0 30 32766 23 43 13 72 11 85 
54823 1981 11 9 10213 10252 10191 51 102 12 26 30 20 0 32 32766 30 47 11 81 11 90 
54823 1981 11 10 10183 10196 10172 90 143 57 37 32 23 0 60 32766 23 50 10 80 10 91 
54823 1981 11 11 10189 10210 10164 100 172 41 39 34 16 0 47 32766 28 40 13 74 13 87 
54823 1981 11 12 10155 10167 10148 121 172 84 52 37 30 0 53 32766 38 77 11 124 11 89 
54823 1981 11 13 10183 10203 10158 95 160 39 61 56 26 0 37 32766 13 30 10 49 3 83 
54823 1981 11 14 10129 10173 10083 132 183 56 65 44 29 0 54 32766 45 77 10 119 10 73 
54823 1981 11 15 10088 10111 10059 122 168 68 68 49 27 0 54 32766 25 63 10 133 10 82 
54823 1981 11 16 10159 10249 10070 54 126 11 53 63 28 32700 25 32766 43 110 4 172 3 15 
54823 1981 11 17 10247 10270 10220 5 55 -38 34 60 25 0 22 32766 18 50 4 65 4 84 
54823 1981 11 18 10180 10220 10150 49 98 -5 34 40 25 0 30 32766 28 53 12 88 11 83 
54823 1981 11 19 10129 10156 10105 77 141 31 62 61 39 0 28 32766 13 43 12 77 10 73 
54823 1981 11 20 10184 10205 10127 71 121 33 59 61 41 0 31 32766 33 60 4 97 3 81 
54823 1981 11 21 10209 10224 10191 70 134 13 41 47 17 0 39 32766 18 53 4 74 4 75 
54823 1981 11 22 10167 10199 10139 83 105 67 58 53 27 0 20 32766 10 40 4 60 11 0 
54823 1981 11 23 10182 10203 10140 51 91 31 45 53 18 0 31 32766 38 67 4 92 4 68 
54823 1981 11 24 10203 10218 10187 41 81 1 26 31 22 0 43 32766 43 70 4 96 3 44 
54823 1981 11 25 10170 10195 10149 49 70 28 52 60 35 32700 22 32766 23 53 5 76 4 0 
54823 1981 11 26 10232 10252 10177 21 58 -11 40 57 22 3 29 32766 33 60 4 84 2 80 
54823 1981 11 27 10274 10289 10252 8 48 -29 26 41 25 0 16 32766 23 47 4 80 3 86 
54823 1981 11 28 10248 10274 10226 26 85 -36 30 43 23 0 27 32766 15 57 10 98 10 81 
54823 1981 11 29 10244 10260 10226 59 96 34 45 50 34 0 40 32766 33 70 10 118 10 75 
54823 1981 11 30 10312 10331 10260 -1 48 -36 50 82 64 13 4 32766 50 77 3 124 2 0 
54823 1981 12 1 10376 10394 10329 -61 -35 -83 21 55 27 0 14 32766 25 53 2 83 2 85 
54823 1981 12 2 10356 10399 10318 -46 7 -91 18 43 25 0 10 32766 23 37 11 65 10 78 
54823 1981 12 3 10241 10319 10206 -9 35 -50 22 36 30 0 16 32766 40 63 11 113 10 29 
54823 1981 12 4 10214 10239 10197 19 67 -30 36 51 36 0 12 32766 28 43 12 61 11 72 
54823 1981 12 5 10253 10278 10224 0 66 -57 24 42 18 0 12 32766 25 47 4 63 2 83 
54823 1981 12 6 10213 10225 10200 23 53 -19 27 37 26 0 30 32766 23 40 10 64 10 50 
54823 1981 12 7 10202 10224 10185 37 100 -32 28 37 21 0 29 32766 33 47 11 75 12 83 
54823 1981 12 8 10198 10214 10179 62 116 27 31 34 18 0 45 32766 38 43 13 75 10 82 
54823 1981 12 9 10239 10254 10214 33 90 -8 39 53 24 0 25 32766 5 37 5 56 16 82 
54823 1981 12 10 10217 10251 10182 50 118 3 33 40 22 0 30 32766 25 40 12 60 12 81 
54823 1981 12 11 10168 10187 10149 55 91 10 34 40 26 0 39 32766 28 60 10 100 10 79 
54823 1981 12 12 10248 10282 10187 21 68 -22 34 50 23 0 18 32766 23 70 4 100 3 75 
54823 1981 12 13 10308 10329 10282 12 53 -22 30 46 27 0 14 32766 10 23 4 32 4 56 
54823 1981 12 14 10300 10316 10280 1 39 -44 27 43 36 0 9 32766 23 37 4 91 14 81 
54823 1981 12 15 10264 10283 10247 11 60 -41 24 39 20 0 16 32766 15 50 11 72 10 42 
54823 1981 12 16 10268 10285 10252 16 64 -24 34 52 33 0 12 32766 18 33 3 46 3 65 
54823 1981 12 17 10308 10329 10285 13 72 -27 40 61 42 0 10 32766 20 33 4 41 14 45 
54823 1981 12 18 10292 10329 10260 -26 16 -55 33 64 28 35 7 32766 20 47 13 101 13 62 
54823 1981 12 19 10229 10260 10207 -34 27 -91 18 38 25 0 19 32766 45 67 12 97 11 74 
54823 1981 12 20 10196 10209 10188 25 84 -16 27 38 22 0 32 32766 30 50 11 77 10 84 
54823 1981 12 21 10168 10197 10150 53 111 8 27 32 18 0 38 32766 30 50 11 79 11 81 
54823 1981 12 22 10142 10155 10132 36 76 -15 36 47 29 0 23 32766 20 47 11 76 10 83 
54823 1981 12 23 10191 10209 10155 10 57 -33 30 47 22 0 20 32766 30 50 4 74 4 84 
54823 1981 12 24 10161 10206 10110 41 101 -25 33 42 26 0 30 32766 53 97 10 168 9 73 
54823 1981 12 25 10133 10157 10111 50 86 8 52 60 35 0 39 32766 23 100 10 199 10 40 
54823 1981 12 26 10085 10131 10062 63 125 -2 42 51 17 0 37 32766 38 70 11 105 10 78 
54823 1981 12 27 10081 10099 10062 80 113 42 54 51 18 0 55 32766 43 83 11 145 10 66 
54823 1981 12 28 10142 10202 10086 6 46 -9 57 89 63 32700 9 32766 50 70 4 103 3 0 
54823 1981 12 29 10249 10274 10202 -40 -7 -68 20 43 17 0 20 32766 23 60 4 86 3 74 
54823 1981 12 30 10189 10238 10166 6 50 -50 21 33 14 0 24 32766 35 60 12 86 11 63 
54823 1981 12 31 10209 10235 10173 -17 12 -37 27 52 16 0 23 32766 33 63 11 120 10 77 
54823 1982 1 1 10193 10222 10174 -11 62 -60 28 51 23 0 12 32766 18 47 10 91 10 67 
54823 1982 1 2 10179 10207 10157 4 57 -39 42 67 52 0 7 32766 18 37 4 42 4 61 
54823 1982 1 3 10162 10185 10139 20 48 1 49 69 48 0 12 32766 13 40 16 58 15 14 
54823 1982 1 4 10217 10230 10185 -1 40 -36 47 78 63 0 8 32766 15 33 3 50 3 63 
54823 1982 1 5 10182 10234 10141 16 66 -33 36 57 31 0 22 32766 20 63 11 110 9 73 
54823 1982 1 6 10222 10285 10151 1 48 -36 41 67 45 0 30 32766 60 110 4 164 4 48 
54823 1982 1 7 10220 10293 10154 -28 42 -95 32 66 22 0 19 32766 35 70 10 140 10 77 
