V01000 V04001 V04002 V04003 V10004 V10201 V10202 V12001 V12052 V12053 V13004 V13003 V13007 V13201 V13241 V13242 V11002 V11042 V11212 V11041 V11043 V14032
54823 1962 1 8 10208 32766 32766 18 57 -27 37 54 41 0 11 32766 20 32766 32766 41 3 21 
54823 1962 1 9 10199 32766 32766 -1 37 -30 50 84 62 32700 3 32766 13 32766 32766 88 14 0 
54823 1962 1 10 10189 32766 32766 -13 24 -42 48 86 65 32700 4 32766 8 32766 32766 62 12 7 
54823 1962 1 11 10162 32766 32766 11 89 -33 41 68 25 32001 15 32766 13 32766 32766 91 14 82 
54823 1962 1 12 10140 32766 32766 26 62 10 54 73 52 0 11 32766 8 32766 32766 81 3 0 
54823 1962 1 13 10189 32766 32766 3 51 -37 44 75 32 0 15 32766 23 32766 32766 100 5 64 
54823 1962 1 14 10222 32766 32766 3 50 -21 36 59 23 0 24 32766 45 32766 32766 123 6 49 
54823 1962 1 15 10251 32766 32766 -21 4 -33 33 64 28 0 18 32766 15 32766 32766 127 3 75 
54823 1962 1 16 10232 32766 32766 -31 23 -73 22 47 28 0 18 32766 18 32766 32766 89 16 83 
54823 1962 1 17 10167 32766 32766 10 62 -26 31 47 30 0 25 32766 35 32766 32766 100 14 86 
54823 1962 1 18 10205 32766 32766 -26 17 -58 24 49 32 0 22 32766 25 32766 32766 120 2 90 
54823 1962 1 19 10254 32766 32766 -26 19 -60 24 48 34 0 14 32766 3 32766 32766 74 3 89 
54823 1962 1 20 10235 32766 32766 -11 56 -67 26 48 19 0 18 32766 18 32766 32766 57 14 90 
54823 1962 1 21 10210 32766 32766 1 52 -34 32 52 29 0 19 32766 10 32766 32766 60 3 89 
54823 1962 1 22 10224 32766 32766 -29 18 -60 35 73 32 0 14 32766 25 32766 32766 113 3 81 
54823 1962 1 23 10271 32766 32766 -38 7 -70 22 49 26 0 18 32766 13 32766 32766 100 5 92 
54823 1962 1 24 10243 32766 32766 -26 30 -70 22 45 25 0 18 32766 13 32766 32766 71 1 90 
54823 1962 1 25 10205 32766 32766 -31 8 -62 22 46 29 0 17 32766 18 32766 32766 100 3 90 
54823 1962 1 26 10181 32766 32766 -29 23 -79 20 43 20 0 24 32766 30 32766 32766 133 2 92 
54823 1962 1 27 10198 32766 32766 -26 35 -66 20 41 18 0 16 32766 10 32766 32766 88 15 92 
54823 1962 1 28 10183 32766 32766 13 68 -38 19 28 19 0 33 32766 25 32766 32766 110 13 88 
54823 1962 1 29 10262 32766 32766 -31 14 -66 17 35 23 0 27 32766 25 32766 32766 144 3 91 
54823 1962 1 30 10329 32766 32766 -44 -1 -81 14 33 16 0 22 32766 33 32766 32766 120 3 93 
54823 1962 1 31 10328 32766 32766 -36 37 -103 17 38 17 0 13 32766 10 32766 32766 57 14 88 
54823 1962 2 1 10286 32766 32766 -3 57 -48 20 33 20 0 26 32766 18 32766 32766 103 11 62 
54823 1962 2 2 10248 32766 32766 29 84 -13 24 33 19 0 35 32766 35 32766 32766 108 13 89 
54823 1962 2 3 10239 32766 32766 16 86 -47 23 39 6 0 36 32766 23 32766 32766 52 4 93 
54823 1962 2 4 10192 32766 32766 64 136 -14 24 26 11 0 55 32766 25 32766 32766 128 11 87 
54823 1962 2 5 10210 32766 32766 39 107 -5 32 41 24 0 47 32766 53 32766 32766 114 4 79 
54823 1962 2 6 10193 32766 32766 22 94 -23 45 65 35 0 23 32766 18 32766 32766 66 32766 81 
54823 1962 2 7 10165 32766 32766 16 57 -21 50 73 67 32700 9 32766 13 32766 32766 51 2 0 
54823 1962 2 8 10158 32766 32766 22 45 5 67 94 83 25 7 32766 8 32766 32766 52 4 0 
54823 1962 2 9 10121 32766 32766 28 46 15 73 98 89 39 0 32766 8 32766 32766 69 5 0 
54823 1962 2 10 10060 32766 32766 24 41 6 65 90 70 143 6 32766 33 32766 32766 101 14 6 
54823 1962 2 11 10202 32766 32766 15 50 2 49 73 63 0 22 32766 43 32766 32766 147 5 70 
54823 1962 2 12 10275 32766 32766 -8 26 -32 44 77 53 0 12 32766 48 32766 32766 118 3 44 
54823 1962 2 13 10283 32766 32766 -9 31 -43 41 72 38 0 18 32766 40 32766 32766 118 12 94 
54823 1962 2 14 10220 32766 32766 11 47 -7 44 68 30 0 27 32766 40 32766 32766 166 2 98 
54823 1962 2 15 10271 32766 32766 -5 45 -43 33 58 23 0 21 32766 18 32766 32766 74 13 100 
54823 1962 2 16 10196 32766 32766 40 97 0 32 41 18 0 45 32766 33 32766 32766 92 10 100 
54823 1962 2 17 10118 32766 32766 51 98 5 33 39 21 0 60 32766 73 32766 32766 238 15 99 
54823 1962 2 18 10133 32766 32766 35 102 -14 35 47 19 32700 50 32766 38 32766 32766 187 1 83 
54823 1962 2 19 10184 32766 32766 18 62 -29 29 45 24 0 32 32766 30 32766 32766 201 10 98 
54823 1962 2 20 10057 32766 32766 100 171 45 34 28 319 0 121 32766 70 32766 32766 215 10 101 
54823 1962 2 21 10068 32766 32766 57 123 12 60 66 41 0 40 32766 48 32766 32766 131 3 80 
54823 1962 2 22 10080 32766 32766 13 64 -10 60 89 75 0 12 32766 23 32766 32766 90 3 17 
54823 1962 2 23 10111 32766 32766 5 40 -8 52 82 60 0 23 32766 58 32766 32766 179 3 40 
54823 1962 2 24 10159 32766 32766 -14 24 -26 39 71 46 31007 19 32766 75 32766 32766 162 3 12 
54823 1962 2 25 10199 32766 32766 -22 10 -46 42 82 54 31007 14 32766 25 32766 32766 81 1 67 
54823 1962 2 26 10209 32766 32766 -19 14 -42 34 66 39 0 11 32766 15 32766 32766 78 5 45 
54823 1962 2 27 10181 32766 32766 25 87 -23 37 52 16 0 32 32766 25 32766 32766 82 13 100 
54823 1962 2 28 10143 32766 32766 56 122 13 48 54 29 32700 59 32766 75 32766 32766 208 1 94 
54823 1962 3 1 10238 32766 32766 7 55 -31 35 57 10 32700 33 32766 25 32766 32766 146 1 104 
54823 1962 3 2 10228 32766 32766 49 116 -21 26 32 11 0 61 32766 43 32766 32766 160 11 105 
54823 1962 3 3 10188 32766 32766 114 178 68 39 29 21 0 111 32766 68 32766 32766 178 9 98 
54823 1962 3 4 10169 32766 32766 126 186 81 65 46 27 0 56 32766 15 32766 32766 87 1 87 
54823 1962 3 5 10106 32766 32766 109 187 33 68 57 27 0 66 32766 35 32766 32766 161 12 103 
54823 1962 3 6 10117 32766 32766 39 143 -19 57 77 35 31007 43 32766 68 32766 32766 270 2 17 
54823 1962 3 7 10187 32766 32766 14 106 -60 36 62 14 0 41 32766 30 32766 32766 141 10 95 
54823 1962 3 8 10091 32766 32766 74 109 45 37 35 22 0 87 32766 80 32766 32766 210 10 33 
54823 1962 3 9 10119 32766 32766 64 113 20 45 47 37 0 51 32766 50 32766 32766 131 2 99 
54823 1962 3 10 10139 32766 32766 50 122 -12 51 61 32 0 39 32766 15 32766 32766 77 1 101 
54823 1962 3 11 10080 32766 32766 102 173 49 44 38 15 0 79 32766 45 32766 32766 120 12 105 
54823 1962 3 12 10051 32766 32766 155 225 108 45 26 14 0 112 32766 25 32766 32766 100 12 109 
54823 1962 3 13 10015 32766 32766 187 257 128 45 22 11 0 126 32766 43 32766 32766 138 10 107 
54823 1962 3 14 10040 32766 32766 121 202 76 54 38 20 0 107 32766 55 32766 32766 175 2 94 
54823 1962 3 15 10115 32766 32766 48 97 10 34 43 18 0 59 32766 30 32766 32766 166 3 108 
54823 1962 3 16 10171 32766 32766 14 56 -23 18 27 21 0 59 32766 58 32766 32766 200 2 108 
54823 1962 3 17 10100 32766 32766 82 144 12 26 26 10 0 75 32766 33 32766 32766 130 10 96 
54823 1962 3 18 10039 32766 32766 72 141 1 57 58 32 0 46 32766 30 32766 32766 111 9 92 
54823 1962 3 19 10062 32766 32766 55 109 33 72 81 55 0 24 32766 63 32766 32766 204 2 7 
54823 1962 3 20 10152 32766 32766 39 87 9 47 61 29 32700 45 32766 50 32766 32766 132 2 83 
54823 1962 3 21 10176 32766 32766 35 83 -10 38 52 27 0 40 32766 20 32766 32766 117 1 92 
54823 1962 3 22 10173 32766 32766 40 85 0 31 39 22 0 50 32766 13 32766 32766 121 16 106 
54823 1962 3 23 10177 32766 32766 45 96 -3 29 36 17 0 56 32766 25 32766 32766 138 15 110 
54823 1962 3 24 10107 32766 32766 61 141 -19 29 35 12 0 76 32766 28 32766 32766 145 12 110 
54823 1962 3 25 10134 32766 32766 42 104 12 34 40 28 32700 59 32766 45 32766 32766 196 1 85 
54823 1962 3 26 10150 32766 32766 37 116 -47 17 26 8 0 70 32766 55 32766 32766 180 11 113 
54823 1962 3 27 10047 32766 32766 128 194 85 28 19 14 0 141 32766 53 32766 32766 205 1 103 
54823 1962 3 28 10215 32766 32766 36 124 -7 24 31 6 0 80 32766 63 32766 32766 194 2 109 
54823 1962 3 29 10223 32766 32766 60 121 -11 22 25 3 0 54 32766 8 32766 32766 74 1 114 
54823 1962 3 30 10127 32766 32766 109 176 49 27 21 16 0 125 32766 58 32766 32766 194 10 113 
54823 1962 3 31 10039 32766 32766 169 227 120 54 27 19 0 156 32766 90 32766 32766 208 8 108 
54823 1962 4 1 10011 32766 32766 132 194 47 103 70 41 197 62 32766 80 32766 32766 210 1 0 
54823 1962 4 2 10164 32766 32766 20 50 -2 40 57 31 8 47 32766 60 32766 32766 172 3 83 
54823 1962 4 3 10153 32766 32766 31 81 -19 29 39 24 32700 55 32766 38 32766 32766 134 1 114 
54823 1962 4 4 10084 32766 32766 105 176 44 31 24 11 0 146 32766 68 32766 32766 174 11 115 
54823 1962 4 5 10061 32766 32766 129 175 87 49 33 21 0 96 32766 50 32766 32766 158 10 63 
54823 1962 4 6 10083 32766 32766 113 181 64 86 66 35 0 66 32766 28 32766 32766 124 2 110 
54823 1962 4 7 10081 32766 32766 87 123 68 99 88 69 32700 18 32766 38 32766 32766 174 2 0 
54823 1962 4 8 10112 32766 32766 121 172 73 76 57 31 32700 68 32766 33 32766 32766 131 3 80 
54823 1962 4 9 10154 32766 32766 113 155 90 62 48 20 0 59 32766 15 32766 32766 147 1 61 
54823 1962 4 10 10145 32766 32766 137 202 57 45 31 14 0 107 32766 35 32766 32766 32766 32766 118 
54823 1962 4 11 10096 32766 32766 156 216 69 48 29 14 0 132 32766 55 32766 32766 152 10 117 
54823 1962 4 12 10122 32766 32766 130 174 90 29 20 8 0 125 32766 53 32766 32766 178 10 109 
54823 1962 4 13 10165 32766 32766 115 174 54 47 36 20 0 77 32766 18 32766 32766 94 2 119 
54823 1962 4 14 10060 32766 32766 166 231 108 36 20 11 0 156 32766 60 32766 32766 155 10 115 
54823 1962 4 15 10021 32766 32766 210 266 157 61 25 19 0 194 32766 98 32766 32766 207 10 104 
54823 1962 4 16 10040 32766 32766 186 251 106 96 50 26 128 160 32766 85 32766 32766 219 9 39 
54823 1962 4 17 10169 32766 32766 86 128 56 58 53 18 89 84 32766 55 32766 32766 246 2 100 
54823 1962 4 18 10149 32766 32766 138 205 82 36 23 10 0 146 32766 55 32766 32766 139 11 118 
54823 1962 4 19 10057 32766 32766 180 237 123 45 22 12 0 208 32766 93 32766 32766 228 10 115 
54823 1962 4 20 10029 32766 32766 217 278 160 80 33 5 0 170 32766 33 32766 32766 152 10 118 
54823 1962 4 21 10082 32766 32766 222 307 133 58 27 5 0 139 32766 28 32766 32766 126 8 116 
54823 1962 4 22 10068 32766 32766 219 263 191 116 46 22 32700 118 32766 35 32766 32766 216 9 21 
54823 1962 4 23 10150 32766 32766 122 191 97 76 50 31 0 94 32766 80 32766 32766 234 3 33 
54823 1962 4 24 10125 32766 32766 112 164 70 57 44 29 0 60 32766 18 32766 32766 73 2 22 
54823 1962 4 25 10074 32766 32766 132 198 57 57 39 24 0 81 32766 18 32766 32766 77 2 120 
54823 1962 4 26 10041 32766 32766 156 247 90 107 62 34 55 58 32766 13 32766 32766 186 1 51 
54823 1962 4 27 10145 32766 32766 130 186 83 63 44 13 53 89 32766 40 32766 32766 175 1 126 
54823 1962 4 28 10129 32766 32766 176 241 118 49 26 12 0 140 32766 43 32766 32766 114 11 103 
54823 1962 4 29 10097 32766 32766 185 236 114 86 42 31 0 123 32766 43 32766 32766 117 11 117 
54823 1962 4 30 10070 32766 32766 170 228 130 94 50 38 32700 106 32766 40 32766 32766 118 12 101 
54823 1962 5 1 10055 32766 32766 194 265 132 110 51 31 0 99 32766 30 32766 32766 158 8 101 
54823 1962 5 2 10003 32766 32766 205 254 170 114 48 35 0 126 32766 35 32766 32766 128 11 76 
54823 1962 5 3 10080 32766 32766 169 219 105 86 48 13 32700 93 32766 33 32766 32766 138 3 76 
54823 1962 5 4 10067 32766 32766 196 251 143 67 31 13 0 102 32766 8 32766 32766 85 11 114 
54823 1962 5 5 10057 32766 32766 209 267 154 68 29 13 0 161 32766 50 32766 32766 161 11 94 
54823 1962 5 6 10052 32766 32766 221 281 173 58 23 11 0 221 32766 60 32766 32766 152 10 115 
54823 1962 5 7 10044 32766 32766 217 275 147 52 21 11 0 188 32766 38 32766 32766 150 10 125 
54823 1962 5 8 10055 32766 32766 199 241 163 46 21 12 0 160 32766 20 32766 32766 158 15 109 
54823 1962 5 9 10037 32766 32766 215 280 152 49 20 10 0 151 32766 28 32766 32766 112 14 108 
54823 1962 5 10 10000 32766 32766 249 305 194 47 16 9 0 208 32766 48 32766 32766 102 10 120 
54823 1962 5 11 10003 32766 32766 232 278 202 59 21 6 0 195 32766 40 32766 32766 161 3 106 
54823 1962 5 12 10059 32766 32766 206 278 111 46 21 6 0 160 32766 20 32766 32766 116 13 131 
54823 1962 5 13 10008 32766 32766 238 298 195 72 27 12 32700 202 32766 45 32766 32766 209 10 51 
54823 1962 5 14 9954 32766 32766 242 298 157 118 40 30 32700 151 32766 35 32766 32766 186 1 110 
54823 1962 5 15 10012 32766 32766 204 272 176 75 32 13 32700 164 32766 43 32766 32766 184 16 108 
54823 1962 5 16 10072 32766 32766 195 260 117 40 19 8 0 154 32766 15 32766 32766 110 10 126 
54823 1962 5 17 10086 32766 32766 198 260 119 66 29 16 0 126 32766 10 32766 32766 112 15 125 
54823 1962 5 18 10058 32766 32766 234 312 147 67 25 13 0 188 32766 28 32766 32766 93 11 129 
54823 1962 5 19 10000 32766 32766 275 343 210 54 16 7 0 243 32766 43 32766 32766 150 8 130 
54823 1962 5 20 9970 32766 32766 306 372 251 56 13 9 0 312 32766 60 32766 32766 170 8 125 
54823 1962 5 21 9990 32766 32766 300 359 265 79 19 13 0 337 32766 70 32766 32766 180 9 123 
54823 1962 5 22 10017 32766 32766 290 346 238 107 27 16 0 214 32766 35 32766 32766 125 10 127 
54823 1962 5 23 10046 32766 32766 242 305 163 160 54 28 100 140 32766 40 32766 32766 171 1 91 
54823 1962 5 24 10059 32766 32766 246 328 145 115 44 10 0 133 32766 10 32766 32766 139 8 133 
54823 1962 5 25 10005 32766 32766 282 345 241 62 17 4 0 228 32766 35 32766 32766 151 8 111 
54823 1962 5 26 9984 32766 32766 266 328 192 115 34 20 0 134 32766 10 32766 32766 70 1 107 
54823 1962 5 27 10030 32766 32766 201 285 145 124 53 34 0 140 32766 63 32766 32766 186 1 114 
54823 1962 5 28 10013 32766 32766 172 227 148 142 72 54 50 58 32766 20 32766 32766 121 16 19 
54823 1962 5 29 10028 32766 32766 231 333 120 104 44 6 0 136 32766 33 32766 32766 83 8 133 
54823 1962 5 30 9988 32766 32766 284 345 241 86 22 6 0 243 32766 60 32766 32766 130 8 110 
54823 1962 5 31 9995 32766 32766 280 327 241 135 36 21 32700 167 32766 45 32766 32766 123 10 73 
54823 1962 6 1 9973 32766 32766 232 265 221 256 90 60 177 39 32766 20 32766 32766 118 1 0 
54823 1962 6 2 9983 32766 32766 234 284 195 216 76 49 6 25 32766 15 32766 32766 62 3 70 
54823 1962 6 3 9977 32766 32766 259 304 223 216 65 37 0 77 32766 28 32766 32766 124 7 28 
54823 1962 6 4 10001 32766 32766 249 300 202 134 45 15 0 123 32766 20 32766 32766 139 1 120 
54823 1962 6 5 10007 32766 32766 249 306 185 68 23 9 0 155 32766 35 32766 32766 136 7 132 
54823 1962 6 6 9962 32766 32766 251 272 233 107 33 18 32700 189 32766 68 32766 32766 202 8 95 
54823 1962 6 7 10004 32766 32766 229 307 147 76 30 14 0 159 32766 25 32766 32766 98 12 138 
54823 1962 6 8 9984 32766 32766 239 272 224 78 26 18 32700 169 32766 38 32766 32766 141 16 113 
54823 1962 6 9 10013 32766 32766 228 296 158 92 34 24 0 151 32766 38 32766 32766 95 13 136 
54823 1962 6 10 10002 32766 32766 273 360 162 103 33 14 0 195 32766 33 32766 32766 131 8 133 
54823 1962 6 11 9979 32766 32766 306 355 258 101 24 14 0 281 32766 63 32766 32766 161 8 131 
54823 1962 6 12 9958 32766 32766 296 342 260 162 39 31 0 210 32766 60 32766 32766 149 6 129 
54823 1962 6 13 10005 32766 32766 230 309 176 191 70 42 42 83 32766 53 32766 32766 178 15 15 
54823 1962 6 14 10083 32766 32766 204 277 125 132 60 31 0 111 32766 43 32766 32766 102 3 115 
54823 1962 6 15 10067 32766 32766 256 330 167 108 35 16 0 128 32766 15 32766 32766 53 10 135 
54823 1962 6 16 10049 32766 32766 283 350 207 100 26 16 0 167 32766 23 32766 32766 60 5 133 
54823 1962 6 17 10028 32766 32766 288 355 228 124 32 19 0 155 32766 20 32766 32766 86 10 113 
54823 1962 6 18 10025 32766 32766 289 353 239 181 47 26 0 167 32766 48 32766 32766 144 3 92 
54823 1962 6 19 9982 32766 32766 224 276 206 174 65 37 38 67 32766 25 32766 32766 63 2 0 
54823 1962 6 20 9945 32766 32766 242 306 171 152 52 30 0 112 32766 25 32766 32766 104 3 134 
54823 1962 6 21 9945 32766 32766 241 306 189 196 67 44 13 100 32766 33 32766 32766 133 3 79 
54823 1962 6 22 9981 32766 32766 245 328 176 196 69 32 0 122 32766 28 32766 32766 96 3 101 
54823 1962 6 23 9980 32766 32766 256 310 211 215 67 41 0 87 32766 20 32766 32766 139 8 45 
54823 1962 6 24 9975 32766 32766 224 275 196 212 79 48 132 101 32766 30 32766 32766 102 16 70 
54823 1962 6 25 9963 32766 32766 224 270 198 221 83 53 7 62 32766 10 32766 32766 145 16 84 
54823 1962 6 26 9981 32766 32766 244 299 193 204 69 41 32700 83 32766 20 32766 32766 74 16 114 
54823 1962 6 27 10005 32766 32766 245 317 187 170 58 26 32700 110 32766 20 32766 32766 118 1 91 
54823 1962 6 28 9995 32766 32766 265 330 195 161 51 18 0 135 32766 10 32766 32766 63 2 132 
54823 1962 6 29 9994 32766 32766 287 338 232 157 40 22 0 155 32766 33 32766 32766 75 10 132 
54823 1962 6 30 9986 32766 32766 294 350 230 165 41 25 0 183 32766 35 32766 32766 83 9 127 
54823 1962 7 1 9986 32766 32766 293 348 245 174 44 28 0 161 32766 30 32766 32766 82 8 108 
54823 1962 7 2 9982 32766 32766 288 355 221 175 46 19 0 152 32766 30 32766 32766 67 9 118 
54823 1962 7 3 9980 32766 32766 308 350 271 191 44 29 0 157 32766 25 32766 32766 83 9 113 
54823 1962 7 4 9964 32766 32766 312 367 268 230 52 30 32700 128 32766 15 32766 32766 57 3 103 
54823 1962 7 5 9959 32766 32766 312 389 241 227 52 25 32700 152 32766 20 32766 32766 82 9 111 
54823 1962 7 6 9951 32766 32766 314 378 240 211 48 29 0 158 32766 18 32766 32766 68 7 124 
54823 1962 7 7 9956 32766 32766 309 356 265 201 46 30 0 139 32766 23 32766 32766 85 7 84 
54823 1962 7 8 9934 32766 32766 246 311 221 261 86 63 66 27 32766 30 32766 32766 124 1 0 
54823 1962 7 9 9906 32766 32766 259 320 217 251 77 52 16 68 32766 33 32766 32766 128 8 86 
54823 1962 7 10 9939 32766 32766 303 368 228 269 64 41 32700 170 32766 35 32766 32766 167 9 127 
54823 1962 7 11 9992 32766 32766 303 352 242 265 61 52 0 147 32766 38 32766 32766 118 4 110 
54823 1962 7 12 10005 32766 32766 285 375 234 279 74 44 52 98 32766 28 32766 32766 175 7 97 
54823 1962 7 13 9946 32766 32766 269 305 244 313 89 70 2984 32766 32766 18 32766 32766 189 1 0 
54823 1962 7 14 9962 32766 32766 262 287 237 310 91 81 5 40 32766 8 32766 32766 55 2 13 
54823 1962 7 15 9978 32766 32766 257 278 243 300 91 83 0 30 32766 23 32766 32766 52 16 12 
54823 1962 7 16 9952 32766 32766 266 318 245 313 90 81 32700 37 32766 10 32766 32766 112 13 35 
54823 1962 7 17 9937 32766 32766 279 340 233 292 79 52 32700 83 32766 8 32766 32766 55 9 110 
54823 1962 7 18 9944 32766 32766 306 357 267 295 68 45 3 88 32766 15 32766 32766 103 6 71 
54823 1962 7 19 9919 32766 32766 258 306 218 282 86 63 406 32766 32766 13 32766 32766 94 1 86 
54823 1962 7 20 9908 32766 32766 297 346 251 270 66 42 0 107 32766 33 32766 32766 93 10 134 
54823 1962 7 21 9907 32766 32766 278 315 228 256 69 37 4 69 32766 5 32766 32766 175 13 87 
54823 1962 7 22 9934 32766 32766 266 317 222 250 73 43 4 84 32766 13 32766 32766 81 1 112 
54823 1962 7 23 9962 32766 32766 269 315 227 270 78 55 6 71 32766 13 32766 32766 85 7 109 
54823 1962 7 24 9966 32766 32766 273 320 245 291 82 60 594 93 32766 23 32766 32766 80 1 35 
54823 1962 7 25 9925 32766 32766 250 267 243 308 97 82 469 23 32766 33 32766 32766 115 2 3 
54823 1962 7 26 9932 32766 32766 270 308 249 319 90 72 32700 39 32766 5 32766 32766 60 15 49 
54823 1962 7 27 9949 32766 32766 270 300 255 312 87 69 32700 37 32766 10 32766 32766 77 14 24 
54823 1962 7 28 9942 32766 32766 266 297 244 298 86 77 32700 36 32766 10 32766 32766 50 12 8 
54823 1962 7 29 9942 32766 32766 279 318 254 310 83 60 44 47 32766 5 32766 32766 40 14 68 
54823 1962 7 30 9962 32766 32766 276 324 234 298 81 62 104 69 32766 18 32766 32766 185 10 104 
54823 1962 7 31 9988 32766 32766 252 292 212 270 84 69 288 90 32766 25 32766 32766 120 13 66 
54823 1962 8 1 9992 32766 32766 257 298 238 292 89 68 5 54 32766 33 32766 32766 112 16 57 
54823 1962 8 2 9960 32766 32766 261 299 238 282 84 62 59 74 32766 33 32766 32766 126 15 93 
54823 1962 8 3 9992 32766 32766 278 325 228 274 75 48 0 83 32766 5 32766 32766 45 11 119 
54823 1962 8 4 10017 32766 32766 276 325 236 296 81 64 123 70 32766 13 32766 32766 160 5 76 
54823 1962 8 5 9994 32766 32766 262 290 215 299 89 68 669 58 32766 18 32766 32766 251 8 38 
54823 1962 8 6 10005 32766 32766 262 305 243 301 89 72 66 44 32766 25 32766 32766 65 2 56 
54823 1962 8 7 9958 32766 32766 261 278 248 306 91 82 71 22 32766 30 32766 32766 143 15 0 
54823 1962 8 8 9997 32766 32766 273 306 246 297 83 56 11 52 32766 5 32766 32766 45 16 71 
54823 1962 8 9 10023 32766 32766 275 318 226 253 71 42 0 80 32766 8 32766 32766 43 15 131 
54823 1962 8 10 10018 32766 32766 275 321 228 251 69 51 0 92 32766 23 32766 32766 76 9 127 
54823 1962 8 11 10019 32766 32766 279 320 240 270 73 53 55 65 32766 5 32766 32766 120 7 80 
54823 1962 8 12 10012 32766 32766 282 330 250 306 81 59 32700 73 32766 30 32766 32766 149 15 104 
54823 1962 8 13 9978 32766 32766 278 326 230 307 83 66 1205 110 32766 20 32766 32766 153 15 78 
54823 1962 8 14 9992 32766 32766 261 306 245 292 86 78 52 47 32766 15 32766 32766 156 16 75 
54823 1962 8 15 10016 32766 32766 211 249 173 213 85 68 239 38 32766 45 32766 32766 138 2 0 
54823 1962 8 16 10028 32766 32766 210 232 190 216 87 72 35 28 32766 18 32766 32766 84 15 0 
54823 1962 8 17 10055 32766 32766 212 236 188 222 88 75 245 27 32766 15 32766 32766 94 16 0 
54823 1962 8 18 10030 32766 32766 196 218 177 221 97 94 331 9 32766 38 32766 32766 109 15 0 
54823 1962 8 19 10025 32766 32766 205 244 179 219 91 75 48 25 32766 13 32766 32766 50 14 9 
54823 1962 8 20 10000 32766 32766 237 282 195 238 82 59 0 50 32766 5 32766 32766 43 8 93 
54823 1962 8 21 9986 32766 32766 265 313 218 250 73 53 0 74 32766 13 32766 32766 65 6 120 
54823 1962 8 22 10003 32766 32766 279 325 232 282 76 53 0 65 32766 3 32766 32766 44 9 119 
54823 1962 8 23 10044 32766 32766 276 316 245 275 76 53 0 95 32766 40 32766 32766 106 15 118 
54823 1962 8 24 10076 32766 32766 253 303 223 256 81 52 2 74 32766 35 32766 32766 102 15 96 
54823 1962 8 25 10025 32766 32766 253 301 194 205 65 39 0 79 32766 20 32766 32766 74 16 103 
54823 1962 8 26 9997 32766 32766 226 257 203 236 87 67 34 26 32766 18 32766 32766 126 12 9 
54823 1962 8 27 10002 32766 32766 240 289 203 241 82 52 0 47 32766 0 32766 32766 40 11 71 
54823 1962 8 28 10038 32766 32766 256 307 210 209 67 28 0 77 32766 8 32766 32766 52 12 126 
54823 1962 8 29 10039 32766 32766 269 318 221 220 62 52 0 91 32766 25 32766 32766 84 7 96 
54823 1962 8 30 10050 32766 32766 248 278 237 240 77 48 59 58 32766 23 32766 32766 116 7 30 
54823 1962 8 31 10064 32766 32766 247 317 193 197 66 31 0 69 32766 13 32766 32766 45 7 108 
54823 1962 9 1 10072 32766 32766 246 305 207 230 75 41 0 43 32766 13 32766 32766 55 16 46 
54823 1962 9 2 10064 32766 32766 240 291 188 218 75 52 0 68 32766 15 32766 32766 64 16 122 
54823 1962 9 3 10050 32766 32766 245 298 204 209 70 45 32700 60 32766 8 32766 32766 69 15 113 
54823 1962 9 4 10058 32766 32766 241 296 193 207 71 42 0 69 32766 13 32766 32766 114 16 119 
54823 1962 9 5 10080 32766 32766 234 287 182 198 71 47 0 86 32766 13 32766 32766 90 7 114 
54823 1962 9 6 10069 32766 32766 233 278 181 199 71 52 0 78 32766 35 32766 32766 123 16 117 
54823 1962 9 7 10046 32766 32766 232 288 200 216 78 50 0 71 32766 20 32766 32766 142 16 90 
54823 1962 9 8 10063 32766 32766 252 317 181 181 59 35 0 102 32766 33 32766 32766 112 10 114 
54823 1962 9 9 10057 32766 32766 243 316 190 195 66 27 144 121 32766 15 32766 32766 106 7 115 
54823 1962 9 10 10032 32766 32766 274 330 220 163 46 33 0 145 32766 53 32766 32766 162 8 97 
54823 1962 9 11 10050 32766 32766 249 285 226 204 66 41 32700 64 32766 20 32766 32766 94 9 0 
54823 1962 9 12 10048 32766 32766 215 246 203 213 83 57 3 29 32766 15 32766 32766 64 2 15 
54823 1962 9 13 10058 32766 32766 233 291 171 202 71 45 0 63 32766 5 32766 32766 70 12 99 
54823 1962 9 14 10082 32766 32766 248 299 203 211 68 45 0 56 32766 20 32766 32766 50 16 101 
54823 1962 9 15 10059 32766 32766 232 253 204 212 76 55 1 27 32766 18 32766 32766 80 6 3 
54823 1962 9 16 10017 32766 32766 203 244 180 203 86 56 13 23 32766 13 32766 32766 91 16 17 
54823 1962 9 17 10022 32766 32766 229 286 169 200 73 45 0 53 32766 8 32766 32766 48 8 111 
54823 1962 9 18 10030 32766 32766 237 276 169 229 79 48 209 82 32766 8 32766 32766 219 12 87 
54823 1962 9 19 10016 32766 32766 234 280 210 216 76 49 0 61 32766 33 32766 32766 111 6 76 
54823 1962 9 20 10027 32766 32766 261 316 213 211 63 41 0 103 32766 43 32766 32766 145 7 113 
54823 1962 9 21 10051 32766 32766 250 303 213 190 62 37 0 90 32766 23 32766 32766 94 8 92 
54823 1962 9 22 10035 32766 32766 214 257 185 225 88 68 277 16 32766 18 32766 32766 132 16 0 
54823 1962 9 23 10085 32766 32766 178 196 163 157 77 57 24 45 32766 58 32766 32766 134 1 10 
54823 1962 9 24 10140 32766 32766 146 168 127 138 83 69 17 15 32766 3 32766 32766 41 16 0 
54823 1962 9 25 10182 32766 32766 143 160 131 149 91 83 46 9 32766 0 32766 32766 30 10 0 
54823 1962 9 26 10165 32766 32766 139 161 124 141 89 77 9 4 32766 10 32766 32766 51 2 0 
54823 1962 9 27 10090 32766 32766 165 203 133 172 91 78 30 17 32766 13 32766 32766 103 10 0 
54823 1962 9 28 10169 32766 32766 171 211 146 109 57 32 32700 47 32766 25 32766 32766 79 16 85 
54823 1962 9 29 10185 32766 32766 157 209 100 113 66 37 0 38 32766 5 32766 32766 48 9 65 
54823 1962 9 30 10146 32766 32766 146 176 137 141 85 67 11 3 32766 3 32766 32766 70 12 0 
54823 1962 10 1 10115 32766 32766 155 171 143 171 97 89 36 4 32766 5 32766 32766 37 5 0 
54823 1962 10 2 10105 32766 32766 172 185 161 187 96 88 10 9 32766 13 32766 32766 56 3 0 
54823 1962 10 3 10146 32766 32766 152 176 125 161 92 61 95 3 32766 33 32766 32766 194 2 0 
54823 1962 10 4 10167 32766 32766 152 200 111 125 75 41 7 49 32766 15 32766 32766 67 3 108 
54823 1962 10 5 10138 32766 32766 179 239 125 109 55 32 0 68 32766 25 32766 32766 104 11 94 
54823 1962 10 6 10116 32766 32766 184 226 166 123 58 49 0 69 32766 23 32766 32766 130 10 41 
54823 1962 10 7 10120 32766 32766 159 206 139 141 79 37 18 16 32766 5 32766 32766 60 9 0 
54823 1962 10 8 10111 32766 32766 145 155 141 155 94 87 85 6 32766 25 32766 32766 113 7 0 
54823 1962 10 9 10101 32766 32766 163 204 126 170 92 71 6 16 32766 35 32766 32766 114 3 35 
54823 1962 10 10 10088 32766 32766 175 207 159 183 92 72 30 14 32766 25 32766 32766 93 3 6 
54823 1962 10 11 10099 32766 32766 187 236 155 180 86 50 32002 29 32766 10 32766 32766 54 10 73 
54823 1962 10 12 10072 32766 32766 185 228 153 133 60 31 32700 48 32766 60 32766 32766 137 11 46 
54823 1962 10 13 10153 32766 32766 107 158 69 69 54 30 32700 48 32766 35 32766 32766 213 2 82 
54823 1962 10 14 10249 32766 32766 75 118 32 47 47 25 0 46 32766 20 32766 32766 147 1 103 
54823 1962 10 15 10220 32766 32766 102 168 40 54 45 26 0 63 32766 40 32766 32766 140 10 102 
54823 1962 10 16 10183 32766 32766 128 185 92 61 43 26 0 62 32766 23 32766 32766 124 10 59 
54823 1962 10 17 10211 32766 32766 125 209 57 91 64 36 0 35 32766 10 32766 32766 61 9 102 
54823 1962 10 18 10211 32766 32766 151 212 97 118 70 48 0 36 32766 3 32766 32766 57 2 95 
54823 1962 10 19 10215 32766 32766 146 201 104 125 77 45 0 32 32766 13 32766 32766 80 2 55 
54823 1962 10 20 10210 32766 32766 137 186 102 114 74 52 0 39 32766 40 32766 32766 105 2 95 
54823 1962 10 21 10178 32766 32766 136 187 109 120 79 50 32700 22 32766 3 32766 32766 60 15 53 
54823 1962 10 22 10134 32766 32766 165 226 103 126 69 41 0 55 32766 40 32766 32766 114 11 104 
54823 1962 10 23 10143 32766 32766 152 191 120 120 71 35 0 46 32766 30 32766 32766 110 2 99 
54823 1962 10 24 10192 32766 32766 112 169 70 86 70 22 0 34 32766 8 32766 32766 105 16 102 
54823 1962 10 25 10186 32766 32766 133 200 80 72 48 31 0 67 32766 48 32766 32766 105 11 101 
54823 1962 10 26 10241 32766 32766 111 170 69 82 65 32 0 44 32766 35 32766 32766 118 2 102 
54823 1962 10 27 10225 32766 32766 115 186 55 79 61 31 0 39 32766 5 32766 32766 58 11 98 
54823 1962 10 28 10157 32766 32766 125 171 90 86 61 36 0 35 32766 13 32766 32766 81 10 9 
54823 1962 10 29 10119 32766 32766 148 198 120 93 57 39 0 45 32766 25 32766 32766 93 9 75 
54823 1962 10 30 10126 32766 32766 156 218 110 100 59 37 0 48 32766 15 32766 32766 77 10 93 
54823 1962 10 31 10147 32766 32766 148 206 105 111 68 42 0 45 32766 23 32766 32766 103 2 74 
54823 1962 11 1 10162 32766 32766 130 163 106 124 83 67 4 11 32766 20 32766 32766 76 2 0 
54823 1962 11 2 10164 32766 32766 101 138 79 121 97 90 219 7 32766 45 32766 32766 185 2 0 
54823 1962 11 3 10178 32766 32766 54 85 34 68 76 40 30101 22 32766 33 32766 32766 177 2 21 
54823 1962 11 4 10161 32766 32766 43 88 8 43 53 30 0 40 32766 43 32766 32766 111 15 101 
54823 1962 11 5 10188 32766 32766 68 136 10 48 53 23 0 36 32766 13 32766 32766 71 10 95 
54823 1962 11 6 10176 32766 32766 125 173 77 70 49 39 0 61 32766 45 32766 32766 153 10 79 
54823 1962 11 7 10167 32766 32766 126 179 66 74 51 34 0 32 32766 15 32766 32766 77 9 71 
54823 1962 11 8 10158 32766 32766 128 178 80 104 72 43 7 23 32766 10 32766 32766 130 2 79 
54823 1962 11 9 10184 32766 32766 82 145 41 54 52 28 0 36 32766 23 32766 32766 153 10 91 
54823 1962 11 10 10090 32766 32766 130 186 88 76 52 30 0 62 32766 50 32766 32766 155 10 90 
54823 1962 11 11 10081 32766 32766 144 183 115 85 53 36 0 50 32766 30 32766 32766 106 10 88 
54823 1962 11 12 10118 32766 32766 122 185 65 94 66 42 0 29 32766 13 32766 32766 53 4 87 
54823 1962 11 13 10106 32766 32766 99 160 44 111 91 75 32001 12 32766 13 32766 32766 52 1 74 
54823 1962 11 14 10111 32766 32766 84 108 72 106 96 85 32003 3 32766 10 32766 32766 82 3 0 
54823 1962 11 15 10164 32766 32766 89 120 61 85 74 50 0 33 32766 88 32766 32766 187 3 34 
54823 1962 11 16 10161 32766 32766 52 67 42 81 91 84 86 8 32766 53 32766 32766 120 2 0 
54823 1962 11 17 10178 32766 32766 69 135 25 83 85 49 0 19 32766 10 32766 32766 106 10 88 
54823 1962 11 18 10199 32766 32766 75 93 63 88 86 70 43 32766 32766 33 32766 32766 107 4 0 
54823 1962 11 19 10225 32766 32766 29 71 0 75 98 91 30325 57 32766 90 32766 32766 228 3 0 
54823 1962 11 20 10289 32766 32766 15 40 -1 54 80 52 30028 28 32766 73 32766 32766 157 2 32 
54823 1962 11 21 10327 32766 32766 15 36 1 51 75 65 32700 13 32766 38 32766 32766 117 3 7 
54823 1962 11 22 10324 32766 32766 13 46 -11 53 79 52 0 8 32766 18 32766 32766 62 3 35 
54823 1962 11 23 10310 32766 32766 6 36 -25 55 85 74 0 7 32766 13 32766 32766 73 3 30 
54823 1962 11 24 10270 32766 32766 13 32 -6 57 86 55 0 9 32766 28 32766 32766 74 3 0 
54823 1962 11 25 10282 32766 32766 12 30 -3 60 90 68 31016 7 32766 35 32766 32766 117 3 0 
54823 1962 11 26 10282 32766 32766 15 38 -1 46 69 39 32700 18 32766 20 32766 32766 86 3 85 
54823 1962 11 27 10256 32766 32766 8 42 -4 50 77 56 32700 7 32766 8 32766 32766 70 14 36 
54823 1962 11 28 10255 32766 32766 1 40 -31 41 68 25 0 14 32766 23 32766 32766 82 12 87 
54823 1962 11 29 10246 32766 32766 11 61 -24 35 55 35 0 17 32766 28 32766 32766 87 12 89 
54823 1962 11 30 10239 32766 32766 20 64 -20 40 57 41 0 20 32766 33 32766 32766 102 12 81 
54823 1962 12 1 10183 32766 32766 26 64 -1 41 57 37 0 27 32766 38 32766 32766 102 14 84 
54823 1962 12 2 10192 32766 32766 34 86 -7 37 49 21 0 29 32766 28 32766 32766 77 11 88 
54823 1962 12 3 10162 32766 32766 48 97 3 47 55 26 0 43 32766 55 32766 32766 200 10 86 
54823 1962 12 4 10232 32766 32766 28 68 4 37 51 21 0 30 32766 30 32766 32766 136 1 88 
54823 1962 12 5 10288 32766 32766 28 90 -16 39 52 36 0 25 32766 25 32766 32766 85 13 87 
54823 1962 12 6 10225 32766 32766 44 88 18 37 46 26 0 42 32766 50 32766 32766 168 10 86 
54823 1962 12 7 10181 32766 32766 59 113 31 47 51 36 0 35 32766 33 32766 32766 92 9 81 
54823 1962 12 8 10158 32766 32766 61 113 -5 61 65 48 0 22 32766 13 32766 32766 91 10 78 
54823 1962 12 9 10149 32766 32766 79 156 8 63 63 28 0 38 32766 30 32766 32766 102 12 85 
54823 1962 12 10 10212 32766 32766 22 79 -22 58 81 54 0 11 32766 50 32766 32766 153 5 43 
54823 1962 12 11 10247 32766 32766 20 66 -21 46 65 40 0 14 32766 28 32766 32766 91 4 22 
54823 1962 12 12 10201 32766 32766 47 87 16 60 72 38 0 16 32766 13 32766 32766 75 11 0 
54823 1962 12 13 10167 32766 32766 68 96 53 79 80 56 32700 10 32766 10 32766 32766 117 2 0 
54823 1962 12 14 10230 32766 32766 15 72 -9 34 50 27 32700 25 32766 48 32766 32766 139 2 69 
54823 1962 12 15 10263 32766 32766 -9 56 -55 26 49 17 0 18 32766 23 32766 32766 73 13 84 
54823 1962 12 16 10233 32766 32766 24 76 -14 34 47 35 0 23 32766 40 32766 32766 105 10 68 
54823 1962 12 17 10195 32766 32766 34 93 -6 50 67 35 0 20 32766 20 32766 32766 88 10 74 
54823 1962 12 18 10151 32766 32766 22 66 -13 60 83 64 0 6 32766 8 32766 32766 94 12 50 
54823 1962 12 19 10166 32766 32766 37 94 -11 39 51 24 0 25 32766 40 32766 32766 94 12 87 
54823 1962 12 20 10207 32766 32766 11 67 -29 29 46 24 0 17 32766 15 32766 32766 74 10 84 
54823 1962 12 21 10175 32766 32766 34 66 6 47 60 36 0 24 32766 23 32766 32766 82 9 69 
54823 1962 12 22 10103 32766 32766 54 113 0 34 39 13 0 55 32766 50 32766 32766 178 10 86 
54823 1962 12 23 10072 32766 32766 56 121 9 42 48 24 0 38 32766 23 32766 32766 90 14 82 
54823 1962 12 24 10064 32766 32766 96 155 44 42 37 18 0 59 32766 35 32766 32766 141 9 80 
54823 1962 12 25 10067 32766 32766 16 88 -27 62 90 68 0 9 32766 23 32766 32766 90 2 36 
54823 1962 12 26 10092 32766 32766 9 22 -3 64 98 95 32001 0 32766 5 32766 32766 42 14 0 
54823 1962 12 27 10108 32766 32766 39 58 19 76 94 79 32700 0 32766 45 32766 32766 109 3 0 
54823 1962 12 28 10143 32766 32766 30 52 15 65 86 77 32700 14 32766 30 32766 32766 93 2 0 
54823 1962 12 29 10227 32766 32766 -7 39 -35 38 62 21 30015 19 32766 35 32766 32766 157 2 28 
54823 1962 12 30 10208 32766 32766 -36 21 -77 19 44 11 0 23 32766 28 32766 32766 126 11 86 
54823 1962 12 31 10208 32766 32766 -46 -7 -72 21 49 19 0 18 32766 33 32766 32766 142 2 85 
54823 1963 1 1 10109 32766 32766 -3 56 -56 17 29 13 0 36 32766 48 32766 32766 182 15 84 
54823 1963 1 2 10081 32766 32766 35 101 -20 23 30 15 0 42 32766 50 32766 32766 122 13 84 
54823 1963 1 3 10084 32766 32766 43 112 -9 27 33 12 0 36 32766 15 32766 32766 90 9 82 
54823 1963 1 4 10097 32766 32766 37 66 -3 29 38 26 0 34 32766 33 32766 32766 120 3 35 
54823 1963 1 5 10189 32766 32766 -50 0 -68 23 54 15 0 20 32766 30 32766 32766 155 16 85 
54823 1963 1 6 10278 32766 32766 -69 -23 -109 14 41 23 0 20 32766 25 32766 32766 154 1 88 
54823 1963 1 7 10291 32766 32766 -45 20 -88 20 47 22 0 13 32766 10 32766 32766 70 10 89 
