V01000 V04001 V04002 V04003 V10004 V10201 V10202 V12001 V12052 V12053 V13004 V13003 V13007 V13201 V13241 V13242 V11002 V11042 V11212 V11041 V11043 V14032
54161 1989 1 4 10047 10064 10022 -130 -73 -181 15 68 47 0 7 32766 35 73 11 32766 32766 71 
54161 1989 1 5 10010 10021 9999 -75 -28 -116 27 75 58 0 3 32766 35 87 12 32766 32766 0 
54161 1989 1 6 9967 10001 9943 -33 -17 -65 34 71 60 32700 8 32766 30 47 8 32766 32766 0 
54161 1989 1 7 9928 9949 9914 -33 -14 -65 44 92 72 40 6 32766 25 60 12 32766 32766 19 
54161 1989 1 8 9941 9963 9916 -66 -40 -99 35 91 87 0 1 32766 20 40 4 32766 32766 0 
54161 1989 1 9 9914 9962 9880 -94 -39 -132 26 85 73 18 0 32766 40 83 13 32766 32766 0 
54161 1989 1 10 10028 10044 9962 -142 -95 -165 12 58 42 0 11 32766 15 60 12 32766 32766 70 
54161 1989 1 11 10062 10082 10043 -180 -137 -206 10 67 54 0 2 32766 25 47 1 32766 32766 75 
54161 1989 1 12 10051 10079 10023 -203 -152 -269 8 65 47 0 2 32766 10 30 8 32766 32766 66 
54161 1989 1 13 10018 10059 9992 -199 -159 -226 9 67 56 0 2 32766 35 70 16 32766 32766 68 
54161 1989 1 14 10024 10064 9975 -186 -120 -252 8 58 37 0 4 32766 43 77 10 32766 32766 76 
54161 1989 1 15 9936 9975 9924 -97 -50 -171 21 68 44 0 5 32766 60 133 12 32766 32766 74 
54161 1989 1 16 9990 10009 9946 -107 -63 -151 20 75 54 0 3 32766 28 40 11 32766 32766 76 
54161 1989 1 17 9997 10009 9986 -45 -20 -91 33 74 68 0 6 32766 48 110 11 32766 32766 0 
54161 1989 1 18 9971 9996 9945 -35 -17 -52 36 76 67 0 8 32766 43 77 11 32766 32766 11 
54161 1989 1 19 9923 9945 9912 -50 -23 -72 36 86 76 0 6 32766 28 60 12 32766 32766 18 
54161 1989 1 20 9933 9941 9924 -120 -68 -143 22 87 75 32700 1 32766 15 30 13 32766 32766 64 
54161 1989 1 21 10001 10034 9936 -154 -124 -173 14 73 51 0 6 32766 23 53 2 32766 32766 76 
54161 1989 1 22 9958 10032 9924 -148 -67 -205 12 62 32 0 5 32766 23 47 3 32766 32766 65 
54161 1989 1 23 9944 9965 9926 -177 -132 -220 12 73 61 0 3 32766 38 57 2 32766 32766 70 
54161 1989 1 24 9947 9972 9917 -166 -94 -241 12 69 41 0 3 32766 15 37 10 32766 32766 75 
54161 1989 1 25 9874 9917 9855 -81 -22 -139 26 72 57 0 7 32766 53 147 12 32766 32766 10 
54161 1989 1 26 9940 9976 9874 -176 -74 -205 12 79 64 0 2 32766 23 57 16 32766 32766 71 
54161 1989 1 27 10014 10033 9975 -200 -128 -245 9 74 53 0 3 32766 28 60 13 32766 32766 80 
54161 1989 1 28 10039 10067 10009 -162 -96 -229 11 65 47 0 5 32766 38 77 11 32766 32766 84 
54161 1989 1 29 9995 10009 9991 -94 -32 -150 18 58 48 0 8 32766 48 83 11 32766 32766 84 
54161 1989 1 30 9926 9991 9878 -63 -6 -112 24 60 50 0 16 32766 70 160 13 32766 32766 76 
54161 1989 1 31 9934 9953 9907 -111 -54 -144 15 58 43 0 12 32766 45 127 12 32766 32766 80 
54161 1989 2 1 9933 9949 9921 -158 -107 -206 12 65 57 0 4 32766 28 60 12 32766 32766 79 
54161 1989 2 2 9971 9982 9949 -152 -80 -221 14 72 45 0 5 32766 35 80 12 32766 32766 87 
54161 1989 2 3 9979 10000 9955 -113 -42 -163 17 65 50 0 7 32766 28 53 11 32766 32766 87 
54161 1989 2 4 10015 10023 10000 -83 -17 -135 23 71 47 0 6 32766 18 37 11 32766 32766 91 
54161 1989 2 5 10006 10014 9993 -69 -16 -122 24 65 48 0 7 32766 25 43 11 32766 32766 90 
54161 1989 2 6 10001 10008 9990 -61 -1 -109 25 66 49 0 7 32766 28 53 13 32766 32766 82 
54161 1989 2 7 9958 10005 9928 -46 -5 -87 29 66 52 0 7 32766 23 40 8 32766 32766 10 
54161 1989 2 8 9933 9941 9927 -86 -27 -133 23 71 47 0 8 32766 40 73 1 32766 32766 85 
54161 1989 2 9 9927 9940 9915 -102 -49 -156 19 71 46 0 6 32766 13 30 16 32766 32766 86 
54161 1989 2 10 9909 9920 9899 -99 -43 -151 20 68 53 32700 7 32766 28 70 13 32766 32766 56 
54161 1989 2 11 9901 9918 9884 -66 -1 -125 25 67 45 0 12 32766 33 57 11 32766 32766 87 
54161 1989 2 12 9878 9895 9868 -34 21 -81 28 57 45 0 13 32766 33 57 8 32766 32766 85 
54161 1989 2 13 9948 9962 9895 -42 16 -108 30 69 50 0 11 32766 28 43 12 32766 32766 88 
54161 1989 2 14 9926 9963 9901 -6 46 -64 27 48 31 0 28 32766 68 110 11 32766 32766 69 
54161 1989 2 15 9901 9939 9879 6 57 -40 36 57 34 0 36 32766 68 130 11 32766 32766 61 
54161 1989 2 16 10005 10027 9939 -77 -37 -102 19 58 25 0 15 32766 28 77 2 32766 32766 92 
54161 1989 2 17 9993 10011 9976 -84 -28 -130 14 46 22 0 11 32766 20 43 3 32766 32766 82 
54161 1989 2 18 9962 9976 9950 -68 -2 -132 18 52 23 0 10 32766 15 40 3 32766 32766 88 
54161 1989 2 19 9949 9976 9902 -50 7 -117 23 58 22 0 14 32766 20 57 5 32766 32766 11 
54161 1989 2 20 9929 9976 9863 -77 -15 -117 25 70 38 57 19 32766 30 110 12 32766 32766 72 
54161 1989 2 21 10006 10042 9974 -141 -89 -186 13 63 47 0 11 32766 30 60 14 32766 32766 93 
54161 1989 2 22 10052 10069 10035 -105 -42 -166 15 55 38 0 17 32766 38 87 12 32766 32766 90 
54161 1989 2 23 9971 10039 9927 -45 19 -108 25 53 43 0 22 32766 60 127 12 32766 32766 89 
54161 1989 2 24 9965 9973 9928 -72 -13 -128 19 53 35 0 14 32766 25 80 13 32766 32766 98 
54161 1989 2 25 9947 9971 9929 -60 -4 -106 20 52 38 0 11 32766 20 37 4 32766 32766 95 
54161 1989 2 26 9949 9965 9937 -41 19 -110 22 51 26 0 13 32766 13 57 5 32766 32766 62 
54161 1989 2 27 9905 9939 9878 -14 -1 -38 42 76 43 89 5 32766 20 50 6 32766 32766 0 
54161 1989 2 28 9940 9982 9884 -83 -37 -140 24 71 43 20 11 32766 30 60 1 32766 32766 95 
54161 1989 3 1 10005 10023 9982 -41 18 -112 27 56 50 0 15 32766 38 60 8 32766 32766 93 
54161 1989 3 2 9973 9995 9958 8 37 -23 33 51 45 0 24 32766 43 67 8 32766 32766 0 
54161 1989 3 3 9967 9977 9956 -42 14 -62 35 80 61 0 13 32766 43 73 16 32766 32766 0 
54161 1989 3 4 9944 9966 9920 -77 -35 -127 26 75 56 0 10 32766 28 70 16 32766 32766 94 
54161 1989 3 5 9894 9920 9884 -84 -50 -116 25 77 60 0 9 32766 35 67 13 32766 32766 96 
54161 1989 3 6 9941 9957 9905 -99 -55 -141 20 73 41 0 8 32766 25 50 2 32766 32766 93 
54161 1989 3 7 9958 9969 9945 -104 -71 -143 19 71 48 0 8 32766 30 67 12 32766 32766 96 
54161 1989 3 8 9901 9945 9889 -64 -17 -102 21 56 44 0 16 32766 43 80 12 32766 32766 99 
54161 1989 3 9 9872 9903 9841 -17 40 -84 28 52 37 0 22 32766 45 80 12 32766 32766 105 
54161 1989 3 10 9851 9870 9829 5 42 -52 32 50 35 0 32 32766 60 107 12 32766 32766 97 
54161 1989 3 11 9842 9851 9834 16 71 -33 31 46 28 0 31 32766 35 87 12 32766 32766 92 
54161 1989 3 12 9774 9834 9722 61 125 -11 28 30 20 0 93 32766 70 157 11 32766 32766 105 
54161 1989 3 13 9800 9824 9732 14 84 -33 27 41 22 0 51 32766 40 110 12 32766 32766 103 
54161 1989 3 14 9807 9871 9766 -16 22 -41 28 51 31 0 29 32766 43 73 1 32766 32766 61 
54161 1989 3 15 9874 9903 9854 -6 57 -73 21 38 16 0 35 32766 45 67 12 32766 32766 90 
54161 1989 3 16 9901 9968 9839 -9 20 -36 35 62 27 4 15 32766 45 83 15 32766 32766 17 
54161 1989 3 17 9984 10001 9968 -16 49 -89 26 52 24 0 20 32766 23 43 5 32766 32766 91 
54161 1989 3 18 9926 9972 9907 20 79 -34 31 44 25 0 33 32766 30 73 13 32766 32766 74 
54161 1989 3 19 9908 9914 9892 42 95 2 49 62 36 32700 28 32766 33 77 13 32766 32766 57 
54161 1989 3 20 9965 9980 9912 -30 16 -77 28 59 30 15 26 32766 23 77 13 32766 32766 91 
54161 1989 3 21 9993 10006 9980 7 73 -72 29 46 20 0 26 32766 20 50 13 32766 32766 98 
54161 1989 3 22 9961 9988 9939 39 113 -33 28 38 17 0 49 32766 35 70 10 32766 32766 103 
54161 1989 3 23 9917 9942 9891 53 119 16 35 42 20 0 72 32766 53 130 11 32766 32766 22 
54161 1989 3 24 9909 9921 9893 3 65 -33 37 63 27 32700 30 32766 33 83 15 32766 32766 68 
54161 1989 3 25 9885 9913 9850 33 117 -58 30 45 16 0 53 32766 35 93 12 32766 32766 108 
54161 1989 3 26 9829 9850 9820 69 133 22 36 37 21 0 62 32766 33 83 11 32766 32766 96 
54161 1989 3 27 9855 9872 9832 41 104 -11 34 44 17 0 62 32766 48 77 2 32766 32766 103 
54161 1989 3 28 9838 9855 9825 43 107 -47 37 46 30 0 34 32766 10 40 1 32766 32766 113 
54161 1989 3 29 9812 9831 9788 91 166 15 32 31 11 0 83 32766 40 93 12 32766 32766 107 
54161 1989 3 30 9761 9792 9749 79 138 25 43 44 20 22 88 32766 73 200 12 32766 32766 51 
54161 1989 3 31 9724 9752 9712 28 82 -13 42 59 23 15 48 32766 70 123 13 32766 32766 88 
54161 1989 4 1 9806 9837 9740 35 100 -28 33 44 23 0 57 32766 53 103 12 32766 32766 111 
54161 1989 4 2 9747 9804 9695 85 170 32 37 35 20 0 117 32766 78 180 11 32766 32766 84 
54161 1989 4 3 9858 9880 9787 19 62 -27 27 40 17 0 42 32766 38 87 16 32766 32766 115 
54161 1989 4 4 9849 9882 9803 62 145 -26 27 30 11 0 60 32766 33 70 12 32766 32766 86 
54161 1989 4 5 9901 9927 9808 33 82 -35 30 42 15 0 47 32766 23 127 2 32766 32766 114 
54161 1989 4 6 9823 9899 9772 104 210 -4 29 26 8 0 118 32766 68 180 12 32766 32766 92 
54161 1989 4 7 9828 9850 9781 85 140 43 48 44 23 32700 70 32766 55 123 13 32766 32766 81 
54161 1989 4 8 9822 9851 9795 117 203 42 40 33 9 0 122 32766 55 157 12 32766 32766 108 
54161 1989 4 9 9922 9938 9837 14 112 -28 28 43 17 0 60 32766 43 87 2 32766 32766 105 
54161 1989 4 10 9912 9936 9888 31 90 -46 26 36 15 0 62 32766 40 93 1 32766 32766 110 
54161 1989 4 11 9926 9943 9892 84 172 -25 38 35 21 0 57 32766 20 50 16 32766 32766 111 
54161 1989 4 12 9933 9957 9911 141 230 54 36 27 7 0 113 32766 45 90 12 32766 32766 119 
54161 1989 4 13 9887 9917 9859 164 234 92 30 18 3 0 182 32766 93 180 11 32766 32766 108 
54161 1989 4 14 9852 9876 9828 108 157 77 48 38 19 0 115 32766 83 123 12 32766 32766 82 
54161 1989 4 15 9846 9881 9805 77 141 -1 47 50 22 0 50 32766 10 40 12 32766 32766 111 
54161 1989 4 16 9759 9809 9731 106 166 33 41 34 19 0 51 32766 13 30 4 32766 32766 80 
54161 1989 4 17 9776 9798 9741 105 141 62 73 58 31 0 56 32766 40 93 11 32766 32766 70 
54161 1989 4 18 9816 9835 9795 135 212 59 68 49 21 0 100 32766 58 127 12 32766 32766 94 
54161 1989 4 19 9895 9923 9835 126 183 63 32 23 13 0 82 32766 30 73 4 32766 32766 104 
54161 1989 4 20 9899 9923 9873 119 184 54 38 30 9 0 76 32766 28 53 3 32766 32766 67 
54161 1989 4 21 9794 9873 9750 125 212 84 86 58 21 63 80 32766 55 197 12 32766 32766 17 
54161 1989 4 22 9809 9817 9794 75 143 19 40 42 10 0 91 32766 65 140 13 32766 32766 120 
54161 1989 4 23 9846 9868 9809 78 140 -2 41 40 22 0 62 32766 20 63 1 32766 32766 106 
54161 1989 4 24 9863 9881 9843 100 155 20 48 43 21 0 63 32766 28 53 5 32766 32766 106 
54161 1989 4 25 9815 9850 9798 91 130 64 69 60 28 18 52 32766 40 80 6 32766 32766 56 
54161 1989 4 26 9814 9820 9803 67 110 34 76 77 60 188 19 32766 43 73 4 32766 32766 20 
54161 1989 4 27 9930 9968 9819 80 135 28 57 57 20 57 52 32766 33 90 2 32766 32766 124 
54161 1989 4 28 9949 9980 9910 107 172 24 51 43 20 0 66 32766 35 67 12 32766 32766 112 
54161 1989 4 29 9862 9911 9823 141 217 68 71 45 21 0 110 32766 70 110 11 32766 32766 118 
54161 1989 4 30 9824 9829 9815 145 209 90 75 47 19 0 102 32766 65 123 12 32766 32766 123 
54161 1989 5 1 9798 9827 9754 174 251 90 79 42 23 0 90 40 25 63 12 32766 32766 126 
54161 1989 5 2 9780 9817 9727 156 206 127 84 48 32 0 120 70 48 120 11 32766 32766 112 
54161 1989 5 3 9778 9819 9742 192 297 67 84 45 10 0 132 58 48 103 12 32766 32766 117 
54161 1989 5 4 9821 9872 9715 169 248 131 73 38 20 0 123 64 53 130 12 32766 32766 117 
54161 1989 5 5 9877 9897 9852 152 222 76 53 33 17 0 74 40 13 37 13 32766 32766 109 
54161 1989 5 6 9793 9855 9751 198 289 126 61 27 15 0 167 86 68 147 12 32766 32766 104 
54161 1989 5 7 9814 9851 9773 153 201 89 66 42 12 9 88 52 35 90 1 32766 32766 113 
54161 1989 5 8 9764 9787 9737 122 180 91 46 34 12 0 116 68 60 120 13 32766 32766 119 
54161 1989 5 9 9818 9835 9787 117 183 34 45 38 11 0 78 49 28 73 11 32766 32766 117 
54161 1989 5 10 9865 9889 9835 148 204 55 32 22 8 0 87 42 20 53 2 32766 32766 117 
54161 1989 5 11 9817 9846 9803 129 176 111 88 61 13 9 43 41 20 53 7 32766 32766 0 
54161 1989 5 12 9814 9826 9805 114 164 73 99 75 49 2 45 29 30 60 3 32766 32766 48 
54161 1989 5 13 9744 9807 9728 66 103 54 88 91 63 191 6 20 48 77 3 32766 32766 0 
54161 1989 5 14 9767 9781 9752 99 162 42 82 70 44 16 52 56 30 123 12 32766 32766 98 
54161 1989 5 15 9708 9761 9673 154 231 77 82 50 31 32700 101 31 65 143 12 32766 32766 114 
54161 1989 5 16 9753 9808 9696 138 188 78 67 43 29 32700 90 60 38 117 13 32766 32766 130 
54161 1989 5 17 9824 9841 9805 172 242 97 89 47 23 32700 85 38 33 67 12 32766 32766 108 
54161 1989 5 18 9819 9830 9797 181 245 126 130 65 41 63 79 42 70 127 10 32766 32766 45 
54161 1989 5 19 9844 9862 9820 141 178 107 96 61 30 6 76 48 50 120 11 32766 32766 82 
54161 1989 5 20 9795 9850 9742 170 243 109 71 39 20 32700 135 83 88 187 12 32766 32766 110 
54161 1989 5 21 9765 9788 9726 180 254 100 67 35 19 0 145 70 45 110 12 32766 32766 134 
54161 1989 5 22 9744 9769 9708 184 218 140 71 34 20 0 134 80 48 120 11 32766 32766 116 
54161 1989 5 23 9811 9832 9769 136 169 108 65 43 24 32700 86 67 40 73 16 32766 32766 117 
54161 1989 5 24 9837 9857 9819 153 227 60 75 47 20 0 75 47 23 90 14 32766 32766 98 
54161 1989 5 25 9811 9830 9782 191 262 108 77 37 19 0 95 56 33 53 11 32766 32766 117 
54161 1989 5 26 9789 9808 9773 204 269 158 85 36 25 32700 122 69 35 90 2 32766 32766 85 
54161 1989 5 27 9843 9857 9808 185 239 109 65 32 17 0 96 74 13 53 1 32766 32766 126 
54161 1989 5 28 9860 9870 9844 185 243 117 64 32 15 0 100 64 30 70 2 32766 32766 110 
54161 1989 5 29 9860 9881 9838 199 265 106 75 34 20 0 97 69 28 50 2 32766 32766 132 
54161 1989 5 30 9813 9843 9775 239 333 149 85 30 16 1 176 79 65 133 12 32766 32766 109 
54161 1989 5 31 9806 9817 9784 243 294 178 130 43 26 0 96 37 18 80 13 32766 32766 75 
54161 1989 6 1 9802 9810 9787 190 258 164 149 68 43 33 54 42 48 90 10 32766 32766 31 
54161 1989 6 2 9812 9825 9784 184 244 133 135 66 33 30 79 49 60 143 12 32766 32766 101 
54161 1989 6 3 9775 9820 9732 229 308 152 145 54 30 0 142 55 70 160 11 32766 32766 122 
54161 1989 6 4 9771 9787 9745 224 258 150 101 38 25 14 187 94 110 170 11 32766 32766 72 
54161 1989 6 5 9754 9785 9733 170 223 141 157 81 46 59 38 24 30 93 11 32766 32766 53 
54161 1989 6 6 9789 9805 9748 200 278 122 118 57 19 0 105 68 40 83 14 32766 32766 133 
54161 1989 6 7 9826 9839 9805 236 306 162 118 43 20 0 121 75 30 73 12 32766 32766 107 
54161 1989 6 8 9817 9827 9804 205 246 156 151 65 44 18 37 21 38 80 12 32766 32766 0 
54161 1989 6 9 9823 9829 9814 138 159 119 136 86 75 142 24 31 13 47 10 32766 32766 0 
54161 1989 6 10 9854 9865 9829 176 225 127 161 81 60 4 36 13 15 57 12 32766 32766 71 
54161 1989 6 11 9855 9869 9836 189 241 149 151 69 44 0 58 34 10 37 12 32766 32766 87 
54161 1989 6 12 9821 9836 9807 186 207 161 165 78 64 122 34 27 63 110 11 32766 32766 0 
54161 1989 6 13 9814 9829 9800 200 261 158 167 73 45 0 58 35 45 70 11 32766 32766 78 
54161 1989 6 14 9724 9801 9673 174 214 144 162 83 58 238 0 6 30 73 10 32766 32766 0 
54161 1989 6 15 9681 9689 9669 138 181 117 116 75 42 50 57 41 48 110 12 32766 32766 53 
54161 1989 6 16 9700 9727 9679 142 176 117 132 82 69 67 37 28 35 63 10 32766 32766 49 
54161 1989 6 17 9767 9792 9727 141 187 119 147 92 70 35 32 23 33 83 1 32766 32766 35 
54161 1989 6 18 9821 9830 9792 163 215 123 148 80 56 32700 39 18 30 67 1 32766 32766 58 
54161 1989 6 19 9852 9865 9830 186 235 119 136 64 41 0 64 41 13 47 4 32766 32766 122 
54161 1989 6 20 9843 9858 9822 204 260 138 131 57 35 0 71 37 23 37 11 32766 32766 128 
54161 1989 6 21 9810 9828 9778 232 292 175 162 57 43 32700 103 54 40 110 11 32766 32766 92 
54161 1989 6 22 9819 9835 9795 234 288 158 177 63 45 0 76 46 18 40 12 32766 32766 134 
54161 1989 6 23 9778 9804 9755 256 317 198 176 55 35 0 114 76 50 100 10 32766 32766 83 
54161 1989 6 24 9739 9760 9707 260 302 223 167 50 43 0 107 60 60 87 10 32766 32766 44 
54161 1989 6 25 9747 9762 9722 226 284 162 129 49 28 0 116 95 48 100 12 32766 32766 134 
54161 1989 6 26 9739 9759 9714 245 314 187 137 46 29 1 138 82 50 130 12 32766 32766 117 
54161 1989 6 27 9723 9731 9710 228 294 168 162 60 31 2 98 67 45 103 12 32766 32766 95 
54161 1989 6 28 9755 9769 9724 217 276 153 123 49 20 0 97 56 25 70 15 32766 32766 128 
54161 1989 6 29 9784 9796 9770 202 223 182 138 59 37 32700 55 48 25 50 15 32766 32766 26 
54161 1989 6 30 9787 9796 9773 184 233 159 175 82 55 15 41 23 23 77 10 32766 32766 34 
54161 1989 7 1 9831 9843 9791 201 252 153 157 69 40 14 56 28 20 43 12 32766 32766 91 
54161 1989 7 2 9861 9871 9845 190 252 165 173 79 55 80 33 26 18 47 15 32766 32766 50 
54161 1989 7 3 9862 9869 9850 180 252 141 176 86 58 147 61 43 8 50 8 32766 32766 88 
54161 1989 7 4 9860 9874 9845 217 271 153 185 73 48 0 65 33 10 30 13 32766 32766 133 
54161 1989 7 5 9844 9863 9820 237 293 174 197 69 46 0 71 35 10 37 13 32766 32766 128 
54161 1989 7 6 9803 9829 9781 244 292 204 205 68 45 0 81 61 40 73 11 32766 32766 107 
54161 1989 7 7 9780 9788 9775 228 279 194 181 66 44 32700 83 66 60 87 11 32766 32766 83 
54161 1989 7 8 9775 9789 9759 183 215 147 172 83 67 77 33 31 48 83 14 32766 32766 0 
54161 1989 7 9 9755 9772 9740 197 249 146 182 80 57 46 42 48 38 93 13 32766 32766 41 
54161 1989 7 10 9756 9763 9745 207 250 175 183 75 48 32700 55 34 45 87 11 32766 32766 96 
54161 1989 7 11 9756 9763 9749 213 269 166 195 78 48 0 56 37 20 43 12 32766 32766 65 
54161 1989 7 12 9781 9788 9762 212 268 150 188 76 47 6 61 23 20 53 16 32766 32766 104 
54161 1989 7 13 9817 9829 9788 232 290 165 190 69 43 0 72 54 13 40 14 32766 32766 132 
54161 1989 7 14 9835 9843 9829 240 283 207 199 68 49 32700 80 50 23 67 11 32766 32766 73 
54161 1989 7 15 9805 9843 9786 214 255 183 221 87 68 208 25 25 28 90 11 32766 32766 2 
54161 1989 7 16 9798 9813 9789 217 267 169 214 83 61 198 57 13 13 63 10 32766 32766 83 
54161 1989 7 17 9799 9812 9783 246 286 193 236 77 60 0 55 35 23 43 8 32766 32766 95 
54161 1989 7 18 9758 9790 9731 235 266 209 254 88 76 157 27 14 38 70 9 32766 32766 26 
54161 1989 7 19 9760 9767 9743 254 294 232 263 81 66 0 54 45 50 113 11 32766 32766 47 
54161 1989 7 20 9783 9804 9761 231 274 204 238 85 68 246 63 34 50 87 11 32766 32766 29 
54161 1989 7 21 9813 9822 9802 248 272 210 277 88 75 3 33 7 55 90 12 32766 32766 8 
54161 1989 7 22 9792 9818 9772 232 258 190 257 91 80 1080 23 5 40 107 12 32766 32766 41 
54161 1989 7 23 9742 9777 9734 228 243 218 253 92 80 292 17 7 70 123 11 32766 32766 0 
54161 1989 7 24 9721 9747 9704 225 260 200 240 88 68 180 41 18 35 80 12 32766 32766 28 
54161 1989 7 25 9722 9739 9713 201 239 165 188 82 57 56 43 34 25 90 16 32766 32766 68 
54161 1989 7 26 9767 9779 9739 194 241 139 160 73 38 0 48 40 8 53 16 32766 32766 118 
54161 1989 7 27 9803 9818 9779 199 243 151 164 73 46 0 65 33 18 50 12 32766 32766 135 
54161 1989 7 28 9818 9829 9801 218 265 151 172 66 48 0 75 50 25 57 8 32766 32766 129 
54161 1989 7 29 9817 9825 9801 227 277 179 201 74 47 0 63 38 35 57 11 32766 32766 118 
54161 1989 7 30 9842 9851 9825 233 289 173 191 69 43 0 67 42 18 33 8 32766 32766 124 
54161 1989 7 31 9846 9853 9834 251 295 191 202 64 49 0 95 50 13 40 2 32766 32766 114 
54161 1989 8 1 9855 9861 9843 246 296 178 201 67 41 0 83 43 20 50 3 32766 32766 130 
54161 1989 8 2 9865 9876 9857 256 307 192 181 58 30 0 97 68 28 53 5 32766 32766 124 
54161 1989 8 3 9860 9872 9849 265 316 194 204 61 35 0 100 78 30 53 4 32766 32766 121 
54161 1989 8 4 9844 9860 9825 271 327 196 228 65 41 0 81 41 13 30 4 32766 32766 131 
54161 1989 8 5 9807 9830 9786 281 333 222 257 69 50 0 75 51 18 43 12 32766 32766 126 
54161 1989 8 6 9767 9786 9742 293 343 249 295 74 52 0 73 43 15 40 10 32766 32766 121 
54161 1989 8 7 9777 9792 9754 258 291 231 216 65 43 0 77 60 40 57 16 32766 32766 118 
54161 1989 8 8 9810 9826 9793 224 272 192 165 63 40 6 73 62 23 40 16 32766 32766 109 
54161 1989 8 9 9805 9819 9794 234 298 163 181 65 39 0 70 55 18 37 12 32766 32766 131 
54161 1989 8 10 9763 9799 9743 219 264 177 185 72 52 119 57 53 38 77 12 32766 32766 41 
54161 1989 8 11 9698 9743 9685 234 280 178 240 84 66 102 46 35 40 70 12 32766 32766 85 
54161 1989 8 12 9736 9787 9689 197 241 175 199 87 76 49 45 31 30 87 15 32766 32766 63 
54161 1989 8 13 9828 9841 9787 183 232 132 156 76 48 0 59 57 28 60 2 32766 32766 131 
54161 1989 8 14 9840 9852 9828 209 273 131 178 73 48 0 57 39 10 40 32766 32766 32766 131 
54161 1989 8 15 9824 9833 9807 241 298 185 208 71 39 0 75 43 20 60 10 32766 32766 125 
54161 1989 8 16 9856 9880 9821 215 253 180 196 76 66 3 34 33 28 57 16 32766 32766 32 
54161 1989 8 17 9888 9900 9871 201 251 153 147 65 41 3 70 63 33 60 2 32766 32766 124 
54161 1989 8 18 9853 9882 9829 206 259 131 149 62 46 0 60 44 23 37 16 32766 32766 114 
54161 1989 8 19 9847 9856 9835 197 236 160 159 70 54 0 53 42 35 57 2 32766 32766 82 
54161 1989 8 20 9842 9861 9834 166 193 140 149 79 68 31 32 31 30 57 1 32766 32766 0 
54161 1989 8 21 9859 9868 9845 176 225 146 160 81 54 8 36 34 15 43 1 32766 32766 58 
54161 1989 8 22 9887 9902 9868 193 254 121 145 67 41 0 49 32 3 27 2 32766 32766 120 
54161 1989 8 23 9888 9898 9877 210 279 136 150 64 33 0 64 35 20 33 10 32766 32766 126 
54161 1989 8 24 9879 9890 9862 231 289 170 174 63 45 0 68 36 15 47 8 32766 32766 110 
54161 1989 8 25 9858 9868 9840 231 278 201 206 74 51 32700 54 31 10 40 8 32766 32766 43 
54161 1989 8 26 9841 9862 9815 182 225 155 176 85 61 65 33 35 18 83 10 32766 32766 55 
54161 1989 8 27 9788 9821 9763 202 263 139 178 78 50 0 50 37 15 33 32766 32766 32766 101 
54161 1989 8 28 9762 9777 9752 214 272 178 175 71 43 0 63 30 35 80 15 32766 32766 79 
54161 1989 8 29 9794 9805 9778 227 290 168 197 73 46 0 49 34 13 43 9 32766 32766 95 
54161 1989 8 30 9774 9790 9761 219 275 183 173 68 37 0 57 38 18 43 4 32766 32766 90 
54161 1989 8 31 9780 9786 9763 209 280 151 171 73 42 280 79 61 13 67 8 32766 32766 94 
54161 1989 9 1 9781 9792 9770 183 233 144 155 76 46 0 44 46 30 70 12 32766 32766 88 
54161 1989 9 2 9799 9804 9790 171 218 140 154 80 54 0 35 29 43 80 2 32766 32766 47 
54161 1989 9 3 9805 9818 9793 162 215 112 133 74 52 0 44 42 20 53 1 32766 32766 99 
54161 1989 9 4 9805 9811 9794 174 238 97 139 72 43 0 41 33 3 27 15 32766 32766 110 
54161 1989 9 5 9816 9825 9806 191 249 134 140 64 41 0 54 38 15 37 6 32766 32766 115 
54161 1989 9 6 9849 9859 9825 198 253 152 166 73 53 120 61 47 30 70 10 32766 32766 39 
54161 1989 9 7 9883 9896 9859 180 232 147 150 75 45 156 61 51 15 70 11 32766 32766 87 
54161 1989 9 8 9905 9922 9894 176 244 119 130 66 38 0 50 41 18 30 12 32766 32766 119 
54161 1989 9 9 9883 9897 9867 184 237 127 139 66 47 0 34 17 5 30 1 32766 32766 61 
54161 1989 9 10 9833 9867 9806 156 172 141 158 90 77 11 6 5 15 27 1 32766 32766 0 
54161 1989 9 11 9775 9805 9761 144 159 131 156 94 91 161 6 5 23 53 16 32766 32766 0 
54161 1989 9 12 9824 9847 9785 142 210 82 130 82 52 0 37 30 25 63 12 32766 32766 101 
54161 1989 9 13 9846 9863 9828 174 236 115 130 67 43 0 52 36 28 47 8 32766 32766 112 
54161 1989 9 14 9860 9911 9824 168 206 128 125 65 50 1 35 26 35 53 15 32766 32766 56 
54161 1989 9 15 9954 9966 9911 113 172 39 58 46 24 0 65 52 35 80 13 32766 32766 115 
54161 1989 9 16 9916 9962 9850 137 205 50 69 47 25 0 59 38 28 47 8 32766 32766 110 
54161 1989 9 17 9851 9866 9826 141 175 108 89 56 41 32700 59 48 38 67 10 32766 32766 96 
54161 1989 9 18 9834 9866 9812 108 152 70 95 73 55 3 18 14 10 33 1 32766 32766 23 
54161 1989 9 19 9869 9881 9824 84 135 61 80 74 41 4 25 23 25 53 12 32766 32766 53 
54161 1989 9 20 9881 9898 9866 110 186 28 69 56 27 0 44 33 25 60 13 32766 32766 104 
54161 1989 9 21 9870 9877 9861 113 128 100 110 82 52 30 7 5 20 30 10 32766 32766 0 
54161 1989 9 22 9879 9898 9864 147 208 107 127 78 52 0 34 22 15 33 10 32766 32766 66 
54161 1989 9 23 9842 9864 9815 169 222 125 151 79 63 153 32 24 45 103 10 32766 32766 0 
54161 1989 9 24 9836 9852 9825 124 172 91 104 74 40 171 45 30 38 70 12 32766 32766 93 
54161 1989 9 25 9891 9917 9852 95 158 31 74 66 32 0 36 36 20 43 11 32766 32766 108 
54161 1989 9 26 9898 9920 9870 100 140 54 83 68 48 0 13 15 13 23 10 32766 32766 0 
54161 1989 9 27 9814 9873 9779 97 112 79 109 91 70 25 5 3 13 37 10 32766 32766 0 
54161 1989 9 28 9868 9905 9784 108 168 84 104 82 55 4 24 13 33 73 15 32766 32766 54 
54161 1989 9 29 9901 9926 9869 127 184 69 94 67 41 0 54 39 48 100 12 32766 32766 106 
54161 1989 9 30 9899 9918 9860 130 176 100 102 71 31 0 40 25 33 73 11 32766 32766 103 
54161 1989 10 1 9944 9951 9913 130 192 65 80 56 29 0 34 32766 10 23 6 32766 32766 108 
54161 1989 10 2 9963 9979 9951 123 188 57 84 62 30 0 37 32766 5 30 4 32766 32766 101 
54161 1989 10 3 9933 9957 9914 134 210 67 91 62 35 0 45 32766 30 63 12 32766 32766 98 
54161 1989 10 4 9899 9915 9891 103 147 57 106 84 60 62 8 32766 28 63 10 32766 32766 10 
54161 1989 10 5 9880 9902 9863 55 107 12 56 64 41 32700 26 32766 33 90 12 32766 32766 63 
54161 1989 10 6 9897 9925 9866 43 79 2 56 70 34 32700 27 32766 33 70 12 32766 32766 71 
54161 1989 10 7 9937 9946 9929 31 77 -10 60 80 52 0 10 32766 13 43 16 32766 32766 34 
54161 1989 10 8 9919 9943 9902 54 121 -4 53 62 35 0 34 32766 35 60 12 32766 32766 105 
54161 1989 10 9 9879 9909 9849 108 171 33 65 51 31 0 53 32766 43 87 11 32766 32766 84 
54161 1989 10 10 9860 9884 9837 126 162 96 111 76 55 32700 23 32766 28 93 12 32766 32766 0 
54161 1989 10 11 9900 9908 9885 140 196 104 119 77 43 32700 25 32766 20 37 4 32766 32766 62 
54161 1989 10 12 9918 9926 9908 127 188 70 117 81 52 0 24 32766 10 23 3 32766 32766 83 
54161 1989 10 13 9934 9950 9923 127 200 67 110 78 47 0 25 32766 15 40 12 32766 32766 86 
54161 1989 10 14 9896 9930 9863 146 209 92 104 66 37 0 51 32766 40 80 11 32766 32766 83 
54161 1989 10 15 9916 9952 9860 50 158 17 69 78 55 68 23 32766 45 87 1 32766 32766 19 
54161 1989 10 16 9956 9968 9946 4 41 -25 38 62 30 0 20 32766 25 70 2 32766 32766 98 
54161 1989 10 17 9913 9959 9882 13 65 -40 42 64 32 0 18 32766 38 70 13 32766 32766 97 
54161 1989 10 18 9833 9882 9812 80 142 26 57 55 32 0 54 32766 73 150 12 32766 32766 84 
54161 1989 10 19 9893 9910 9850 43 103 -13 37 49 17 0 34 32766 30 60 14 32766 32766 98 
54161 1989 10 20 9906 9921 9896 97 174 34 58 50 30 0 47 32766 40 70 12 32766 32766 90 
54161 1989 10 21 9865 9898 9840 115 163 76 62 48 25 0 60 32766 48 150 12 32766 32766 80 
54161 1989 10 22 9907 9917 9878 38 111 -12 31 41 22 0 44 32766 50 80 13 32766 32766 97 
54161 1989 10 23 9890 9922 9832 63 125 -11 31 36 15 0 41 32766 33 60 9 32766 32766 92 
54161 1989 10 24 9847 9873 9809 94 131 40 62 53 32 0 46 32766 45 110 12 32766 32766 92 
54161 1989 10 25 9815 9862 9779 114 153 66 75 55 19 0 75 32766 90 153 13 32766 32766 85 
54161 1989 10 26 9930 9946 9864 42 102 -14 40 52 21 0 34 32766 35 73 13 32766 32766 94 
54161 1989 10 27 9857 9939 9815 83 149 17 53 46 27 0 62 32766 73 150 11 32766 32766 32 
54161 1989 10 28 9877 9890 9838 78 145 8 60 62 20 0 34 32766 35 60 12 32766 32766 96 
54161 1989 10 29 9868 9900 9835 110 198 35 50 42 15 0 62 32766 50 93 12 32766 32766 91 
54161 1989 10 30 9824 9846 9808 101 147 47 67 54 30 0 52 32766 58 133 12 32766 32766 27 
54161 1989 10 31 9910 9949 9845 12 49 -11 39 58 36 1 36 32766 65 120 2 32766 32766 70 
54161 1989 11 1 9937 9956 9915 6 79 -66 33 54 24 0 17 32766 18 43 12 32766 32766 92 
54161 1989 11 2 9873 9915 9845 80 157 -3 56 52 37 0 51 32766 75 130 12 32766 32766 86 
54161 1989 11 3 9906 9943 9858 81 114 50 71 64 48 0 28 32766 40 87 11 32766 32766 16 
54161 1989 11 4 9988 10004 9943 29 80 -15 37 52 26 0 32 32766 45 70 3 32766 32766 83 
54161 1989 11 5 9936 9992 9913 23 70 -6 45 64 47 38 20 32766 48 73 4 32766 32766 0 
54161 1989 11 6 9966 9988 9926 -3 12 -10 56 94 84 0 4 32766 38 60 1 32766 32766 0 
54161 1989 11 7 10017 10030 9988 -12 14 -49 44 80 57 0 5 32766 13 30 1 32766 32766 0 
54161 1989 11 8 10046 10063 10022 -33 7 -66 23 49 36 0 16 32766 40 43 2 32766 32766 85 
54161 1989 11 9 10019 10050 10005 -55 -6 -89 19 48 30 0 13 32766 23 37 2 32766 32766 81 
54161 1989 11 10 9998 10017 9978 -40 16 -86 23 53 19 0 13 32766 25 73 12 32766 32766 81 
54161 1989 11 11 9953 9977 9936 -7 47 -60 31 51 37 0 15 32766 35 77 11 32766 32766 56 
54161 1989 11 12 9969 9981 9948 -22 33 -54 26 53 23 0 16 32766 33 80 16 32766 32766 60 
54161 1989 11 13 10048 10063 9981 -98 -53 -128 13 45 33 0 17 32766 43 93 15 32766 32766 82 
54161 1989 11 14 10053 10068 10035 -70 -13 -116 13 38 17 0 14 32766 35 57 12 32766 32766 82 
54161 1989 11 15 9976 10035 9934 -33 22 -95 20 45 18 0 19 32766 43 57 10 32766 32766 61 
54161 1989 11 16 9925 9944 9910 -5 35 -52 35 60 40 32700 17 32766 48 83 11 32766 32766 81 
54161 1989 11 17 9892 9919 9866 -25 2 -63 31 59 43 0 19 32766 50 100 12 32766 32766 77 
54161 1989 11 18 9945 9961 9919 -82 -57 -102 19 59 34 1 8 32766 50 100 16 32766 32766 70 
54161 1989 11 19 9924 9961 9902 -53 13 -117 14 37 17 0 21 32766 58 103 11 32766 32766 78 
54161 1989 11 20 9938 9965 9902 -23 37 -65 24 47 29 0 21 32766 45 73 11 32766 32766 78 
54161 1989 11 21 9952 9967 9939 -2 65 -56 26 44 24 0 28 32766 53 100 12 32766 32766 80 
54161 1989 11 22 9949 9961 9939 -17 37 -50 31 62 29 0 13 32766 28 70 13 32766 32766 79 
54161 1989 11 23 9975 9985 9961 -24 38 -70 23 47 29 0 14 32766 33 47 12 32766 32766 78 
54161 1989 11 24 9976 9989 9960 -8 53 -50 25 45 28 0 21 32766 48 80 12 32766 32766 82 
54161 1989 11 25 9952 9970 9933 18 75 -31 32 47 28 0 29 32766 68 127 12 32766 32766 75 
54161 1989 11 26 9931 9940 9923 -5 26 -26 41 68 45 0 14 32766 38 70 2 32766 32766 0 
54161 1989 11 27 9939 9953 9933 -79 -27 -100 25 73 55 2 8 32766 50 73 1 32766 32766 7 
54161 1989 11 28 9969 9980 9953 -116 -77 -140 15 60 40 0 7 32766 35 77 16 32766 32766 73 
54161 1989 11 29 9968 9975 9959 -118 -63 -159 14 59 39 0 14 32766 38 73 16 32766 32766 76 
54161 1989 11 30 9990 10010 9973 -83 -10 -137 20 61 41 0 10 32766 45 70 13 32766 32766 77 
54161 1989 12 1 9909 9992 9855 -16 52 -78 32 59 41 0 21 32766 78 123 12 32766 32766 79 
54161 1989 12 2 9828 9872 9782 -13 35 -76 26 49 32 0 30 32766 60 133 12 32766 32766 30 
54161 1989 12 3 9731 9790 9655 27 117 -31 38 53 29 3 48 32766 75 180 12 32766 32766 37 
54161 1989 12 4 9901 9926 9780 -86 -31 -127 15 46 32 0 14 32766 40 83 14 32766 32766 78 
54161 1989 12 5 9934 9967 9907 -85 -61 -117 15 45 26 32700 9 32766 20 60 1 32766 32766 50 
54161 1989 12 6 9942 9970 9923 -105 -70 -143 13 48 26 0 4 32766 15 27 3 32766 32766 0 
54161 1989 12 7 9909 9923 9898 -118 -70 -160 14 59 33 3 6 32766 18 40 14 32766 32766 73 
54161 1989 12 8 9902 9927 9877 -104 -50 -154 16 56 45 0 8 32766 45 90 12 32766 32766 41 
54161 1989 12 9 9957 9976 9877 -85 -29 -145 18 60 32 0 7 32766 18 43 12 32766 32766 76 
54161 1989 12 10 9945 9984 9918 -32 13 -60 22 44 33 0 20 32766 45 100 13 32766 32766 35 
54161 1989 12 11 10049 10070 9984 -103 -55 -132 12 43 32 0 12 32766 28 53 13 32766 32766 73 
54161 1989 12 12 10093 10112 10069 -116 -66 -165 11 45 33 0 5 32766 13 30 15 32766 32766 75 
54161 1989 12 13 9982 10073 9957 -97 -63 -144 18 60 48 3 6 32766 33 60 12 32766 32766 0 
54161 1989 12 14 9983 10009 9954 -107 -62 -165 21 77 52 32700 3 32766 28 50 10 32766 32766 66 
54161 1989 12 15 9923 9954 9897 -75 -17 -109 22 64 38 0 8 32766 38 80 12 32766 32766 74 
54161 1989 12 16 9952 9963 9941 -113 -77 -149 13 49 41 0 6 32766 20 50 4 32766 32766 68 
54161 1989 12 17 10032 10093 9947 -135 -93 -168 12 56 37 0 6 32766 30 47 1 32766 32766 63 
54161 1989 12 18 10145 10162 10093 -159 -103 -198 11 62 36 0 4 32766 15 47 16 32766 32766 76 
54161 1989 12 19 10078 10148 10030 -130 -57 -174 10 45 28 0 9 32766 20 40 9 32766 32766 71 
54161 1989 12 20 10040 10058 10025 -155 -115 -177 10 56 34 0 4 32766 35 70 2 32766 32766 70 
54161 1989 12 21 10061 10072 10049 -192 -146 -234 8 63 45 0 2 32766 23 60 3 32766 32766 73 
54161 1989 12 22 10016 10049 9986 -133 -78 -190 11 52 37 0 6 32766 25 37 10 32766 32766 58 
54161 1989 12 23 9962 9987 9949 -103 -27 -149 16 62 29 0 7 32766 15 33 8 32766 32766 74 
54161 1989 12 24 9929 9953 9915 -82 -29 -126 18 59 34 0 6 32766 18 30 8 32766 32766 57 
54161 1989 12 25 9902 9915 9890 -93 -52 -150 22 68 43 7 5 32766 50 97 12 32766 32766 28 
54161 1989 12 26 9911 9918 9902 -175 -143 -197 11 73 58 3 3 32766 58 93 13 32766 32766 25 
54161 1989 12 27 9913 9923 9906 -154 -124 -180 13 71 58 7 6 32766 50 90 12 32766 32766 55 
54161 1989 12 28 9895 9914 9881 -136 -90 -166 15 69 46 0 4 32766 28 57 12 32766 32766 39 
54161 1989 12 29 9927 9942 9900 -162 -128 -185 14 79 64 3 2 32766 18 43 16 32766 32766 40 
54161 1989 12 30 9951 9963 9938 -172 -137 -195 13 85 78 2 3 32766 23 47 13 32766 32766 7 
54161 1989 12 31 9964 9973 9959 -150 -115 -177 15 79 60 32700 2 32766 3 30 3 32766 32766 41 
54161 1990 1 1 9973 9982 9965 -181 -133 -226 13 84 74 0 1 32766 8 23 3 32766 32766 42 
54161 1990 1 2 9991 10002 9977 -173 -130 -200 12 76 58 0 2 32766 10 33 16 32766 32766 64 
54161 1990 1 3 9991 10002 9974 -176 -107 -232 11 70 47 0 2 32766 30 47 12 32766 32766 77 
