V01000 V04001 V04002 V04003 V10004 V10201 V10202 V12001 V12052 V12053 V13004 V13003 V13007 V13201 V13241 V13242 V11002 V11042 V11212 V11041 V11043 V14032
56080 1968 1 4 7119 32766 32766 -101 53 -218 10 43 314 0 32766 32766 10 32766 32766 32766 32766 83 
56080 1968 1 5 7092 32766 32766 -91 -22 -127 19 61 332 32700 32766 32766 8 32766 32766 32766 32766 35 
56080 1968 1 6 7109 32766 32766 -100 16 -189 17 68 329 0 32766 32766 5 32766 32766 32766 32766 87 
56080 1968 1 7 7131 32766 32766 -115 -29 -174 19 75 352 32700 32766 32766 0 32766 32766 32766 32766 63 
56080 1968 1 8 7093 32766 32766 -115 -52 -178 18 74 351 32700 32766 32766 0 32766 32766 32766 32766 0 
56080 1968 1 9 7103 32766 32766 -88 -2 -165 17 57 335 0 32766 32766 10 32766 32766 32766 32766 63 
56080 1968 1 10 7146 32766 32766 -100 14 -194 17 61 340 0 32766 32766 0 32766 32766 32766 32766 88 
56080 1968 1 11 7114 32766 32766 -87 58 -184 18 61 330 0 32766 32766 18 32766 32766 32766 32766 78 
56080 1968 1 12 7113 32766 32766 -90 3 -160 14 52 320 0 32766 32766 10 32766 32766 32766 32766 87 
56080 1968 1 13 7128 32766 32766 -112 8 -205 11 47 324 0 32766 32766 0 32766 32766 32766 32766 82 
56080 1968 1 14 7155 32766 32766 -127 -17 -204 13 58 333 0 32766 32766 5 32766 32766 32766 32766 89 
56080 1968 1 15 7131 32766 32766 -100 -14 -165 18 62 346 32700 32766 32766 15 32766 32766 32766 32766 72 
56080 1968 1 16 7127 32766 32766 -107 -9 -194 13 53 325 0 32766 32766 10 32766 32766 32766 32766 89 
56080 1968 1 17 7088 32766 32766 -88 9 -182 9 34 306 0 32766 32766 25 32766 32766 32766 32766 87 
56080 1968 1 18 7066 32766 32766 -98 35 -200 10 44 313 0 32766 32766 5 32766 32766 32766 32766 90 
56080 1968 1 19 7074 32766 32766 -72 65 -188 18 54 331 0 32766 32766 10 32766 32766 32766 32766 87 
56080 1968 1 20 7066 32766 32766 -89 35 -179 16 58 318 0 32766 32766 13 32766 32766 32766 32766 85 
56080 1968 1 21 7055 32766 32766 -101 -23 -145 21 73 354 32700 32766 32766 13 32766 32766 32766 32766 43 
56080 1968 1 22 7055 32766 32766 -91 -49 -110 21 69 342 31001 32766 32766 5 32766 32766 32766 32766 0 
56080 1968 1 23 7082 32766 32766 -98 14 -174 13 51 318 31001 32766 32766 5 32766 32766 32766 32766 86 
56080 1968 1 24 7073 32766 32766 -117 -8 -204 8 42 316 0 32766 32766 8 32766 32766 32766 32766 43 
56080 1968 1 25 7085 32766 32766 -105 21 -206 8 36 310 0 32766 32766 10 32766 32766 32766 32766 64 
56080 1968 1 26 7084 32766 32766 -107 -3 -207 11 47 315 0 32766 32766 10 32766 32766 32766 32766 52 
56080 1968 1 27 7065 32766 32766 -87 65 -196 12 45 320 0 32766 32766 5 32766 32766 32766 32766 72 
56080 1968 1 28 7071 32766 32766 -57 3 -95 17 45 327 32700 32766 32766 20 32766 32766 32766 32766 76 
56080 1968 1 29 7044 32766 32766 -82 0 -132 22 71 348 0 32766 32766 18 32766 32766 32766 32766 62 
56080 1968 1 30 7073 32766 32766 -76 39 -169 25 74 346 31006 32766 32766 5 32766 32766 32766 32766 74 
56080 1968 1 31 7047 32766 32766 -104 -33 -128 23 82 364 32700 32766 32766 33 32766 32766 32766 32766 33 
56080 1968 2 1 7063 32766 32766 -116 -15 -189 15 63 344 32700 32766 32766 20 32766 32766 32766 32766 83 
56080 1968 2 2 7062 32766 32766 -112 -21 -190 14 62 322 32700 32766 32766 10 32766 32766 32766 32766 80 
56080 1968 2 3 7076 32766 32766 -135 -50 -189 14 68 339 32700 32766 32766 13 32766 32766 32766 32766 33 
56080 1968 2 4 7063 32766 32766 -117 -36 -176 16 67 341 31002 32766 32766 10 32766 32766 32766 32766 74 
56080 1968 2 5 7070 32766 32766 -131 -56 -189 13 65 328 0 32766 32766 20 32766 32766 32766 32766 58 
56080 1968 2 6 7064 32766 32766 -132 -34 -190 13 59 333 0 32766 32766 20 32766 32766 32766 32766 87 
56080 1968 2 7 7081 32766 32766 -140 -33 -212 13 68 340 32700 32766 32766 23 32766 32766 32766 32766 93 
56080 1968 2 8 7068 32766 32766 -136 -93 -164 15 68 356 32700 32766 32766 30 32766 32766 32766 32766 13 
56080 1968 2 9 7112 32766 32766 -150 -112 -173 14 73 362 32700 32766 32766 13 32766 32766 32766 32766 14 
56080 1968 2 10 7110 32766 32766 -128 -36 -201 14 64 345 0 32766 32766 5 32766 32766 32766 32766 86 
56080 1968 2 11 7100 32766 32766 -95 -22 -125 19 66 337 31002 32766 32766 8 32766 32766 32766 32766 43 
56080 1968 2 12 7113 32766 32766 -129 -29 -212 16 72 350 31001 32766 32766 8 32766 32766 32766 32766 76 
56080 1968 2 13 7104 32766 32766 -110 -7 -205 10 52 309 0 32766 32766 15 32766 32766 32766 32766 96 
56080 1968 2 14 7074 32766 32766 -104 3 -199 10 44 309 0 32766 32766 13 32766 32766 32766 32766 90 
56080 1968 2 15 7078 32766 32766 -92 9 -159 17 56 330 0 32766 32766 5 32766 32766 32766 32766 62 
56080 1968 2 16 7074 32766 32766 -89 40 -193 16 62 316 0 32766 32766 15 32766 32766 32766 32766 66 
56080 1968 2 17 7096 32766 32766 -99 -10 -182 14 60 309 0 32766 32766 20 32766 32766 32766 32766 66 
56080 1968 2 18 7103 32766 32766 -114 -14 -193 13 61 324 32700 32766 32766 23 32766 32766 32766 32766 63 
56080 1968 2 19 7121 32766 32766 -119 -9 -204 12 59 319 0 32766 32766 20 32766 32766 32766 32766 100 
56080 1968 2 20 7129 32766 32766 -110 15 -221 9 47 313 0 32766 32766 5 32766 32766 32766 32766 101 
56080 1968 2 21 7094 32766 32766 -99 26 -208 9 38 311 0 32766 32766 20 32766 32766 32766 32766 90 
56080 1968 2 22 7116 32766 32766 -82 0 -126 17 51 337 0 32766 32766 0 32766 32766 32766 32766 59 
56080 1968 2 23 7135 32766 32766 -77 35 -144 22 68 341 32700 32766 32766 5 32766 32766 32766 32766 68 
56080 1968 2 24 7140 32766 32766 -60 13 -128 24 70 338 31011 32766 32766 18 32766 32766 32766 32766 38 
56080 1968 2 25 7160 32766 32766 -76 36 -169 17 52 315 0 32766 32766 5 32766 32766 32766 32766 102 
56080 1968 2 26 7088 32766 32766 -65 78 -175 8 31 300 0 32766 32766 18 32766 32766 32766 32766 89 
56080 1968 2 27 7086 32766 32766 -62 41 -142 16 45 319 0 32766 32766 20 32766 32766 32766 32766 73 
56080 1968 2 28 7126 32766 32766 -69 3 -138 26 73 353 31003 32766 32766 18 32766 32766 32766 32766 45 
56080 1968 2 29 7141 32766 32766 -75 -48 -90 31 88 384 31021 32766 32766 33 32766 32766 32766 32766 3 
56080 1968 3 1 7164 32766 32766 -91 -20 -181 22 75 346 31004 32766 32766 5 32766 32766 32766 32766 55 
56080 1968 3 2 7170 32766 32766 -77 50 -176 21 70 328 0 32766 32766 5 32766 32766 32766 32766 105 
56080 1968 3 3 7121 32766 32766 -5 118 -135 15 47 301 0 32766 32766 43 32766 32766 32766 32766 102 
56080 1968 3 4 7103 32766 32766 17 117 -90 17 31 311 0 32766 32766 10 32766 32766 32766 32766 56 
56080 1968 3 5 7093 32766 32766 13 152 -108 21 41 311 0 32766 32766 5 32766 32766 32766 32766 104 
56080 1968 3 6 7096 32766 32766 -31 37 -74 33 69 351 31002 32766 32766 25 32766 32766 32766 32766 71 
56080 1968 3 7 7141 32766 32766 -60 7 -84 32 82 371 31022 32766 32766 15 32766 32766 32766 32766 61 
56080 1968 3 8 7148 32766 32766 -56 49 -123 31 79 353 32700 32766 32766 5 32766 32766 32766 32766 96 
56080 1968 3 9 7123 32766 32766 -12 85 -65 32 61 330 31001 32766 32766 18 32766 32766 32766 32766 66 
56080 1968 3 10 7112 32766 32766 12 80 -48 26 49 309 32700 32766 32766 25 32766 32766 32766 32766 76 
56080 1968 3 11 7136 32766 32766 -23 74 -119 21 51 308 0 32766 32766 15 32766 32766 32766 32766 99 
56080 1968 3 12 7137 32766 32766 -13 105 -101 25 55 320 0 32766 32766 8 32766 32766 32766 32766 88 
56080 1968 3 13 7131 32766 32766 -5 116 -92 27 53 319 0 32766 32766 0 32766 32766 32766 32766 84 
56080 1968 3 14 7110 32766 32766 7 117 -90 28 52 323 0 32766 32766 5 32766 32766 32766 32766 89 
56080 1968 3 15 7126 32766 32766 12 123 -77 31 52 323 0 32766 32766 3 32766 32766 32766 32766 91 
56080 1968 3 16 7119 32766 32766 21 150 -77 31 55 316 0 32766 32766 3 32766 32766 32766 32766 77 
56080 1968 3 17 7108 32766 32766 30 148 -62 35 53 316 0 32766 32766 8 32766 32766 32766 32766 104 
56080 1968 3 18 7085 32766 32766 19 112 -34 45 66 346 0 32766 32766 10 32766 32766 32766 32766 59 
56080 1968 3 19 7062 32766 32766 35 141 -31 46 65 325 32700 32766 32766 18 32766 32766 32766 32766 51 
56080 1968 3 20 7067 32766 32766 5 89 -33 38 60 353 32700 32766 32766 20 32766 32766 32766 32766 13 
56080 1968 3 21 7060 32766 32766 5 93 -39 46 74 360 32700 32766 32766 10 32766 32766 32766 32766 47 
56080 1968 3 22 7083 32766 32766 -18 27 -43 45 84 377 31005 32766 32766 33 32766 32766 32766 32766 0 
56080 1968 3 23 7110 32766 32766 -29 40 -55 38 77 354 31010 32766 32766 23 32766 32766 32766 32766 44 
56080 1968 3 24 7107 32766 32766 -27 33 -102 34 71 341 31004 32766 32766 28 32766 32766 32766 32766 34 
56080 1968 3 25 7097 32766 32766 1 82 -53 23 48 310 0 32766 32766 18 32766 32766 32766 32766 81 
56080 1968 3 26 7081 32766 32766 9 125 -88 28 54 315 0 32766 32766 10 32766 32766 32766 32766 89 
56080 1968 3 27 7042 32766 32766 22 122 -54 31 50 317 0 32766 32766 8 32766 32766 32766 32766 82 
56080 1968 3 28 7084 32766 32766 -36 41 -66 41 87 371 31053 32766 32766 8 32766 32766 32766 32766 0 
56080 1968 3 29 7111 32766 32766 -38 52 -89 33 72 357 31001 32766 32766 13 32766 32766 32766 32766 85 
56080 1968 3 30 7093 32766 32766 -27 -1 -40 40 79 371 32700 32766 32766 38 32766 32766 32766 32766 0 
56080 1968 3 31 7112 32766 32766 -42 -13 -61 38 84 368 32700 32766 32766 18 32766 32766 32766 32766 0 
56080 1968 4 1 7094 32766 32766 -14 65 -86 31 61 333 31002 32766 32766 0 32766 32766 32766 32766 99 
56080 1968 4 2 7160 32766 32766 -11 60 -69 33 64 325 32700 32766 32766 15 32766 32766 32766 32766 95 
56080 1968 4 3 7177 32766 32766 2 70 -75 34 60 326 0 32766 32766 15 32766 32766 32766 32766 109 
56080 1968 4 4 7183 32766 32766 -2 82 -80 23 47 315 0 32766 32766 0 32766 32766 32766 32766 111 
56080 1968 4 5 7132 32766 32766 17 120 -89 32766 32766 309 0 32766 32766 10 32766 32766 32766 32766 118 
56080 1968 4 6 7088 32766 32766 45 171 -76 32766 32766 307 0 32766 32766 28 32766 32766 32766 32766 107 
56080 1968 4 7 7113 32766 32766 -1 91 -42 39 66 342 0 32766 32766 33 32766 32766 32766 32766 50 
56080 1968 4 8 7139 32766 32766 -8 94 -48 40 67 349 32700 32766 32766 15 32766 32766 32766 32766 40 
56080 1968 4 9 7153 32766 32766 -5 99 -78 37 66 342 31007 32766 32766 23 32766 32766 32766 32766 53 
56080 1968 4 10 7155 32766 32766 -5 70 -38 37 64 349 31010 32766 32766 10 32766 32766 32766 32766 38 
56080 1968 4 11 7177 32766 32766 -29 26 -66 35 72 354 31014 32766 32766 25 32766 32766 32766 32766 61 
56080 1968 4 12 7123 32766 32766 24 113 -37 37 58 328 32700 32766 32766 8 32766 32766 32766 32766 102 
56080 1968 4 13 7106 32766 32766 48 160 -48 40 53 316 0 32766 32766 10 32766 32766 32766 32766 98 
56080 1968 4 14 7129 32766 32766 31 111 -25 47 63 348 32700 32766 32766 40 32766 32766 32766 32766 62 
56080 1968 4 15 7138 32766 32766 22 79 -29 52 74 353 32700 32766 32766 10 32766 32766 32766 32766 0 
56080 1968 4 16 7135 32766 32766 36 122 -16 57 77 340 11 32766 32766 13 32766 32766 32766 32766 54 
56080 1968 4 17 7154 32766 32766 25 53 5 63 86 371 22 32766 32766 13 32766 32766 32766 32766 0 
56080 1968 4 18 7163 32766 32766 8 54 -24 52 81 359 30107 32766 32766 13 32766 32766 32766 32766 89 
56080 1968 4 19 7172 32766 32766 38 109 -10 44 62 326 32700 32766 32766 13 32766 32766 32766 32766 102 
56080 1968 4 20 7151 32766 32766 61 158 -36 36 49 313 0 32766 32766 28 32766 32766 32766 32766 117 
56080 1968 4 21 7114 32766 32766 70 191 -27 37 44 311 0 32766 32766 30 32766 32766 32766 32766 71 
56080 1968 4 22 7118 32766 32766 76 173 -10 52 57 327 0 32766 32766 8 32766 32766 32766 32766 89 
56080 1968 4 23 7083 32766 32766 65 210 -12 51 63 318 32700 32766 32766 23 32766 32766 32766 32766 70 
56080 1968 4 24 7178 32766 32766 -39 17 -81 33 72 352 31060 32766 32766 23 32766 32766 32766 32766 79 
56080 1968 4 25 7193 32766 32766 19 124 -61 40 62 338 0 32766 32766 5 32766 32766 32766 32766 107 
56080 1968 4 26 7179 32766 32766 59 169 -47 34 47 313 0 32766 32766 5 32766 32766 32766 32766 123 
56080 1968 4 27 7149 32766 32766 76 207 -50 35 42 313 0 32766 32766 8 32766 32766 32766 32766 111 
56080 1968 4 28 7137 32766 32766 91 199 -50 46 45 323 32700 32766 32766 13 32766 32766 32766 32766 84 
56080 1968 4 29 7148 32766 32766 93 196 -19 48 46 321 0 32766 32766 10 32766 32766 32766 32766 84 
56080 1968 4 30 7138 32766 32766 103 197 22 63 53 339 1 32766 32766 33 32766 32766 32766 32766 116 
56080 1968 5 1 7142 32766 32766 101 195 21 63 56 327 0 32766 32766 8 32766 32766 32766 32766 109 
56080 1968 5 2 7104 32766 32766 90 195 -9 71 63 337 6 32766 32766 18 32766 32766 32766 32766 72 
56080 1968 5 3 7083 32766 32766 97 157 51 85 72 354 78 32766 32766 33 32766 32766 32766 32766 96 
56080 1968 5 4 7112 32766 32766 52 105 20 63 72 355 62 32766 32766 13 32766 32766 32766 32766 0 
56080 1968 5 5 7105 32766 32766 29 89 -10 65 86 367 30047 32766 32766 5 32766 32766 32766 32766 16 
56080 1968 5 6 7103 32766 32766 21 48 -2 66 94 388 30060 32766 32766 18 32766 32766 32766 32766 0 
56080 1968 5 7 7129 32766 32766 18 54 -6 61 88 373 30036 32766 32766 13 32766 32766 32766 32766 0 
56080 1968 5 8 7117 32766 32766 48 113 6 68 79 366 9 32766 32766 13 32766 32766 32766 32766 32 
56080 1968 5 9 7107 32766 32766 56 110 29 75 83 370 18 32766 32766 10 32766 32766 32766 32766 30 
56080 1968 5 10 7124 32766 32766 55 107 13 73 82 369 50 32766 32766 8 32766 32766 32766 32766 11 
56080 1968 5 11 7161 32766 32766 52 88 14 67 76 357 13 32766 32766 0 32766 32766 32766 32766 7 
56080 1968 5 12 7184 32766 32766 53 117 0 66 76 347 30018 32766 32766 15 32766 32766 32766 32766 89 
56080 1968 5 13 7151 32766 32766 46 132 -15 61 75 342 9 32766 32766 13 32766 32766 32766 32766 79 
56080 1968 5 14 7117 32766 32766 64 110 20 68 71 361 1 32766 32766 15 32766 32766 32766 32766 50 
56080 1968 5 15 7122 32766 32766 65 148 -25 50 57 326 0 32766 32766 20 32766 32766 32766 32766 128 
56080 1968 5 16 7156 32766 32766 69 153 -13 64 69 336 5 32766 32766 10 32766 32766 32766 32766 82 
56080 1968 5 17 7148 32766 32766 62 127 -13 67 73 344 32700 32766 32766 0 32766 32766 32766 32766 54 
56080 1968 5 18 7161 32766 32766 70 135 22 75 77 359 4 32766 32766 23 32766 32766 32766 32766 59 
56080 1968 5 19 7129 32766 32766 73 166 -12 68 71 338 15 32766 32766 10 32766 32766 32766 32766 97 
56080 1968 5 20 7127 32766 32766 95 187 51 79 70 338 32 32766 32766 15 32766 32766 32766 32766 97 
56080 1968 5 21 7141 32766 32766 69 142 21 77 80 348 57 32766 32766 23 32766 32766 32766 32766 55 
56080 1968 5 22 7145 32766 32766 77 152 25 85 82 366 45 32766 32766 18 32766 32766 32766 32766 95 
56080 1968 5 23 7153 32766 32766 53 111 11 65 75 353 32700 32766 32766 10 32766 32766 32766 32766 0 
56080 1968 5 24 7146 32766 32766 62 131 10 64 70 355 11 32766 32766 23 32766 32766 32766 32766 95 
56080 1968 5 25 7139 32766 32766 63 105 9 67 72 353 55 32766 32766 15 32766 32766 32766 32766 39 
56080 1968 5 26 7140 32766 32766 54 127 -6 61 71 348 32700 32766 32766 5 32766 32766 32766 32766 70 
56080 1968 5 27 7154 32766 32766 56 115 1 66 74 355 34 32766 32766 28 32766 32766 32766 32766 81 
56080 1968 5 28 7159 32766 32766 65 134 -3 59 65 338 32700 32766 32766 13 32766 32766 32766 32766 57 
56080 1968 5 29 7169 32766 32766 68 147 -20 59 64 340 0 32766 32766 18 32766 32766 32766 32766 111 
56080 1968 5 30 7157 32766 32766 74 139 -1 68 67 350 0 32766 32766 18 32766 32766 32766 32766 119 
56080 1968 5 31 7165 32766 32766 89 183 -6 66 62 332 32700 32766 32766 5 32766 32766 32766 32766 104 
56080 1968 6 1 7183 32766 32766 95 190 -5 67 61 337 0 32766 32766 5 32766 32766 32766 32766 92 
56080 1968 6 2 7185 32766 32766 75 150 14 75 73 359 32700 32766 32766 10 32766 32766 32766 32766 80 
56080 1968 6 3 7148 32766 32766 90 193 -16 70 68 334 0 32766 32766 5 32766 32766 32766 32766 113 
56080 1968 6 4 7127 32766 32766 109 211 14 84 68 338 18 32766 32766 0 32766 32766 32766 32766 101 
56080 1968 6 5 7149 32766 32766 100 172 22 86 74 348 32700 32766 32766 15 32766 32766 32766 32766 29 
56080 1968 6 6 7173 32766 32766 115 169 51 98 74 355 8 32766 32766 10 32766 32766 32766 32766 51 
56080 1968 6 7 7161 32766 32766 90 137 64 98 86 380 92 32766 32766 25 32766 32766 32766 32766 20 
56080 1968 6 8 7197 32766 32766 84 150 7 72 69 345 32700 32766 32766 23 32766 32766 32766 32766 119 
56080 1968 6 9 7181 32766 32766 89 176 5 72 67 336 0 32766 32766 8 32766 32766 32766 32766 107 
56080 1968 6 10 7162 32766 32766 79 165 34 79 76 352 43 32766 32766 30 32766 32766 32766 32766 90 
56080 1968 6 11 7148 32766 32766 96 187 -4 74 68 339 27 32766 32766 0 32766 32766 32766 32766 121 
56080 1968 6 12 7116 32766 32766 99 192 11 72 65 327 32700 32766 32766 8 32766 32766 32766 32766 82 
56080 1968 6 13 7117 32766 32766 101 190 19 81 69 339 10 32766 32766 10 32766 32766 32766 32766 58 
56080 1968 6 14 7162 32766 32766 74 110 43 74 72 363 6 32766 32766 10 32766 32766 32766 32766 0 
56080 1968 6 15 7142 32766 32766 93 196 3 87 77 343 48 32766 32766 3 32766 32766 32766 32766 72 
56080 1968 6 16 7159 32766 32766 108 168 55 80 65 341 55 32766 32766 30 32766 32766 32766 32766 65 
56080 1968 6 17 7160 32766 32766 107 167 64 79 63 348 2 32766 32766 18 32766 32766 32766 32766 89 
56080 1968 6 18 7156 32766 32766 87 161 10 76 69 351 12 32766 32766 13 32766 32766 32766 32766 81 
56080 1968 6 19 7143 32766 32766 113 190 14 72 60 326 32700 32766 32766 0 32766 32766 32766 32766 110 
56080 1968 6 20 7130 32766 32766 101 174 38 73 64 325 1 32766 32766 15 32766 32766 32766 32766 45 
56080 1968 6 21 7135 32766 32766 83 128 51 88 82 364 48 32766 32766 5 32766 32766 32766 32766 9 
56080 1968 6 22 7123 32766 32766 89 149 55 95 84 370 39 32766 32766 8 32766 32766 32766 32766 21 
56080 1968 6 23 7114 32766 32766 100 176 39 81 71 338 32700 32766 32766 23 32766 32766 32766 32766 53 
56080 1968 6 24 7127 32766 32766 113 182 52 93 72 343 1 32766 32766 10 32766 32766 32766 32766 72 
56080 1968 6 25 7154 32766 32766 104 165 27 82 68 341 21 32766 32766 10 32766 32766 32766 32766 105 
56080 1968 6 26 7143 32766 32766 112 202 4 73 61 324 32700 32766 32766 13 32766 32766 32766 32766 125 
56080 1968 6 27 7126 32766 32766 107 188 26 87 69 343 22 32766 32766 5 32766 32766 32766 32766 81 
56080 1968 6 28 7123 32766 32766 121 184 79 111 80 361 3 32766 32766 10 32766 32766 32766 32766 27 
56080 1968 6 29 7118 32766 32766 125 198 54 103 74 342 32700 32766 32766 10 32766 32766 32766 32766 41 
56080 1968 6 30 7128 32766 32766 126 150 110 125 86 381 77 32766 32766 15 32766 32766 32766 32766 0 
56080 1968 7 1 7142 32766 32766 107 133 91 115 89 386 31 32766 32766 33 32766 32766 32766 32766 0 
56080 1968 7 2 7133 32766 32766 112 150 95 117 89 376 109 32766 32766 13 32766 32766 32766 32766 0 
56080 1968 7 3 7144 32766 32766 131 185 73 105 74 345 12 32766 32766 10 32766 32766 32766 32766 106 
56080 1968 7 4 7147 32766 32766 128 219 48 105 73 347 0 32766 32766 5 32766 32766 32766 32766 80 
56080 1968 7 5 7144 32766 32766 113 164 96 110 83 371 43 32766 32766 20 32766 32766 32766 32766 0 
56080 1968 7 6 7141 32766 32766 106 152 55 99 80 363 3 32766 32766 15 32766 32766 32766 32766 88 
56080 1968 7 7 7151 32766 32766 94 158 23 79 71 348 13 32766 32766 23 32766 32766 32766 32766 91 
56080 1968 7 8 7136 32766 32766 103 184 25 80 68 342 13 32766 32766 5 32766 32766 32766 32766 108 
56080 1968 7 9 7115 32766 32766 114 220 8 82 66 335 32700 32766 32766 5 32766 32766 32766 32766 113 
56080 1968 7 10 7111 32766 32766 132 227 31 97 68 335 0 32766 32766 13 32766 32766 32766 32766 100 
56080 1968 7 11 7127 32766 32766 126 182 86 116 81 364 234 32766 32766 10 32766 32766 32766 32766 56 
56080 1968 7 12 7138 32766 32766 117 184 59 93 67 362 89 32766 32766 5 32766 32766 32766 32766 94 
56080 1968 7 13 7133 32766 32766 116 178 36 98 73 359 4 32766 32766 5 32766 32766 32766 32766 68 
56080 1968 7 14 7136 32766 32766 113 166 58 98 75 357 1 32766 32766 13 32766 32766 32766 32766 67 
56080 1968 7 15 7139 32766 32766 126 197 43 96 69 347 2 32766 32766 13 32766 32766 32766 32766 132 
56080 1968 7 16 7142 32766 32766 105 150 72 104 82 373 32700 32766 32766 0 32766 32766 32766 32766 6 
56080 1968 7 17 7145 32766 32766 107 185 28 88 73 342 32700 32766 32766 10 32766 32766 32766 32766 72 
56080 1968 7 18 7138 32766 32766 110 193 10 74 63 330 32700 32766 32766 13 32766 32766 32766 32766 97 
56080 1968 7 19 7150 32766 32766 118 200 28 81 64 332 32700 32766 32766 18 32766 32766 32766 32766 117 
56080 1968 7 20 7156 32766 32766 124 207 57 86 64 341 32700 32766 32766 8 32766 32766 32766 32766 110 
56080 1968 7 21 7144 32766 32766 118 217 22 87 67 335 6 32766 32766 0 32766 32766 32766 32766 121 
56080 1968 7 22 7140 32766 32766 127 217 29 84 62 333 0 32766 32766 10 32766 32766 32766 32766 84 
56080 1968 7 23 7142 32766 32766 132 226 55 99 70 329 22 32766 32766 5 32766 32766 32766 32766 103 
56080 1968 7 24 7158 32766 32766 128 208 63 115 80 349 36 32766 32766 25 32766 32766 32766 32766 61 
56080 1968 7 25 7160 32766 32766 136 181 104 133 86 372 198 32766 32766 5 32766 32766 32766 32766 23 
56080 1968 7 26 7155 32766 32766 117 161 97 126 92 386 289 32766 32766 15 32766 32766 32766 32766 24 
56080 1968 7 27 7161 32766 32766 93 122 73 106 91 377 380 32766 32766 0 32766 32766 32766 32766 0 
56080 1968 7 28 7152 32766 32766 125 202 65 112 80 359 5 32766 32766 0 32766 32766 32766 32766 108 
56080 1968 7 29 7152 32766 32766 126 217 49 106 75 349 5 32766 32766 3 32766 32766 32766 32766 104 
56080 1968 7 30 7147 32766 32766 129 203 92 116 79 360 23 32766 32766 15 32766 32766 32766 32766 74 
56080 1968 7 31 7135 32766 32766 132 221 45 111 75 353 32700 32766 32766 5 32766 32766 32766 32766 87 
56080 1968 8 1 7120 32766 32766 112 162 98 122 92 388 236 32766 32766 15 32766 32766 32766 32766 0 
56080 1968 8 2 7150 32766 32766 80 114 49 101 94 385 154 32766 32766 18 32766 32766 32766 32766 1 
56080 1968 8 3 7159 32766 32766 95 186 46 103 87 365 32700 32766 32766 10 32766 32766 32766 32766 39 
56080 1968 8 4 7199 32766 32766 75 127 18 86 83 372 251 32766 32766 10 32766 32766 32766 32766 12 
56080 1968 8 5 7176 32766 32766 109 177 59 98 78 354 32700 32766 32766 8 32766 32766 32766 32766 72 
56080 1968 8 6 7157 32766 32766 85 162 27 81 74 357 22 32766 32766 13 32766 32766 32766 32766 74 
56080 1968 8 7 7154 32766 32766 75 158 -3 76 77 349 4 32766 32766 5 32766 32766 32766 32766 101 
56080 1968 8 8 7158 32766 32766 77 154 3 80 77 361 12 32766 32766 5 32766 32766 32766 32766 93 
56080 1968 8 9 7156 32766 32766 85 164 14 81 76 349 32700 32766 32766 0 32766 32766 32766 32766 55 
56080 1968 8 10 7165 32766 32766 79 144 31 82 79 350 18 32766 32766 0 32766 32766 32766 32766 57 
56080 1968 8 11 7170 32766 32766 71 178 3 74 77 342 32700 32766 32766 10 32766 32766 32766 32766 67 
56080 1968 8 12 7166 32766 32766 75 157 9 76 76 351 32700 32766 32766 15 32766 32766 32766 32766 101 
56080 1968 8 13 7164 32766 32766 81 168 -10 66 67 334 32700 32766 32766 5 32766 32766 32766 32766 110 
56080 1968 8 14 7161 32766 32766 98 198 -4 76 67 344 32700 32766 32766 10 32766 32766 32766 32766 110 
56080 1968 8 15 7147 32766 32766 108 217 11 82 68 336 32700 32766 32766 0 32766 32766 32766 32766 95 
56080 1968 8 16 7141 32766 32766 120 240 12 94 69 343 0 32766 32766 3 32766 32766 32766 32766 122 
56080 1968 8 17 7131 32766 32766 111 207 57 104 82 349 48 32766 32766 13 32766 32766 32766 32766 47 
56080 1968 8 18 7152 32766 32766 104 178 42 96 78 353 20 32766 32766 15 32766 32766 32766 32766 56 
56080 1968 8 19 7146 32766 32766 118 216 21 95 73 344 32700 32766 32766 15 32766 32766 32766 32766 105 
56080 1968 8 20 7137 32766 32766 113 169 84 106 79 370 21 32766 32766 13 32766 32766 32766 32766 19 
56080 1968 8 21 7131 32766 32766 138 223 90 111 73 346 0 32766 32766 20 32766 32766 32766 32766 92 
56080 1968 8 22 7135 32766 32766 135 230 64 118 78 355 73 32766 32766 8 32766 32766 32766 32766 85 
56080 1968 8 23 7110 32766 32766 143 214 104 131 82 357 44 32766 32766 20 32766 32766 32766 32766 64 
56080 1968 8 24 7121 32766 32766 139 178 115 134 85 371 13 32766 32766 23 32766 32766 32766 32766 30 
56080 1968 8 25 7165 32766 32766 95 141 58 97 82 372 88 32766 32766 10 32766 32766 32766 32766 5 
56080 1968 8 26 7128 32766 32766 133 232 90 120 79 362 0 32766 32766 25 32766 32766 32766 32766 73 
56080 1968 8 27 7139 32766 32766 100 137 77 113 91 388 169 32766 32766 35 32766 32766 32766 32766 0 
56080 1968 8 28 7161 32766 32766 106 165 67 106 83 369 32700 32766 32766 8 32766 32766 32766 32766 37 
56080 1968 8 29 7157 32766 32766 120 162 88 117 84 366 32700 32766 32766 10 32766 32766 32766 32766 6 
56080 1968 8 30 7147 32766 32766 119 136 99 120 86 378 10 32766 32766 8 32766 32766 32766 32766 0 
56080 1968 8 31 7126 32766 32766 134 200 95 122 81 366 11 32766 32766 18 32766 32766 32766 32766 82 
56080 1968 9 1 7154 32766 32766 132 184 105 124 82 367 2 32766 32766 10 32766 32766 32766 32766 12 
56080 1968 9 2 7163 32766 32766 130 192 78 117 79 359 188 32766 32766 28 32766 32766 32766 32766 82 
56080 1968 9 3 7156 32766 32766 113 177 55 106 81 358 4 32766 32766 15 32766 32766 32766 32766 43 
56080 1968 9 4 7152 32766 32766 111 189 75 109 84 363 48 32766 32766 13 32766 32766 32766 32766 59 
56080 1968 9 5 7117 32766 32766 101 141 72 107 87 375 22 32766 32766 8 32766 32766 32766 32766 0 
56080 1968 9 6 7124 32766 32766 123 178 93 122 87 360 91 32766 32766 8 32766 32766 32766 32766 35 
56080 1968 9 7 7164 32766 32766 86 126 41 90 81 367 219 32766 32766 10 32766 32766 32766 32766 23 
56080 1968 9 8 7172 32766 32766 107 178 64 102 79 366 54 32766 32766 13 32766 32766 32766 32766 79 
56080 1968 9 9 7176 32766 32766 93 124 60 100 86 380 32700 32766 32766 0 32766 32766 32766 32766 14 
56080 1968 9 10 7162 32766 32766 93 142 69 104 89 373 94 32766 32766 13 32766 32766 32766 32766 33 
56080 1968 9 11 7180 32766 32766 70 88 45 86 86 384 166 32766 32766 5 32766 32766 32766 32766 0 
56080 1968 9 12 7198 32766 32766 81 164 19 80 77 353 32700 32766 32766 15 32766 32766 32766 32766 66 
56080 1968 9 13 7184 32766 32766 97 187 18 86 75 344 32700 32766 32766 3 32766 32766 32766 32766 100 
56080 1968 9 14 7170 32766 32766 99 205 22 82 71 341 0 32766 32766 8 32766 32766 32766 32766 95 
56080 1968 9 15 7152 32766 32766 112 227 19 86 69 338 0 32766 32766 5 32766 32766 32766 32766 105 
56080 1968 9 16 7139 32766 32766 113 184 56 101 77 354 32700 32766 32766 10 32766 32766 32766 32766 55 
56080 1968 9 17 7154 32766 32766 97 139 73 102 85 378 18 32766 32766 28 32766 32766 32766 32766 15 
56080 1968 9 18 7171 32766 32766 69 115 49 87 87 383 32700 32766 32766 45 32766 32766 32766 32766 4 
56080 1968 9 19 7219 32766 32766 38 67 13 67 84 379 13 32766 32766 23 32766 32766 32766 32766 0 
56080 1968 9 20 7211 32766 32766 45 93 21 66 79 365 32700 32766 32766 18 32766 32766 32766 32766 44 
56080 1968 9 21 7194 32766 32766 61 150 12 67 75 349 32700 32766 32766 13 32766 32766 32766 32766 93 
56080 1968 9 22 7188 32766 32766 64 188 -35 48 62 317 0 32766 32766 10 32766 32766 32766 32766 102 
56080 1968 9 23 7156 32766 32766 67 160 -21 62 66 335 0 32766 32766 5 32766 32766 32766 32766 97 
56080 1968 9 24 7165 32766 32766 76 190 -10 57 61 329 32700 32766 32766 8 32766 32766 32766 32766 97 
56080 1968 9 25 7145 32766 32766 89 175 23 75 69 339 0 32766 32766 10 32766 32766 32766 32766 65 
56080 1968 9 26 7162 32766 32766 83 157 16 78 75 346 32700 32766 32766 10 32766 32766 32766 32766 57 
56080 1968 9 27 7211 32766 32766 39 107 15 65 81 367 32700 32766 32766 30 32766 32766 32766 32766 20 
56080 1968 9 28 7224 32766 32766 55 126 6 59 69 338 2 32766 32766 15 32766 32766 32766 32766 100 
56080 1968 9 29 7207 32766 32766 51 143 -25 56 69 337 0 32766 32766 3 32766 32766 32766 32766 71 
56080 1968 9 30 7173 32766 32766 74 120 31 73 72 358 32700 32766 32766 3 32766 32766 32766 32766 22 
56080 1968 10 1 7175 32766 32766 69 112 47 76 77 363 24 32766 32766 0 32766 32766 32766 32766 25 
56080 1968 10 2 7173 32766 32766 70 160 12 71 74 346 32700 32766 32766 10 32766 32766 32766 32766 79 
56080 1968 10 3 7137 32766 32766 84 217 -19 68 67 330 0 32766 32766 8 32766 32766 32766 32766 108 
56080 1968 10 4 7119 32766 32766 80 154 24 83 79 360 0 32766 32766 13 32766 32766 32766 32766 47 
56080 1968 10 5 7101 32766 32766 90 167 56 99 87 372 38 32766 32766 13 32766 32766 32766 32766 40 
56080 1968 10 6 7126 32766 32766 97 148 70 103 86 372 31 32766 32766 18 32766 32766 32766 32766 45 
56080 1968 10 7 7123 32766 32766 101 202 60 106 86 368 55 32766 32766 20 32766 32766 32766 32766 68 
56080 1968 10 8 7148 32766 32766 42 91 12 73 88 382 31 32766 32766 30 32766 32766 32766 32766 0 
56080 1968 10 9 7181 32766 32766 1 27 -15 50 81 367 32700 32766 32766 30 32766 32766 32766 32766 0 
56080 1968 10 10 7171 32766 32766 5 68 -37 52 83 365 31040 32766 32766 15 32766 32766 32766 32766 43 
56080 1968 10 11 7166 32766 32766 4 48 -18 57 90 380 31020 32766 32766 5 32766 32766 32766 32766 0 
56080 1968 10 12 7185 32766 32766 3 60 -28 53 86 371 31020 32766 32766 10 32766 32766 32766 32766 20 
56080 1968 10 13 7189 32766 32766 39 102 3 59 76 351 32700 32766 32766 18 32766 32766 32766 32766 74 
56080 1968 10 14 7172 32766 32766 33 102 -12 58 77 354 32700 32766 32766 8 32766 32766 32766 32766 31 
56080 1968 10 15 7176 32766 32766 9 44 -8 54 82 368 31024 32766 32766 20 32766 32766 32766 32766 16 
56080 1968 10 16 7181 32766 32766 -6 19 -22 47 82 363 31018 32766 32766 20 32766 32766 32766 32766 0 
56080 1968 10 17 7189 32766 32766 -4 42 -35 47 80 363 31011 32766 32766 0 32766 32766 32766 32766 24 
56080 1968 10 18 7191 32766 32766 -3 64 -33 47 80 359 32700 32766 32766 8 32766 32766 32766 32766 69 
56080 1968 10 19 7179 32766 32766 16 113 -50 36 60 315 0 32766 32766 20 32766 32766 32766 32766 101 
56080 1968 10 20 7174 32766 32766 11 126 -75 33 59 319 0 32766 32766 0 32766 32766 32766 32766 103 
56080 1968 10 21 7184 32766 32766 24 138 -65 30 52 316 0 32766 32766 10 32766 32766 32766 32766 74 
56080 1968 10 22 7203 32766 32766 5 111 -59 36 65 319 0 32766 32766 18 32766 32766 32766 32766 90 
56080 1968 10 23 7232 32766 32766 -4 95 -80 30 58 325 0 32766 32766 3 32766 32766 32766 32766 79 
56080 1968 10 24 7191 32766 32766 -6 94 -90 24 53 309 0 32766 32766 13 32766 32766 32766 32766 101 
56080 1968 10 25 7194 32766 32766 -3 98 -90 27 53 316 0 32766 32766 8 32766 32766 32766 32766 86 
56080 1968 10 26 7179 32766 32766 -7 110 -87 27 57 317 0 32766 32766 0 32766 32766 32766 32766 99 
56080 1968 10 27 7177 32766 32766 -8 99 -86 33 61 329 0 32766 32766 15 32766 32766 32766 32766 77 
56080 1968 10 28 7171 32766 32766 -5 81 -69 35 65 327 32700 32766 32766 5 32766 32766 32766 32766 78 
56080 1968 10 29 7168 32766 32766 -3 102 -80 32 62 315 0 32766 32766 10 32766 32766 32766 32766 99 
56080 1968 10 30 7151 32766 32766 15 90 -37 44 69 342 0 32766 32766 10 32766 32766 32766 32766 47 
56080 1968 10 31 7138 32766 32766 11 119 -75 33 60 316 0 32766 32766 10 32766 32766 32766 32766 99 
56080 1968 11 1 7122 32766 32766 17 108 -37 45 70 337 32700 32766 32766 18 32766 32766 32766 32766 86 
56080 1968 11 2 7164 32766 32766 -38 22 -61 38 82 370 31120 32766 32766 10 32766 32766 32766 32766 18 
56080 1968 11 3 7181 32766 32766 -41 22 -111 33 73 357 0 32766 32766 5 32766 32766 32766 32766 92 
56080 1968 11 4 7180 32766 32766 -43 17 -76 26 61 325 31001 32766 32766 20 32766 32766 32766 32766 81 
56080 1968 11 5 7182 32766 32766 -66 47 -148 22 63 330 0 32766 32766 0 32766 32766 32766 32766 98 
56080 1968 11 6 7141 32766 32766 -52 51 -133 21 57 324 0 32766 32766 0 32766 32766 32766 32766 84 
56080 1968 11 7 7147 32766 32766 -34 56 -124 16 44 310 0 32766 32766 15 32766 32766 32766 32766 83 
56080 1968 11 8 7193 32766 32766 -45 65 -116 23 58 318 0 32766 32766 3 32766 32766 32766 32766 96 
56080 1968 11 9 7156 32766 32766 -43 82 -121 25 60 334 0 32766 32766 0 32766 32766 32766 32766 80 
56080 1968 11 10 7150 32766 32766 -35 75 -120 25 61 329 0 32766 32766 10 32766 32766 32766 32766 95 
56080 1968 11 11 7135 32766 32766 -37 35 -85 32 72 338 0 32766 32766 20 32766 32766 32766 32766 79 
56080 1968 11 12 7162 32766 32766 -39 67 -110 30 69 340 0 32766 32766 10 32766 32766 32766 32766 79 
56080 1968 11 13 7176 32766 32766 -15 66 -48 33 64 337 0 32766 32766 8 32766 32766 32766 32766 87 
56080 1968 11 14 7180 32766 32766 -28 65 -80 32 68 338 0 32766 32766 0 32766 32766 32766 32766 89 
56080 1968 11 15 7188 32766 32766 -29 72 -95 31 67 334 0 32766 32766 0 32766 32766 32766 32766 92 
56080 1968 11 16 7175 32766 32766 -30 82 -106 21 55 302 0 32766 32766 18 32766 32766 32766 32766 91 
56080 1968 11 17 7168 32766 32766 -33 70 -130 18 44 313 0 32766 32766 5 32766 32766 32766 32766 74 
56080 1968 11 18 7170 32766 32766 -22 84 -110 20 50 304 0 32766 32766 0 32766 32766 32766 32766 93 
56080 1968 11 19 7171 32766 32766 -26 101 -113 22 52 317 0 32766 32766 5 32766 32766 32766 32766 92 
56080 1968 11 20 7170 32766 32766 -32 106 -116 20 50 316 0 32766 32766 0 32766 32766 32766 32766 93 
56080 1968 11 21 7135 32766 32766 -16 154 -120 20 48 313 0 32766 32766 0 32766 32766 32766 32766 89 
56080 1968 11 22 7146 32766 32766 11 137 -78 22 43 311 0 32766 32766 10 32766 32766 32766 32766 91 
56080 1968 11 23 7158 32766 32766 -8 125 -95 26 51 323 0 32766 32766 0 32766 32766 32766 32766 86 
56080 1968 11 24 7148 32766 32766 -5 115 -89 36 66 331 0 32766 32766 5 32766 32766 32766 32766 74 
56080 1968 11 25 7127 32766 32766 6 64 -33 45 73 352 0 32766 32766 15 32766 32766 32766 32766 34 
56080 1968 11 26 7186 32766 32766 -36 7 -61 36 78 359 31018 32766 32766 30 32766 32766 32766 32766 35 
56080 1968 11 27 7193 32766 32766 -52 -11 -93 32 77 362 31008 32766 32766 13 32766 32766 32766 32766 31 
56080 1968 11 28 7163 32766 32766 -38 31 -73 34 75 359 32700 32766 32766 5 32766 32766 32766 32766 53 
56080 1968 11 29 7160 32766 32766 -27 47 -67 29 60 331 32700 32766 32766 5 32766 32766 32766 32766 69 
56080 1968 11 30 7150 32766 32766 -34 93 -120 24 56 330 0 32766 32766 3 32766 32766 32766 32766 80 
56080 1968 12 1 7124 32766 32766 -8 93 -87 23 48 310 0 32766 32766 10 32766 32766 32766 32766 82 
56080 1968 12 2 7133 32766 32766 -37 80 -125 23 57 328 0 32766 32766 0 32766 32766 32766 32766 78 
56080 1968 12 3 7140 32766 32766 -37 100 -130 21 54 318 0 32766 32766 0 32766 32766 32766 32766 81 
56080 1968 12 4 7122 32766 32766 -25 124 -130 18 48 311 0 32766 32766 10 32766 32766 32766 32766 89 
56080 1968 12 5 7123 32766 32766 -20 110 -116 21 48 313 0 32766 32766 8 32766 32766 32766 32766 88 
56080 1968 12 6 7119 32766 32766 -19 117 -105 23 55 317 0 32766 32766 5 32766 32766 32766 32766 79 
56080 1968 12 7 7126 32766 32766 -22 99 -103 21 48 314 0 32766 32766 3 32766 32766 32766 32766 89 
56080 1968 12 8 7121 32766 32766 -47 98 -145 19 50 317 0 32766 32766 18 32766 32766 32766 32766 68 
56080 1968 12 9 7127 32766 32766 -55 77 -148 16 49 315 0 32766 32766 5 32766 32766 32766 32766 73 
56080 1968 12 10 7099 32766 32766 -51 82 -125 20 52 325 0 32766 32766 0 32766 32766 32766 32766 64 
56080 1968 12 11 7108 32766 32766 -48 71 -126 20 53 322 0 32766 32766 0 32766 32766 32766 32766 67 
56080 1968 12 12 7106 32766 32766 -45 100 -125 25 64 326 0 32766 32766 3 32766 32766 32766 32766 78 
56080 1968 12 13 7153 32766 32766 -54 28 -120 25 63 344 0 32766 32766 5 32766 32766 32766 32766 85 
56080 1968 12 14 7150 32766 32766 -63 70 -149 20 60 326 0 32766 32766 3 32766 32766 32766 32766 86 
56080 1968 12 15 7120 32766 32766 -63 64 -149 21 57 335 0 32766 32766 5 32766 32766 32766 32766 88 
56080 1968 12 16 7097 32766 32766 -62 28 -139 21 60 333 0 32766 32766 0 32766 32766 32766 32766 40 
56080 1968 12 17 7131 32766 32766 -54 61 -147 14 49 300 0 32766 32766 10 32766 32766 32766 32766 87 
56080 1968 12 18 7105 32766 32766 -53 91 -169 10 31 305 0 32766 32766 0 32766 32766 32766 32766 67 
56080 1968 12 19 7110 32766 32766 -39 58 -128 10 32 304 0 32766 32766 20 32766 32766 32766 32766 82 
56080 1968 12 20 7126 32766 32766 -57 64 -141 10 31 309 0 32766 32766 0 32766 32766 32766 32766 86 
56080 1968 12 21 7185 32766 32766 -94 -34 -124 15 54 318 0 32766 32766 18 32766 32766 32766 32766 66 
56080 1968 12 22 7153 32766 32766 -122 3 -207 9 44 317 0 32766 32766 5 32766 32766 32766 32766 87 
56080 1968 12 23 7101 32766 32766 -101 22 -194 11 43 321 0 32766 32766 0 32766 32766 32766 32766 70 
56080 1968 12 24 7075 32766 32766 -75 2 -134 14 45 319 0 32766 32766 15 32766 32766 32766 32766 65 
56080 1968 12 25 7102 32766 32766 -102 -36 -150 17 65 342 0 32766 32766 0 32766 32766 32766 32766 38 
56080 1968 12 26 7104 32766 32766 -113 -55 -149 16 63 339 0 32766 32766 8 32766 32766 32766 32766 39 
56080 1968 12 27 7050 32766 32766 -98 -22 -141 18 64 351 32700 32766 32766 10 32766 32766 32766 32766 16 
56080 1968 12 28 7037 32766 32766 -108 -50 -131 21 79 367 31016 32766 32766 0 32766 32766 32766 32766 9 
56080 1968 12 29 7036 32766 32766 -87 28 -211 20 66 318 0 32766 32766 33 32766 32766 32766 32766 76 
56080 1968 12 30 7063 32766 32766 -150 -75 -210 14 74 351 32700 32766 32766 8 32766 32766 32766 32766 43 
56080 1968 12 31 7090 32766 32766 -146 -66 -190 14 73 355 32700 32766 32766 13 32766 32766 32766 32766 66 
56080 1969 1 1 7079 32766 32766 -112 -13 -182 15 61 337 0 32766 32766 3 32766 32766 32766 32766 53 
56080 1969 1 2 7068 32766 32766 -78 25 -123 20 58 348 0 32766 32766 5 32766 32766 32766 32766 66 
56080 1969 1 3 7071 32766 32766 -88 8 -149 21 67 349 0 32766 32766 10 32766 32766 32766 32766 50 
