V01000 V04001 V04002 V04003 V10004 V10201 V10202 V12001 V12052 V12053 V13004 V13003 V13007 V13201 V13241 V13242 V11002 V11042 V11212 V11041 V11043 V14032
56080 1974 1 4 7133 32766 32766 -87 68 -180 6 22 309 0 21 32766 0 70 13 32766 32766 86 
56080 1974 1 5 7127 32766 32766 -87 64 -191 7 22 312 0 25 32766 5 63 1 32766 32766 78 
56080 1974 1 6 7135 32766 32766 -80 71 -176 10 34 317 0 15 32766 5 33 1 32766 32766 86 
56080 1974 1 7 7109 32766 32766 -57 114 -163 12 34 315 0 20 32766 10 60 16 32766 32766 77 
56080 1974 1 8 7104 32766 32766 -125 -22 -159 17 76 359 31001 6 32766 35 67 1 32766 32766 0 
56080 1974 1 9 7100 32766 32766 -135 -31 -199 16 75 360 31001 6 32766 0 30 11 32766 32766 76 
56080 1974 1 10 7099 32766 32766 -123 6 -216 11 56 320 0 9 32766 3 23 8 32766 32766 88 
56080 1974 1 11 7078 32766 32766 -99 29 -200 13 50 325 0 14 32766 3 53 14 32766 32766 87 
56080 1974 1 12 7054 32766 32766 -105 -13 -177 14 53 329 0 11 32766 8 70 16 32766 32766 42 
56080 1974 1 13 7075 32766 32766 -102 -46 -126 19 70 352 31001 9 32766 15 67 1 32766 32766 37 
56080 1974 1 14 7095 32766 32766 -135 -71 -177 17 78 351 31020 2 32766 23 67 16 32766 32766 47 
56080 1974 1 15 7079 32766 32766 -144 -80 -177 15 74 356 31006 0 32766 8 60 16 32766 32766 42 
56080 1974 1 16 7071 32766 32766 -136 -12 -201 15 70 357 31001 9 32766 5 50 14 32766 32766 83 
56080 1974 1 17 7095 32766 32766 -114 -21 -194 14 58 317 0 14 32766 3 83 14 32766 32766 73 
56080 1974 1 18 7087 32766 32766 -88 47 -197 11 36 320 0 20 32766 5 80 9 32766 32766 89 
56080 1974 1 19 7068 32766 32766 -104 -37 -169 15 54 339 0 12 32766 8 63 16 32766 32766 70 
56080 1974 1 20 7065 32766 32766 -111 8 -205 10 51 312 0 18 32766 20 123 14 32766 32766 71 
56080 1974 1 21 7062 32766 32766 -88 77 -187 10 39 313 0 31 32766 10 87 16 32766 32766 85 
56080 1974 1 22 7054 32766 32766 -81 35 -171 14 44 328 0 19 32766 8 57 16 32766 32766 66 
56080 1974 1 23 7068 32766 32766 -79 46 -163 14 50 318 0 20 32766 10 90 14 32766 32766 73 
56080 1974 1 24 7097 32766 32766 -78 32 -155 14 45 323 0 17 32766 13 73 1 32766 32766 52 
56080 1974 1 25 7129 32766 32766 -84 2 -165 14 50 319 0 19 32766 25 77 16 32766 32766 65 
56080 1974 1 26 7072 32766 32766 -78 60 -199 8 32 308 0 29 32766 23 83 12 32766 32766 92 
56080 1974 1 27 7011 32766 32766 -47 92 -124 10 25 312 0 28 32766 10 73 16 32766 32766 65 
56080 1974 1 28 7051 32766 32766 -99 -23 -155 19 65 348 32700 12 32766 18 63 16 32766 32766 34 
56080 1974 1 29 7079 32766 32766 -82 -17 -109 24 73 357 31008 5 32766 10 37 1 32766 32766 46 
56080 1974 1 30 7081 32766 32766 -82 2 -134 24 73 360 31012 9 32766 5 60 16 32766 32766 80 
56080 1974 1 31 7087 32766 32766 -101 -41 -135 21 75 360 31003 7 32766 5 77 1 32766 32766 34 
56080 1974 2 1 7098 32766 32766 -80 13 -122 20 62 342 32700 12 32766 8 0 17 32766 32766 82 
56080 1974 2 2 7081 32766 32766 -73 38 -160 14 47 320 0 20 32766 5 47 2 32766 32766 88 
56080 1974 2 3 7027 32766 32766 -64 53 -109 18 51 323 0 21 32766 20 80 1 32766 32766 64 
56080 1974 2 4 7050 32766 32766 -130 -104 -170 19 83 370 31038 0 32766 5 120 16 32766 32766 2 
56080 1974 2 5 7057 32766 32766 -139 -99 -155 17 81 372 31040 2 32766 0 40 1 32766 32766 23 
56080 1974 2 6 7096 32766 32766 -166 -82 -207 11 69 343 32700 9 32766 0 50 1 32766 32766 76 
56080 1974 2 7 7116 32766 32766 -175 -103 -223 12 72 361 32700 5 32766 8 27 9 32766 32766 31 
56080 1974 2 8 7122 32766 32766 -175 -98 -218 11 71 360 32700 8 32766 15 30 5 32766 32766 70 
56080 1974 2 9 7141 32766 32766 -152 -113 -173 13 70 355 31009 3 32766 10 60 16 32766 32766 19 
56080 1974 2 10 7132 32766 32766 -156 -35 -234 12 68 350 0 9 32766 0 27 1 32766 32766 92 
56080 1974 2 11 7143 32766 32766 -123 -21 -207 12 55 328 0 13 32766 5 33 12 32766 32766 91 
56080 1974 2 12 7113 32766 32766 -126 7 -210 17 72 350 0 9 32766 8 21 1 32766 32766 79 
56080 1974 2 13 7075 32766 32766 -94 -51 -143 24 78 367 32700 8 32766 15 70 1 32766 32766 20 
56080 1974 2 14 7107 32766 32766 -80 22 -159 22 69 344 32700 18 32766 3 70 14 32766 32766 83 
56080 1974 2 15 7095 32766 32766 -85 5 -158 19 60 339 0 19 32766 18 120 16 32766 32766 90 
56080 1974 2 16 7124 32766 32766 -63 24 -126 25 68 340 31005 10 32766 10 43 8 32766 32766 83 
56080 1974 2 17 7080 32766 32766 -35 76 -105 23 51 325 0 23 32766 25 103 15 32766 32766 94 
56080 1974 2 18 7086 32766 32766 -20 46 -61 27 51 340 0 24 32766 5 60 1 32766 32766 86 
56080 1974 2 19 7101 32766 32766 -27 38 -87 25 56 318 32700 29 32766 10 110 14 32766 32766 70 
56080 1974 2 20 7102 32766 32766 -29 80 -120 18 45 306 0 37 32766 40 113 14 32766 32766 61 
56080 1974 2 21 7042 32766 32766 19 145 -80 14 27 303 0 60 32766 35 130 11 32766 32766 76 
56080 1974 2 22 7060 32766 32766 -59 44 -125 23 57 350 32700 22 32766 40 80 1 32766 32766 32 
56080 1974 2 23 7053 32766 32766 -56 23 -109 23 58 337 0 16 32766 28 110 1 32766 32766 20 
56080 1974 2 24 7105 32766 32766 -107 -22 -145 16 59 340 32700 14 32766 25 80 16 32766 32766 54 
56080 1974 2 25 7143 32766 32766 -98 -10 -136 16 56 336 0 20 32766 20 80 16 32766 32766 86 
56080 1974 2 26 7117 32766 32766 -86 33 -143 18 60 329 0 19 32766 10 83 6 32766 32766 83 
56080 1974 2 27 7094 32766 32766 -43 64 -103 17 44 315 0 30 32766 23 90 1 32766 32766 79 
56080 1974 2 28 7098 32766 32766 -13 84 -75 17 36 316 0 29 32766 18 60 2 32766 32766 81 
56080 1974 3 1 7110 32766 32766 -34 48 -68 24 52 330 0 24 32766 15 97 16 32766 32766 47 
56080 1974 3 2 7101 32766 32766 -40 56 -110 29 68 340 31008 23 32766 20 100 14 32766 32766 81 
56080 1974 3 3 7063 32766 32766 -3 147 -97 24 50 310 0 54 32766 48 130 9 32766 32766 78 
56080 1974 3 4 7080 32766 32766 -61 1 -84 26 68 356 31001 21 32766 38 73 1 32766 32766 0 
56080 1974 3 5 7094 32766 32766 -96 -52 -117 25 86 374 31039 0 32766 25 57 1 32766 32766 0 
56080 1974 3 6 7099 32766 32766 -93 36 -163 22 72 356 31018 23 32766 0 70 1 32766 32766 93 
56080 1974 3 7 7079 32766 32766 8 95 -71 26 45 324 0 37 32766 43 117 10 32766 32766 87 
56080 1974 3 8 7109 32766 32766 -64 63 -87 30 78 371 31014 13 32766 28 87 16 32766 32766 30 
56080 1974 3 9 7123 32766 32766 -56 29 -91 28 71 349 32700 17 32766 20 80 5 32766 32766 52 
56080 1974 3 10 7114 32766 32766 -47 38 -100 29 70 352 31005 21 32766 25 60 16 32766 32766 55 
56080 1974 3 11 7102 32766 32766 -24 48 -51 35 68 356 32700 23 32766 25 70 1 32766 32766 84 
56080 1974 3 12 7087 32766 32766 -49 -12 -61 34 80 369 31028 4 32766 35 77 16 32766 32766 0 
56080 1974 3 13 7109 32766 32766 -51 30 -115 30 72 351 32700 14 32766 5 50 2 32766 32766 57 
56080 1974 3 14 7119 32766 32766 -20 34 -56 35 68 349 0 20 32766 25 97 16 32766 32766 48 
56080 1974 3 15 7149 32766 32766 -34 29 -67 31 67 355 0 18 32766 18 60 1 32766 32766 54 
56080 1974 3 16 7151 32766 32766 -53 -10 -68 30 74 352 31020 13 32766 28 73 16 32766 32766 58 
56080 1974 3 17 7151 32766 32766 -59 8 -105 27 71 349 31014 14 32766 18 47 1 32766 32766 90 
56080 1974 3 18 7125 32766 32766 -33 50 -90 30 66 340 0 23 32766 5 50 1 32766 32766 107 
56080 1974 3 19 7145 32766 32766 -38 24 -76 34 75 340 31002 16 32766 23 73 2 32766 32766 48 
56080 1974 3 20 7178 32766 32766 -33 27 -99 27 62 324 31031 24 32766 18 60 14 32766 32766 83 
56080 1974 3 21 7108 32766 32766 8 84 -56 19 31 314 0 52 32766 75 123 15 32766 32766 73 
56080 1974 3 22 7118 32766 32766 30 106 -37 32 45 327 0 54 32766 28 83 13 32766 32766 109 
56080 1974 3 23 7064 32766 32766 58 176 -23 39 47 319 0 68 32766 35 87 12 32766 32766 113 
56080 1974 3 24 7098 32766 32766 -33 78 -71 34 70 353 31007 22 32766 45 90 16 32766 32766 0 
56080 1974 3 25 7148 32766 32766 -84 -34 -102 23 70 357 31007 12 32766 20 73 16 32766 32766 30 
56080 1974 3 26 7206 32766 32766 -91 -37 -131 16 55 324 32700 18 32766 20 90 15 32766 32766 79 
56080 1974 3 27 7167 32766 32766 -32 113 -132 20 47 319 0 32 32766 18 43 14 32766 32766 113 
56080 1974 3 28 7113 32766 32766 15 137 -82 28 51 316 0 68 32766 15 60 1 32766 32766 116 
56080 1974 3 29 7100 32766 32766 16 102 -59 37 60 332 0 36 32766 10 60 1 32766 32766 89 
56080 1974 3 30 7136 32766 32766 29 103 -34 35 50 327 0 47 32766 25 70 16 32766 32766 88 
56080 1974 3 31 7154 32766 32766 10 68 -19 34 54 330 32700 46 32766 45 83 1 32766 32766 82 
56080 1974 4 1 7154 32766 32766 3 55 -40 40 68 343 31011 28 32766 18 87 16 32766 32766 78 
56080 1974 4 2 7119 32766 32766 28 140 -69 28 51 312 0 52 32766 20 73 1 32766 32766 111 
56080 1974 4 3 7100 32766 32766 51 168 -48 33 49 312 0 63 32766 20 60 10 32766 32766 104 
56080 1974 4 4 7081 32766 32766 54 197 -39 49 60 323 32700 61 32766 10 190 10 32766 32766 77 
56080 1974 4 5 7063 32766 32766 33 156 -27 55 77 335 28 35 32766 20 80 16 32766 32766 82 
56080 1974 4 6 7099 32766 32766 40 118 -4 54 68 349 31013 56 32766 33 57 6 32766 32766 96 
56080 1974 4 7 7115 32766 32766 16 67 -17 52 76 370 31020 23 32766 30 87 1 32766 32766 33 
56080 1974 4 8 7148 32766 32766 23 89 -16 42 65 329 32700 36 32766 18 77 5 32766 32766 86 
56080 1974 4 9 7140 32766 32766 38 124 -46 43 58 330 32700 46 32766 15 73 3 32766 32766 104 
56080 1974 4 10 7132 32766 32766 47 153 -39 49 63 329 0 65 32766 15 100 8 32766 32766 109 
56080 1974 4 11 7092 32766 32766 36 125 -36 49 67 331 32700 42 32766 25 73 2 32766 32766 66 
56080 1974 4 12 7130 32766 32766 -2 54 -43 48 80 363 31045 20 32766 20 100 1 32766 32766 52 
56080 1974 4 13 7166 32766 32766 16 69 -40 37 58 335 32700 26 32766 15 90 12 32766 32766 79 
56080 1974 4 14 7157 32766 32766 44 155 -59 34 50 318 0 62 32766 13 70 14 32766 32766 122 
56080 1974 4 15 7135 32766 32766 62 179 -45 38 50 314 0 66 32766 13 47 1 32766 32766 122 
56080 1974 4 16 7131 32766 32766 44 122 -9 51 63 339 32700 42 32766 23 83 9 32766 32766 51 
56080 1974 4 17 7120 32766 32766 55 135 -8 44 56 316 32700 55 32766 28 87 14 32766 32766 67 
56080 1974 4 18 7111 32766 32766 48 157 -40 48 63 322 32700 59 32766 13 107 10 32766 32766 98 
56080 1974 4 19 7103 32766 32766 22 120 -20 56 80 357 32 14 32766 20 90 1 32766 32766 40 
56080 1974 4 20 7152 32766 32766 11 76 -14 52 79 369 30028 25 32766 38 93 16 32766 32766 55 
56080 1974 4 21 7165 32766 32766 14 91 -60 37 62 329 31019 41 32766 20 83 1 32766 32766 103 
56080 1974 4 22 7131 32766 32766 55 161 -43 35 49 317 0 65 32766 13 80 1 32766 32766 123 
56080 1974 4 23 7148 32766 32766 43 119 -13 44 58 326 0 60 32766 25 63 5 32766 32766 70 
56080 1974 4 24 7175 32766 32766 54 170 -42 41 53 322 0 63 32766 10 80 6 32766 32766 119 
56080 1974 4 25 7163 32766 32766 69 172 -30 40 46 322 0 64 32766 15 110 16 32766 32766 78 
56080 1974 4 26 7144 32766 32766 90 185 -1 33 40 306 0 91 32766 15 97 16 32766 32766 100 
56080 1974 4 27 7141 32766 32766 34 144 0 37 48 338 0 63 32766 38 100 16 32766 32766 102 
56080 1974 4 28 7112 32766 32766 68 212 -66 29 43 311 0 75 32766 15 60 13 32766 32766 121 
56080 1974 4 29 7085 32766 32766 74 169 8 40 42 325 0 65 32766 15 77 1 32766 32766 54 
56080 1974 4 30 7117 32766 32766 78 173 -2 45 46 324 0 79 32766 15 90 16 32766 32766 119 
56080 1974 5 1 7134 32766 32766 88 204 -18 52 51 328 0 76 32766 20 110 10 32766 32766 99 
56080 1974 5 2 7128 32766 32766 102 206 5 59 51 327 32700 67 32766 5 110 10 32766 32766 62 
56080 1974 5 3 7124 32766 32766 98 184 14 59 54 331 32700 75 32766 15 70 6 32766 32766 76 
56080 1974 5 4 7122 32766 32766 102 161 60 54 47 319 0 70 32766 28 80 5 32766 32766 48 
56080 1974 5 5 7119 32766 32766 85 154 19 72 66 352 4 50 32766 25 120 16 32766 32766 84 
56080 1974 5 6 7106 32766 32766 82 201 18 74 75 328 57 59 32766 28 110 16 32766 32766 60 
56080 1974 5 7 7138 32766 32766 41 78 7 70 85 380 81 11 32766 30 80 6 32766 32766 0 
56080 1974 5 8 7166 32766 32766 0 57 -38 50 83 371 30041 22 32766 25 57 3 32766 32766 42 
56080 1974 5 9 7164 32766 32766 -5 31 -17 48 81 367 31006 9 32766 33 87 15 32766 32766 35 
56080 1974 5 10 7160 32766 32766 42 143 -53 34 49 321 32001 55 32766 15 70 10 32766 32766 128 
56080 1974 5 11 7142 32766 32766 18 105 -18 51 74 347 31025 15 32766 13 60 5 32766 32766 17 
56080 1974 5 12 7171 32766 32766 45 114 -14 50 65 332 0 46 32766 10 57 5 32766 32766 88 
56080 1974 5 13 7182 32766 32766 55 127 -8 53 60 342 8 53 32766 18 103 2 32766 32766 71 
56080 1974 5 14 7182 32766 32766 67 142 -10 57 62 336 32700 58 32766 15 100 1 32766 32766 82 
56080 1974 5 15 7132 32766 32766 107 197 22 59 53 325 32700 79 32766 23 90 5 32766 32766 124 
56080 1974 5 16 7091 32766 32766 84 144 66 85 77 369 32 44 32766 48 90 16 32766 32766 30 
56080 1974 5 17 7116 32766 32766 71 143 25 74 75 356 2 39 32766 20 87 3 32766 32766 49 
56080 1974 5 18 7132 32766 32766 52 114 16 70 80 364 30105 27 32766 35 80 16 32766 32766 28 
56080 1974 5 19 7130 32766 32766 64 102 40 78 81 372 67 32 32766 25 73 1 32766 32766 0 
56080 1974 5 20 7145 32766 32766 56 74 45 79 88 385 33 6 32766 23 60 1 32766 32766 0 
56080 1974 5 21 7178 32766 32766 59 81 32 69 75 364 13 19 32766 30 60 1 32766 32766 0 
56080 1974 5 22 7182 32766 32766 72 124 19 69 71 347 0 48 32766 15 50 4 32766 32766 64 
56080 1974 5 23 7181 32766 32766 73 156 20 73 74 347 16 41 32766 15 73 5 32766 32766 62 
56080 1974 5 24 7164 32766 32766 90 164 15 73 69 338 32700 61 32766 20 100 7 32766 32766 118 
56080 1974 5 25 7151 32766 32766 102 195 19 63 57 329 0 75 32766 18 77 7 32766 32766 120 
56080 1974 5 26 7131 32766 32766 129 197 49 79 56 338 3 68 32766 13 80 1 32766 32766 101 
56080 1974 5 27 7148 32766 32766 111 172 72 86 68 344 32700 56 32766 15 93 4 32766 32766 33 
56080 1974 5 28 7138 32766 32766 122 216 38 73 56 333 0 83 32766 25 73 5 32766 32766 115 
56080 1974 5 29 7159 32766 32766 77 173 38 73 70 351 63 20 32766 23 80 16 32766 32766 0 
56080 1974 5 30 7185 32766 32766 67 162 -17 55 65 327 0 60 32766 18 50 5 32766 32766 107 
56080 1974 5 31 7141 32766 32766 100 195 -2 55 53 319 0 73 32766 18 77 4 32766 32766 115 
56080 1974 6 1 7118 32766 32766 103 190 16 65 57 328 32700 60 32766 28 100 6 32766 32766 70 
56080 1974 6 2 7132 32766 32766 105 174 61 85 68 346 3 59 32766 13 120 5 32766 32766 83 
56080 1974 6 3 7124 32766 32766 108 194 14 76 65 333 0 61 32766 15 80 8 32766 32766 89 
56080 1974 6 4 7124 32766 32766 93 157 63 77 66 358 11 17 32766 28 87 5 32766 32766 0 
56080 1974 6 5 7162 32766 32766 46 77 13 68 81 371 45 11 32766 25 57 1 32766 32766 4 
56080 1974 6 6 7154 32766 32766 84 177 5 63 65 334 0 58 32766 18 33 12 32766 32766 101 
56080 1974 6 7 7115 32766 32766 123 227 6 64 52 320 0 83 32766 25 70 5 32766 32766 135 
56080 1974 6 8 7100 32766 32766 100 192 70 89 72 363 12 15 32766 20 80 16 32766 32766 0 
56080 1974 6 9 7162 32766 32766 57 98 20 69 75 365 88 29 32766 15 60 1 32766 32766 0 
56080 1974 6 10 7158 32766 32766 83 136 33 71 67 340 0 38 32766 10 50 9 32766 32766 22 
56080 1974 6 11 7133 32766 32766 109 194 33 77 64 338 0 67 32766 10 57 1 32766 32766 101 
56080 1974 6 12 7147 32766 32766 116 192 44 71 57 330 0 64 32766 13 70 6 32766 32766 88 
56080 1974 6 13 7162 32766 32766 116 204 21 65 55 325 0 85 32766 20 60 11 32766 32766 127 
56080 1974 6 14 7145 32766 32766 134 237 22 73 52 327 0 88 32766 15 63 5 32766 32766 127 
56080 1974 6 15 7141 32766 32766 125 192 94 107 74 366 47 33 32766 5 103 16 32766 32766 31 
56080 1974 6 16 7137 32766 32766 116 221 24 92 73 335 50 66 32766 10 60 5 32766 32766 75 
56080 1974 6 17 7131 32766 32766 125 208 53 101 74 337 26 44 32766 3 90 15 32766 32766 52 
56080 1974 6 18 7117 32766 32766 109 164 69 110 85 365 57 18 32766 10 50 4 32766 32766 24 
56080 1974 6 19 7126 32766 32766 108 180 56 72 60 328 39 69 32766 30 70 16 32766 32766 113 
56080 1974 6 20 7120 32766 32766 105 188 18 76 65 332 32700 58 32766 10 77 5 32766 32766 116 
56080 1974 6 21 7122 32766 32766 108 182 44 86 70 342 3 51 32766 18 103 5 32766 32766 67 
56080 1974 6 22 7107 32766 32766 114 203 22 77 64 334 0 78 32766 25 87 8 32766 32766 121 
56080 1974 6 23 7085 32766 32766 104 163 83 102 80 379 7 19 32766 18 70 1 32766 32766 0 
56080 1974 6 24 7123 32766 32766 115 185 71 90 70 345 0 56 32766 23 87 5 32766 32766 59 
56080 1974 6 25 7130 32766 32766 90 133 71 94 82 370 18 23 32766 30 50 16 32766 32766 0 
56080 1974 6 26 7145 32766 32766 111 172 76 105 82 357 32700 33 32766 15 60 5 32766 32766 10 
56080 1974 6 27 7158 32766 32766 139 219 98 117 76 356 10 52 32766 18 80 6 32766 32766 42 
56080 1974 6 28 7158 32766 32766 106 165 81 109 84 377 14 24 32766 28 93 1 32766 32766 5 
56080 1974 6 29 7171 32766 32766 92 162 42 89 78 351 7 36 32766 10 60 8 32766 32766 42 
56080 1974 6 30 7156 32766 32766 104 187 40 85 72 339 7 63 32766 15 140 14 32766 32766 80 
56080 1974 7 1 7156 32766 32766 80 156 29 84 80 354 15 38 32766 15 120 1 32766 32766 58 
56080 1974 7 2 7130 32766 32766 87 142 12 83 75 358 18 30 32766 13 90 10 32766 32766 76 
56080 1974 7 3 7110 32766 32766 93 207 3 82 75 335 11 53 32766 10 90 1 32766 32766 88 
56080 1974 7 4 7114 32766 32766 127 184 80 104 73 352 24 48 32766 15 53 7 32766 32766 65 
56080 1974 7 5 7110 32766 32766 135 232 69 109 73 347 9 63 32766 8 93 6 32766 32766 78 
56080 1974 7 6 7116 32766 32766 112 173 73 109 83 362 24 22 32766 25 90 16 32766 32766 7 
56080 1974 7 7 7149 32766 32766 101 133 77 90 74 355 32700 29 32766 8 57 3 32766 32766 0 
56080 1974 7 8 7152 32766 32766 121 192 36 84 64 339 0 55 32766 13 47 1 32766 32766 87 
56080 1974 7 9 7148 32766 32766 126 209 40 82 62 337 0 65 32766 8 60 5 32766 32766 82 
56080 1974 7 10 7132 32766 32766 105 184 61 89 74 338 42 24 32766 18 80 16 32766 32766 17 
56080 1974 7 11 7152 32766 32766 106 175 54 82 67 345 4 57 32766 15 67 1 32766 32766 83 
56080 1974 7 12 7133 32766 32766 104 189 7 76 65 339 14 50 32766 8 60 9 32766 32766 101 
56080 1974 7 13 7120 32766 32766 99 184 4 72 64 331 3 42 32766 35 107 1 32766 32766 80 
56080 1974 7 14 7135 32766 32766 117 212 18 67 57 324 3 69 32766 8 50 11 32766 32766 111 
56080 1974 7 15 7154 32766 32766 118 220 9 69 56 324 1 76 32766 5 70 4 32766 32766 112 
56080 1974 7 16 7159 32766 32766 99 192 34 80 69 344 4 54 32766 23 103 1 32766 32766 52 
56080 1974 7 17 7166 32766 32766 102 212 0 63 59 322 32700 81 32766 25 90 16 32766 32766 127 
56080 1974 7 18 7150 32766 32766 115 204 5 62 52 327 32700 70 32766 15 87 4 32766 32766 120 
56080 1974 7 19 7129 32766 32766 130 240 14 65 51 324 0 87 32766 15 57 5 32766 32766 131 
56080 1974 7 20 7120 32766 32766 141 245 29 78 55 324 0 86 32766 20 70 8 32766 32766 123 
56080 1974 7 21 7133 32766 32766 130 235 44 89 63 332 8 52 32766 3 67 3 32766 32766 50 
56080 1974 7 22 7159 32766 32766 126 202 90 112 78 353 62 59 32766 20 73 16 32766 32766 90 
56080 1974 7 23 7153 32766 32766 136 239 52 97 69 334 5 62 32766 8 57 4 32766 32766 81 
56080 1974 7 24 7132 32766 32766 131 221 61 103 71 345 0 58 32766 20 60 5 32766 32766 73 
56080 1974 7 25 7096 32766 32766 142 220 85 124 79 349 7 51 32766 13 90 1 32766 32766 55 
56080 1974 7 26 7097 32766 32766 147 212 117 137 84 359 55 40 32766 8 63 9 32766 32766 27 
56080 1974 7 27 7129 32766 32766 149 184 125 144 86 373 12 32 32766 20 57 16 32766 32766 12 
56080 1974 7 28 7137 32766 32766 170 235 127 143 77 352 32700 63 32766 13 70 6 32766 32766 75 
56080 1974 7 29 7132 32766 32766 172 252 123 144 77 344 161 94 32766 5 83 1 32766 32766 88 
56080 1974 7 30 7122 32766 32766 151 209 137 150 88 381 74 36 32766 10 80 16 32766 32766 17 
56080 1974 7 31 7155 32766 32766 139 187 112 126 81 351 67 39 32766 10 60 1 32766 32766 20 
56080 1974 8 1 7162 32766 32766 132 191 101 119 80 357 5 32 32766 15 50 8 32766 32766 19 
56080 1974 8 2 7168 32766 32766 110 135 96 118 90 382 58 11 32766 13 53 16 32766 32766 0 
56080 1974 8 3 7166 32766 32766 104 162 70 101 82 360 135 55 32766 13 57 6 32766 32766 67 
56080 1974 8 4 7155 32766 32766 114 211 24 88 70 341 0 57 32766 8 32766 32766 32766 32766 123 
56080 1974 8 5 7137 32766 32766 128 221 39 98 70 342 0 66 32766 25 32766 32766 32766 32766 117 
56080 1974 8 6 7118 32766 32766 135 182 99 118 77 363 32700 44 32766 15 70 16 32766 32766 51 
56080 1974 8 7 7119 32766 32766 121 145 106 117 83 373 38 19 32766 28 60 1 32766 32766 0 
56080 1974 8 8 7137 32766 32766 128 182 102 102 71 351 0 59 32766 30 70 2 32766 32766 45 
56080 1974 8 9 7162 32766 32766 118 209 31 83 66 332 0 77 32766 13 67 1 32766 32766 125 
56080 1974 8 10 7168 32766 32766 116 220 26 77 63 332 0 75 32766 10 47 1 32766 32766 126 
56080 1974 8 11 7156 32766 32766 112 220 24 73 61 331 32700 71 32766 13 63 4 32766 32766 105 
56080 1974 8 12 7151 32766 32766 106 212 17 77 66 334 0 67 32766 8 60 6 32766 32766 91 
56080 1974 8 13 7145 32766 32766 110 219 22 79 66 331 0 66 32766 13 77 3 32766 32766 99 
56080 1974 8 14 7142 32766 32766 115 220 39 95 74 339 33 45 32766 18 90 1 32766 32766 60 
56080 1974 8 15 7130 32766 32766 120 229 40 96 73 344 32700 65 32766 10 110 8 32766 32766 89 
56080 1974 8 16 7115 32766 32766 132 244 29 97 68 337 0 72 32766 13 70 5 32766 32766 104 
56080 1974 8 17 7137 32766 32766 149 224 85 111 68 346 32700 51 32766 28 70 5 32766 32766 66 
56080 1974 8 18 7159 32766 32766 135 213 52 96 65 341 3 59 32766 15 70 4 32766 32766 75 
56080 1974 8 19 7148 32766 32766 121 197 42 105 76 354 32700 42 32766 10 60 7 32766 32766 23 
56080 1974 8 20 7158 32766 32766 141 202 80 107 69 349 0 54 32766 15 60 4 32766 32766 24 
56080 1974 8 21 7153 32766 32766 96 167 74 102 85 373 95 15 32766 35 80 16 32766 32766 0 
56080 1974 8 22 7173 32766 32766 96 163 41 91 77 359 0 40 32766 8 53 16 32766 32766 35 
56080 1974 8 23 7170 32766 32766 110 181 64 92 73 346 1 38 32766 0 70 5 32766 32766 59 
56080 1974 8 24 7171 32766 32766 97 185 29 91 79 344 53 41 32766 15 73 3 32766 32766 70 
56080 1974 8 25 7156 32766 32766 106 175 52 95 78 352 35 41 32766 5 90 10 32766 32766 52 
56080 1974 8 26 7162 32766 32766 80 141 56 85 79 367 65 41 32766 43 80 16 32766 32766 42 
56080 1974 8 27 7163 32766 32766 78 178 14 68 71 333 32700 50 32766 15 70 4 32766 32766 81 
56080 1974 8 28 7146 32766 32766 92 181 27 71 65 341 0 60 32766 13 60 4 32766 32766 104 
56080 1974 8 29 7135 32766 32766 93 162 47 85 75 343 79 39 32766 15 83 2 32766 32766 68 
56080 1974 8 30 7125 32766 32766 109 167 76 93 74 349 2 47 32766 20 60 3 32766 32766 79 
56080 1974 8 31 7118 32766 32766 105 205 34 85 71 346 0 52 32766 10 60 5 32766 32766 74 
56080 1974 9 1 7107 32766 32766 89 150 45 94 84 363 25 20 32766 15 73 1 32766 32766 2 
56080 1974 9 2 7120 32766 32766 99 149 67 94 77 368 22 32 32766 28 57 1 32766 32766 20 
56080 1974 9 3 7125 32766 32766 87 112 78 99 89 380 43 4 32766 30 60 1 32766 32766 3 
56080 1974 9 4 7152 32766 32766 100 142 80 104 85 374 15 18 32766 13 53 16 32766 32766 2 
56080 1974 9 5 7173 32766 32766 83 109 52 90 83 371 96 19 32766 35 70 1 32766 32766 21 
56080 1974 9 6 7192 32766 32766 100 176 42 84 72 341 0 40 32766 10 43 5 32766 32766 57 
56080 1974 9 7 7186 32766 32766 107 185 32 61 55 315 0 60 32766 10 60 8 32766 32766 96 
56080 1974 9 8 7169 32766 32766 90 160 27 76 69 347 32700 30 32766 10 80 1 32766 32766 12 
56080 1974 9 9 7174 32766 32766 99 142 66 91 76 360 3 31 32766 10 47 9 32766 32766 6 
56080 1974 9 10 7159 32766 32766 88 114 71 96 85 375 2 12 32766 3 53 1 32766 32766 0 
56080 1974 9 11 7142 32766 32766 95 167 53 94 81 361 32700 35 32766 15 70 5 32766 32766 46 
56080 1974 9 12 7136 32766 32766 93 124 73 104 89 381 81 23 32766 25 77 16 32766 32766 3 
56080 1974 9 13 7184 32766 32766 48 104 28 73 85 372 84 20 32766 38 70 16 32766 32766 16 
56080 1974 9 14 7193 32766 32766 75 144 34 77 76 356 13 35 32766 18 70 10 32766 32766 75 
56080 1974 9 15 7173 32766 32766 69 140 32 80 82 363 16 20 32766 15 80 1 32766 32766 23 
56080 1974 9 16 7169 32766 32766 78 145 15 79 77 351 4 37 32766 18 80 1 32766 32766 77 
56080 1974 9 17 7186 32766 32766 81 161 33 73 70 345 32700 47 32766 28 73 6 32766 32766 89 
56080 1974 9 18 7185 32766 32766 66 107 48 82 85 371 10 11 32766 10 67 8 32766 32766 2 
56080 1974 9 19 7177 32766 32766 58 83 45 78 85 375 61 15 32766 30 67 16 32766 32766 12 
56080 1974 9 20 7201 32766 32766 47 117 3 66 79 355 4 21 32766 23 57 10 32766 32766 61 
56080 1974 9 21 7195 32766 32766 51 152 -20 57 71 338 32700 33 32766 5 57 2 32766 32766 89 
56080 1974 9 22 7203 32766 32766 57 149 -1 62 72 337 32700 39 32766 15 80 10 32766 32766 74 
56080 1974 9 23 7190 32766 32766 57 167 -24 55 68 330 0 38 32766 3 37 10 32766 32766 91 
56080 1974 9 24 7162 32766 32766 66 194 -25 54 63 331 32700 42 32766 5 77 4 32766 32766 94 
56080 1974 9 25 7164 32766 32766 75 145 12 75 76 346 7 39 32766 15 87 1 32766 32766 66 
56080 1974 9 26 7173 32766 32766 70 167 13 64 70 328 0 41 32766 25 80 15 32766 32766 84 
56080 1974 9 27 7153 32766 32766 69 144 13 66 70 338 32700 42 32766 20 100 1 32766 32766 60 
56080 1974 9 28 7124 32766 32766 91 190 57 82 72 351 32700 47 32766 20 80 16 32766 32766 65 
56080 1974 9 29 7104 32766 32766 99 164 68 95 81 346 125 35 32766 25 90 16 32766 32766 36 
56080 1974 9 30 7144 32766 32766 67 114 50 84 86 375 62 19 32766 28 80 1 32766 32766 0 
56080 1974 10 1 7140 32766 32766 66 106 46 84 87 373 52 19 32766 10 57 1 32766 32766 0 
56080 1974 10 2 7142 32766 32766 45 82 18 71 85 374 69 21 32766 20 63 16 32766 32766 0 
56080 1974 10 3 7147 32766 32766 52 132 17 74 84 368 40 28 32766 23 63 16 32766 32766 51 
56080 1974 10 4 7155 32766 32766 59 105 30 76 83 368 63 24 32766 13 63 1 32766 32766 18 
56080 1974 10 5 7165 32766 32766 70 135 30 83 83 368 56 33 32766 10 40 16 32766 32766 54 
56080 1974 10 6 7167 32766 32766 80 139 60 89 83 369 32700 22 32766 20 90 1 32766 32766 26 
56080 1974 10 7 7187 32766 32766 58 128 28 64 70 358 32700 32 32766 40 60 9 32766 32766 68 
56080 1974 10 8 7199 32766 32766 52 137 11 56 65 346 0 37 32766 13 43 1 32766 32766 80 
56080 1974 10 9 7187 32766 32766 51 148 -9 63 74 351 0 33 32766 10 50 4 32766 32766 83 
56080 1974 10 10 7190 32766 32766 39 104 7 59 75 355 0 30 32766 10 63 6 32766 32766 67 
56080 1974 10 11 7195 32766 32766 43 142 -18 46 61 333 0 36 32766 13 67 5 32766 32766 96 
56080 1974 10 12 7165 32766 32766 41 137 -31 50 66 334 0 32 32766 23 53 3 32766 32766 96 
56080 1974 10 13 7176 32766 32766 43 104 12 64 78 357 57 14 32766 10 53 15 32766 32766 28 
56080 1974 10 14 7199 32766 32766 33 90 9 57 74 358 0 14 32766 10 50 9 32766 32766 21 
56080 1974 10 15 7150 32766 32766 58 142 -1 63 70 349 32700 28 32766 18 90 16 32766 32766 47 
56080 1974 10 16 7134 32766 32766 45 93 25 69 83 368 48 17 32766 18 90 16 32766 32766 0 
56080 1974 10 17 7196 32766 32766 11 47 -7 49 74 347 30021 15 32766 15 57 16 32766 32766 9 
56080 1974 10 18 7210 32766 32766 -1 84 -65 38 68 336 32001 24 32766 10 40 1 32766 32766 102 
56080 1974 10 19 7200 32766 32766 7 103 -61 34 62 313 32001 34 32766 10 80 11 32766 32766 101 
56080 1974 10 20 7174 32766 32766 10 121 -58 32 57 321 0 30 32766 5 80 10 32766 32766 102 
56080 1974 10 21 7189 32766 32766 -1 113 -76 32 61 317 0 29 32766 15 67 16 32766 32766 96 
56080 1974 10 22 7185 32766 32766 22 122 -34 46 68 341 0 26 32766 13 53 9 32766 32766 81 
56080 1974 10 23 7147 32766 32766 31 141 -20 52 72 342 0 27 32766 8 70 1 32766 32766 68 
56080 1974 10 24 7176 32766 32766 16 41 -13 51 76 361 31049 8 32766 0 50 14 32766 32766 3 
56080 1974 10 25 7167 32766 32766 -1 34 -14 56 92 381 31006 6 32766 23 87 16 32766 32766 0 
56080 1974 10 26 7172 32766 32766 -15 19 -29 48 87 384 31044 1 32766 15 57 16 32766 32766 6 
56080 1974 10 27 7200 32766 32766 -7 10 -18 55 95 388 31041 0 32766 10 23 9 32766 32766 0 
56080 1974 10 28 7166 32766 32766 -4 34 -21 52 88 376 31015 4 32766 8 33 16 32766 32766 10 
56080 1974 10 29 7182 32766 32766 -2 57 -46 33 60 330 0 24 32766 18 57 11 32766 32766 98 
56080 1974 10 30 7180 32766 32766 -18 76 -93 26 56 319 0 25 32766 18 70 11 32766 32766 98 
56080 1974 10 31 7167 32766 32766 -13 121 -88 33 64 331 0 23 32766 5 60 13 32766 32766 99 
56080 1974 11 1 7165 32766 32766 1 130 -74 39 69 332 0 22 32766 0 37 11 32766 32766 99 
56080 1974 11 2 7166 32766 32766 -9 54 -60 41 74 352 0 20 32766 33 90 16 32766 32766 86 
56080 1974 11 3 7179 32766 32766 7 75 -18 52 81 362 32700 12 32766 0 23 12 32766 32766 34 
56080 1974 11 4 7169 32766 32766 3 93 -39 50 82 366 0 14 32766 10 77 1 32766 32766 52 
56080 1974 11 5 7188 32766 32766 16 70 -18 52 77 361 0 10 32766 5 23 5 32766 32766 11 
56080 1974 11 6 7159 32766 32766 25 116 -27 51 72 352 0 17 32766 10 67 1 32766 32766 72 
56080 1974 11 7 7132 32766 32766 27 141 -45 49 70 339 0 26 32766 5 50 16 32766 32766 94 
56080 1974 11 8 7149 32766 32766 29 129 -27 49 69 340 0 27 32766 8 70 4 32766 32766 93 
56080 1974 11 9 7154 32766 32766 50 143 4 51 62 334 0 33 32766 10 60 9 32766 32766 78 
56080 1974 11 10 7139 32766 32766 32 150 -26 53 74 338 0 31 32766 18 93 16 32766 32766 85 
56080 1974 11 11 7185 32766 32766 -28 43 -41 34 69 353 3 23 32766 30 90 1 32766 32766 35 
56080 1974 11 12 7162 32766 32766 -20 28 -47 38 72 358 32700 13 32766 30 83 16 32766 32766 10 
56080 1974 11 13 7168 32766 32766 -54 -8 -83 32 80 365 31032 13 32766 8 57 1 32766 32766 66 
56080 1974 11 14 7157 32766 32766 -50 12 -95 34 81 364 32700 9 32766 13 80 16 32766 32766 33 
56080 1974 11 15 7161 32766 32766 -36 -6 -47 41 86 380 31033 4 32766 8 47 16 32766 32766 0 
56080 1974 11 16 7187 32766 32766 -42 -2 -68 24 55 340 31004 17 32766 20 57 16 32766 32766 64 
56080 1974 11 17 7204 32766 32766 -62 -1 -104 25 69 341 0 10 32766 5 30 1 32766 32766 88 
56080 1974 11 18 7175 32766 32766 -44 30 -90 26 63 338 0 12 32766 3 60 1 32766 32766 81 
56080 1974 11 19 7201 32766 32766 -42 28 -102 20 54 310 0 26 32766 35 110 13 32766 32766 89 
56080 1974 11 20 7200 32766 32766 -33 55 -109 18 41 313 0 25 32766 23 77 11 32766 32766 91 
56080 1974 11 21 7159 32766 32766 -42 52 -111 23 58 327 0 43 32766 5 80 1 32766 32766 67 
56080 1974 11 22 7186 32766 32766 -46 43 -99 25 61 329 0 18 32766 5 60 16 32766 32766 86 
56080 1974 11 23 7163 32766 32766 -55 67 -136 20 58 320 0 21 32766 10 70 12 32766 32766 91 
56080 1974 11 24 7139 32766 32766 -53 48 -120 21 59 319 0 20 32766 15 90 16 32766 32766 75 
56080 1974 11 25 7182 32766 32766 -54 -7 -71 30 75 361 31013 8 32766 15 37 4 32766 32766 65 
56080 1974 11 26 7157 32766 32766 -60 68 -139 22 63 333 0 15 32766 8 90 11 32766 32766 90 
56080 1974 11 27 7117 32766 32766 -36 117 -123 24 57 323 0 14 32766 0 20 16 32766 32766 89 
56080 1974 11 28 7128 32766 32766 -23 98 -98 32 66 335 0 16 32766 0 23 2 32766 32766 91 
56080 1974 11 29 7113 32766 32766 -42 30 -84 35 79 365 32700 10 32766 5 67 1 32766 32766 33 
56080 1974 11 30 7070 32766 32766 -31 19 -74 41 85 377 31033 3 32766 5 57 15 32766 32766 0 
56080 1974 12 1 7089 32766 32766 -13 76 -43 41 76 352 31003 16 32766 5 60 10 32766 32766 79 
56080 1974 12 2 7090 32766 32766 -22 97 -78 35 70 340 0 19 32766 20 87 11 32766 32766 88 
56080 1974 12 3 7128 32766 32766 -64 -26 -85 29 76 361 32700 9 32766 25 83 1 32766 32766 22 
56080 1974 12 4 7088 32766 32766 -73 9 -110 28 79 365 32700 11 32766 25 100 1 32766 32766 48 
56080 1974 12 5 7136 32766 32766 -84 -21 -132 23 69 350 32700 7 32766 15 50 16 32766 32766 78 
56080 1974 12 6 7084 32766 32766 -60 27 -115 22 62 331 0 14 32766 20 90 1 32766 32766 66 
56080 1974 12 7 7061 32766 32766 -73 45 -125 21 63 331 0 22 32766 28 100 13 32766 32766 60 
56080 1974 12 8 7062 32766 32766 -83 -27 -111 21 65 351 32700 10 32766 23 70 1 32766 32766 69 
56080 1974 12 9 7091 32766 32766 -88 -13 -136 22 71 354 32700 9 32766 15 50 1 32766 32766 70 
56080 1974 12 10 7104 32766 32766 -101 -24 -162 23 79 367 31016 6 32766 0 40 1 32766 32766 79 
56080 1974 12 11 7102 32766 32766 -83 29 -162 18 63 324 0 22 32766 20 100 11 32766 32766 88 
56080 1974 12 12 7130 32766 32766 -89 -7 -117 22 72 352 31001 15 32766 18 57 16 32766 32766 61 
56080 1974 12 13 7150 32766 32766 -107 -30 -167 16 64 331 32700 8 32766 13 57 1 32766 32766 63 
56080 1974 12 14 7113 32766 32766 -109 -33 -169 18 69 351 32700 8 32766 10 47 9 32766 32766 80 
56080 1974 12 15 7062 32766 32766 -70 60 -136 19 59 326 0 15 32766 5 80 16 32766 32766 83 
56080 1974 12 16 7096 32766 32766 -101 -51 -122 21 73 356 32700 9 32766 20 97 16 32766 32766 39 
56080 1974 12 17 7142 32766 32766 -125 -33 -184 17 71 356 31003 6 32766 15 50 1 32766 32766 67 
56080 1974 12 18 7141 32766 32766 -137 -86 -154 15 72 357 31002 11 32766 18 60 1 32766 32766 42 
56080 1974 12 19 7166 32766 32766 -144 -43 -207 12 65 339 0 8 32766 18 73 1 32766 32766 73 
56080 1974 12 20 7150 32766 32766 -108 -3 -181 16 61 343 0 8 32766 0 37 16 32766 32766 84 
56080 1974 12 21 7132 32766 32766 -88 -5 -126 17 57 337 0 9 32766 5 27 1 32766 32766 62 
56080 1974 12 22 7112 32766 32766 -94 1 -163 16 57 325 0 13 32766 5 90 16 32766 32766 82 
56080 1974 12 23 7133 32766 32766 -114 -74 -156 16 66 348 0 4 32766 8 43 9 32766 32766 0 
56080 1974 12 24 7136 32766 32766 -117 12 -198 15 64 339 0 14 32766 10 90 13 32766 32766 85 
56080 1974 12 25 7119 32766 32766 -91 5 -152 19 59 335 0 13 32766 5 60 16 32766 32766 76 
56080 1974 12 26 7117 32766 32766 -93 -12 -148 15 53 333 0 10 32766 10 50 1 32766 32766 30 
56080 1974 12 27 7141 32766 32766 -63 24 -142 18 49 335 0 14 32766 10 37 5 32766 32766 86 
56080 1974 12 28 7127 32766 32766 -66 49 -162 18 54 325 0 24 32766 35 110 13 32766 32766 87 
56080 1974 12 29 7124 32766 32766 -67 50 -140 17 50 326 0 14 32766 10 40 1 32766 32766 71 
56080 1974 12 30 7092 32766 32766 -90 -21 -140 21 69 348 0 10 32766 10 60 1 32766 32766 47 
56080 1974 12 31 7105 32766 32766 -87 24 -172 16 60 325 31001 15 32766 5 60 10 32766 32766 85 
56080 1975 1 1 7132 32766 32766 -111 -3 -184 13 50 326 0 14 32766 13 97 16 32766 32766 81 
56080 1975 1 2 7139 32766 32766 -104 -11 -175 15 61 333 0 11 32766 15 60 5 32766 32766 76 
56080 1975 1 3 7158 32766 32766 -83 -11 -119 20 62 341 31003 10 32766 13 77 1 32766 32766 75 
