V01000 V04001 V04002 V04003 V10004 V10201 V10202 V12001 V12052 V12053 V13004 V13003 V13007 V13201 V13241 V13242 V11002 V11042 V11212 V11041 V11043 V14032
56080 1987 1 4 7148 7158 7128 -93 31 -194 8 33 7 0 23 32766 18 77 13 32766 32766 88 
56080 1987 1 5 7146 7159 7115 -91 50 -194 11 36 17 0 19 32766 3 67 13 32766 32766 84 
56080 1987 1 6 7172 7208 7152 -89 -1 -183 9 33 16 0 21 32766 25 90 1 32766 32766 49 
56080 1987 1 7 7219 7246 7190 -104 32 -203 6 30 1 0 23 32766 8 60 9 32766 32766 83 
56080 1987 1 8 7173 7206 7129 -92 70 -208 7 25 13 0 17 32766 5 83 16 32766 32766 72 
56080 1987 1 9 7168 7186 7141 -66 37 -164 10 30 13 0 18 32766 10 70 15 32766 32766 73 
56080 1987 1 10 7176 7187 7150 -80 34 -167 12 38 16 0 20 32766 5 60 16 32766 32766 78 
56080 1987 1 11 7210 7223 7187 -99 3 -194 7 30 8 0 28 32766 23 100 15 32766 32766 91 
56080 1987 1 12 7218 7248 7186 -116 29 -215 5 21 1 0 16 32766 0 23 4 32766 32766 84 
56080 1987 1 13 7172 7204 7123 -92 44 -186 7 24 10 0 13 32766 5 47 15 32766 32766 75 
56080 1987 1 14 7117 7145 7089 -83 54 -181 12 38 16 0 19 32766 0 57 2 32766 32766 77 
56080 1987 1 15 7127 7159 7113 -72 42 -153 10 30 7 0 25 32766 8 120 13 32766 32766 69 
56080 1987 1 16 7150 7163 7129 -53 45 -142 9 24 9 0 20 32766 5 60 16 32766 32766 83 
56080 1987 1 17 7139 7172 7096 -68 47 -137 12 34 14 0 21 32766 8 80 16 32766 32766 72 
56080 1987 1 18 7162 7182 7138 -72 -6 -106 22 61 30 10 12 32766 10 47 15 32766 32766 70 
56080 1987 1 19 7143 7189 7087 -75 83 -178 19 56 18 0 14 32766 3 33 15 32766 32766 88 
56080 1987 1 20 7104 7120 7077 -73 52 -158 16 51 22 0 15 32766 15 40 3 32766 32766 82 
56080 1987 1 21 7091 7114 7048 -46 90 -149 17 45 14 0 21 32766 13 40 1 32766 32766 79 
56080 1987 1 22 7142 7184 7081 -86 10 -113 18 58 29 32700 17 32766 23 70 16 32766 32766 28 
56080 1987 1 23 7197 7217 7157 -115 -23 -164 16 64 35 32700 12 32766 18 50 15 32766 32766 85 
56080 1987 1 24 7185 7210 7155 -118 -46 -168 13 55 20 0 7 32766 10 40 16 32766 32766 10 
56080 1987 1 25 7192 7207 7168 -120 -24 -186 11 48 20 0 12 32766 3 70 1 32766 32766 48 
56080 1987 1 26 7200 7210 7185 -124 3 -231 5 28 3 0 18 32766 8 67 16 32766 32766 87 
56080 1987 1 27 7194 7219 7159 -103 54 -216 5 19 10 0 18 32766 8 30 5 32766 32766 89 
56080 1987 1 28 7167 7190 7137 -61 53 -167 8 22 14 0 21 32766 5 37 1 32766 32766 70 
56080 1987 1 29 7173 7187 7145 -61 58 -170 10 30 7 0 22 32766 3 80 16 32766 32766 66 
56080 1987 1 30 7210 7232 7187 -74 53 -167 12 35 21 0 19 32766 8 63 16 32766 32766 88 
56080 1987 1 31 7190 7215 7159 -85 37 -181 11 40 13 0 21 32766 8 63 2 32766 32766 88 
56080 1987 2 1 7199 7229 7180 -98 1 -165 12 42 23 0 22 32766 10 60 15 32766 32766 58 
56080 1987 2 2 7222 7243 7183 -105 19 -194 14 55 20 0 21 32766 5 40 1 32766 32766 86 
56080 1987 2 3 7195 7213 7154 -66 51 -146 17 46 29 0 19 32766 8 60 15 32766 32766 86 
56080 1987 2 4 7175 7194 7143 -53 49 -124 17 42 26 0 19 32766 10 60 16 32766 32766 54 
56080 1987 2 5 7175 7183 7155 -49 24 -103 28 67 27 12 19 32766 8 57 16 32766 32766 73 
56080 1987 2 6 7174 7189 7153 -74 30 -163 15 48 18 0 21 32766 3 47 1 32766 32766 93 
56080 1987 2 7 7147 7172 7113 -56 89 -170 10 32 3 0 25 32766 5 40 1 32766 32766 94 
56080 1987 2 8 7136 7164 7105 -23 97 -100 14 29 12 0 28 32766 3 37 5 32766 32766 77 
56080 1987 2 9 7111 7135 7075 -43 61 -131 17 43 19 0 28 32766 20 73 16 32766 32766 81 
56080 1987 2 10 7113 7134 7085 -41 12 -70 33 72 40 1 14 32766 23 47 16 32766 32766 8 
56080 1987 2 11 7119 7138 7096 -64 12 -129 25 68 32 20 18 32766 15 80 16 32766 32766 69 
56080 1987 2 12 7114 7145 7086 -57 84 -163 14 42 9 0 27 32766 8 70 13 32766 32766 85 
56080 1987 2 13 7117 7146 7075 -22 121 -139 19 44 12 0 25 32766 13 47 16 32766 32766 58 
56080 1987 2 14 7148 7168 7095 -24 60 -95 22 46 26 0 23 32766 13 47 16 32766 32766 62 
56080 1987 2 15 7125 7173 7079 -11 120 -88 25 50 20 0 26 32766 5 60 16 32766 32766 60 
56080 1987 2 16 7099 7124 7057 -36 91 -109 24 53 25 0 20 32766 10 57 16 32766 32766 41 
56080 1987 2 17 7115 7134 7082 -43 23 -83 28 63 38 32700 16 32766 28 57 16 32766 32766 3 
56080 1987 2 18 7093 7124 7056 -46 51 -95 31 71 45 32700 10 32766 10 103 15 32766 32766 24 
56080 1987 2 19 7130 7144 7093 -65 -31 -79 29 76 65 32700 14 32766 15 70 16 32766 32766 29 
56080 1987 2 20 7144 7165 7103 -75 41 -147 26 76 30 10 13 32766 23 70 15 32766 32766 63 
56080 1987 2 21 7155 7176 7134 -57 24 -139 14 48 6 1 32 32766 25 90 14 32766 32766 98 
56080 1987 2 22 7135 7157 7107 -62 46 -163 8 25 6 0 26 32766 20 60 1 32766 32766 85 
56080 1987 2 23 7148 7169 7122 -40 75 -157 7 23 3 0 41 32766 28 77 14 32766 32766 98 
56080 1987 2 24 7146 7167 7104 -38 102 -151 7 18 3 0 47 32766 35 120 12 32766 32766 62 
56080 1987 2 25 7142 7171 7104 -30 91 -127 13 30 10 0 40 32766 13 70 2 32766 32766 82 
56080 1987 2 26 7164 7203 7128 -56 3 -80 19 47 21 0 24 32766 25 67 2 32766 32766 26 
56080 1987 2 27 7188 7223 7144 -60 29 -103 21 56 28 32700 18 32766 13 40 1 32766 32766 85 
56080 1987 2 28 7168 7178 7146 -49 21 -88 18 45 26 0 20 32766 13 60 5 32766 32766 63 
56080 1987 3 1 7183 7198 7153 -57 51 -147 14 42 4 0 26 32766 10 47 3 32766 32766 80 
56080 1987 3 2 7169 7192 7125 -41 84 -138 16 41 11 0 38 32766 15 90 11 32766 32766 97 
56080 1987 3 3 7164 7185 7143 -47 42 -129 10 31 5 0 38 32766 10 70 16 32766 32766 102 
56080 1987 3 4 7147 7173 7112 -59 64 -167 5 15 6 0 33 32766 10 47 3 32766 32766 104 
56080 1987 3 5 7100 7132 7057 -36 92 -142 8 20 8 0 31 32766 23 77 16 32766 32766 53 
56080 1987 3 6 7086 7109 7069 2 88 -97 25 49 16 32700 33 32766 23 80 14 32766 32766 63 
56080 1987 3 7 7067 7097 7020 5 154 -107 28 48 16 0 45 32766 18 80 1 32766 32766 74 
56080 1987 3 8 7081 7095 7049 3 57 -31 44 70 44 32700 18 32766 15 47 9 32766 32766 4 
56080 1987 3 9 7090 7119 7060 -21 17 -59 39 74 51 4 20 32766 25 103 16 32766 32766 42 
56080 1987 3 10 7111 7145 7063 -23 94 -104 24 57 6 2 27 32766 20 60 9 32766 32766 65 
56080 1987 3 11 7065 7089 7028 -8 104 -90 24 48 12 0 38 32766 20 87 11 32766 32766 61 
56080 1987 3 12 7058 7067 7029 5 111 -68 23 44 6 0 43 32766 28 90 13 32766 32766 73 
56080 1987 3 13 7080 7087 7056 -10 73 -53 29 55 17 0 29 32766 18 53 1 32766 32766 65 
56080 1987 3 14 7093 7112 7068 -20 86 -91 28 57 25 32700 31 32766 35 80 16 32766 32766 52 
56080 1987 3 15 7113 7145 7074 -35 59 -97 24 54 6 32700 22 32766 13 57 14 32766 32766 47 
56080 1987 3 16 7069 7099 7037 2 127 -116 14 39 0 0 54 32766 23 107 13 32766 32766 94 
56080 1987 3 17 7081 7103 7049 2 106 -78 25 39 1 0 35 32766 13 60 8 32766 32766 39 
56080 1987 3 18 7112 7125 7065 -19 57 -62 35 68 21 16 27 32766 25 73 16 32766 32766 80 
56080 1987 3 19 7101 7127 7074 -7 103 -104 19 45 5 0 49 32766 35 100 12 32766 32766 91 
56080 1987 3 20 7069 7106 7028 -3 143 -100 17 38 0 0 54 32766 20 103 11 32766 32766 68 
56080 1987 3 21 7080 7100 7057 27 92 -22 32 46 25 32700 41 32766 18 93 16 32766 32766 50 
56080 1987 3 22 7095 7127 7042 21 174 -94 23 46 3 0 55 32766 28 103 11 32766 32766 73 
56080 1987 3 23 7114 7130 7087 20 99 -43 27 39 22 0 57 32766 18 67 5 32766 32766 89 
56080 1987 3 24 7147 7179 7108 -45 40 -70 32 73 35 16 16 32766 30 60 16 32766 32766 0 
56080 1987 3 25 7157 7203 7106 -29 101 -110 28 62 19 3 27 32766 18 50 16 32766 32766 97 
56080 1987 3 26 7135 7159 7094 9 127 -58 36 58 27 0 42 32766 8 60 5 32766 32766 84 
56080 1987 3 27 7123 7144 7088 12 99 -63 34 53 30 0 38 32766 10 63 16 32766 32766 82 
56080 1987 3 28 7124 7151 7079 39 182 -70 26 47 2 0 75 32766 18 110 13 32766 32766 92 
56080 1987 3 29 7119 7134 7093 67 164 -14 27 36 8 0 66 32766 33 93 16 32766 32766 69 
56080 1987 3 30 7155 7171 7127 39 145 -22 33 42 19 0 68 32766 18 80 5 32766 32766 67 
56080 1987 3 31 7155 7191 7120 2 62 -42 40 66 32 45 23 32766 13 53 16 32766 32766 47 
56080 1987 4 1 7144 7170 7112 -1 85 -35 44 75 22 1 34 32766 23 60 16 32766 32766 70 
56080 1987 4 2 7165 7188 7126 17 115 -61 28 50 13 1 53 32766 3 60 5 32766 32766 113 
56080 1987 4 3 7109 7144 7061 36 158 -78 24 42 5 0 58 32766 15 57 3 32766 32766 104 
56080 1987 4 4 7065 7081 7031 64 184 -29 39 48 18 0 58 32766 8 60 3 32766 32766 68 
56080 1987 4 5 7127 7149 7060 80 159 2 38 41 7 0 83 32766 38 73 4 32766 32766 84 
56080 1987 4 6 7182 7194 7149 59 134 1 35 39 19 0 66 32766 15 60 2 32766 32766 81 
56080 1987 4 7 7144 7193 7089 45 174 -65 22 33 8 0 74 32766 20 57 9 32766 32766 116 
56080 1987 4 8 7099 7110 7069 59 161 -7 39 45 15 0 71 32766 20 100 5 32766 32766 78 
56080 1987 4 9 7140 7155 7101 3 81 -33 50 81 55 40 31 32766 18 117 16 32766 32766 44 
56080 1987 4 10 7132 7146 7108 16 59 -6 51 75 61 32700 22 32766 33 80 5 32766 32766 0 
56080 1987 4 11 7130 7145 7109 -13 18 -29 48 86 67 74 22 32766 30 60 5 32766 32766 8 
56080 1987 4 12 7143 7157 7112 -2 58 -38 40 66 47 32700 34 32766 18 47 6 32766 32766 61 
56080 1987 4 13 7153 7163 7131 4 53 -14 46 73 54 32700 25 32766 38 60 5 32766 32766 27 
56080 1987 4 14 7162 7169 7152 -11 9 -38 51 92 73 46 21 32766 3 50 16 32766 32766 0 
56080 1987 4 15 7175 7190 7150 14 94 -46 46 69 31 32700 33 32766 18 60 3 32766 32766 82 
56080 1987 4 16 7176 7186 7159 41 111 -24 36 52 13 0 72 32766 28 90 13 32766 32766 109 
56080 1987 4 17 7162 7181 7138 60 178 -55 34 45 14 0 76 32766 15 57 12 32766 32766 117 
56080 1987 4 18 7139 7152 7118 84 193 -24 43 43 18 0 82 32766 23 73 6 32766 32766 72 
56080 1987 4 19 7134 7173 7096 44 167 -14 53 71 29 39 41 32766 18 110 15 32766 32766 61 
56080 1987 4 20 7168 7195 7132 46 144 -34 41 59 20 32700 73 32766 15 87 12 32766 32766 103 
56080 1987 4 21 7146 7161 7127 88 174 1 41 40 11 0 91 32766 45 123 14 32766 32766 104 
56080 1987 4 22 7148 7187 7094 89 238 -36 50 52 9 0 87 32766 13 77 6 32766 32766 106 
56080 1987 4 23 7102 7119 7060 114 231 28 66 53 16 9 82 32766 23 77 1 32766 32766 93 
56080 1987 4 24 7133 7163 7093 52 112 -3 69 79 57 67 20 32766 33 70 1 32766 32766 0 
56080 1987 4 25 7206 7221 7163 5 44 -20 49 78 49 186 36 32766 13 40 6 32766 32766 14 
56080 1987 4 26 7207 7221 7198 4 33 -22 49 79 59 44 17 32766 10 37 5 32766 32766 5 
56080 1987 4 27 7213 7223 7205 15 75 -38 49 73 50 32700 40 32766 15 60 11 32766 32766 103 
56080 1987 4 28 7186 7216 7143 52 132 -16 54 66 31 0 56 32766 23 73 10 32766 32766 114 
56080 1987 4 29 7125 7152 7100 70 169 -13 49 57 19 0 80 32766 15 53 11 32766 32766 122 
56080 1987 4 30 7111 7121 7093 65 159 -8 54 59 38 0 65 32766 13 80 6 32766 32766 84 
56080 1987 5 1 7138 7170 7112 8 79 -29 35 55 38 4 49 32766 43 90 16 32766 32766 0 
56080 1987 5 2 7174 7197 7127 28 152 -69 44 63 19 0 54 32766 13 67 16 32766 32766 105 
56080 1987 5 3 7153 7166 7135 22 77 -4 55 77 46 9 17 32766 33 60 16 32766 32766 0 
56080 1987 5 4 7163 7177 7143 0 22 -17 55 90 78 67 6 32766 15 33 7 32766 32766 0 
56080 1987 5 5 7143 7177 7111 25 80 -24 53 72 51 5 32 32766 5 30 15 32766 32766 44 
56080 1987 5 6 7135 7152 7114 65 142 -19 52 60 22 0 59 32766 15 60 3 32766 32766 105 
56080 1987 5 7 7128 7142 7094 55 144 -10 61 71 36 43 47 32766 30 73 8 32766 32766 67 
56080 1987 5 8 7161 7169 7134 35 105 -3 64 84 53 87 30 32766 28 80 5 32766 32766 59 
56080 1987 5 9 7192 7207 7167 16 97 -55 53 77 53 69 39 32766 0 73 16 32766 32766 108 
56080 1987 5 10 7159 7200 7105 74 176 12 78 77 41 14 55 32766 18 80 5 32766 32766 74 
56080 1987 5 11 7173 7189 7122 32 101 5 66 86 74 175 16 32766 33 77 16 32766 32766 0 
56080 1987 5 12 7211 7222 7190 41 92 8 62 77 56 32700 31 32766 18 50 15 32766 32766 25 
56080 1987 5 13 7213 7228 7186 56 99 12 66 74 49 32700 34 32766 13 47 11 32766 32766 36 
56080 1987 5 14 7181 7197 7159 59 115 26 74 81 53 70 23 32766 30 90 16 32766 32766 25 
56080 1987 5 15 7186 7204 7166 73 138 17 64 68 32 2 53 32766 5 87 13 32766 32766 76 
56080 1987 5 16 7204 7216 7175 48 109 10 64 74 51 12 38 32766 23 87 11 32766 32766 60 
56080 1987 5 17 7172 7206 7135 81 164 -7 59 61 24 32700 61 32766 15 47 13 32766 32766 112 
56080 1987 5 18 7144 7153 7129 77 179 4 67 67 27 32700 60 32766 23 90 4 32766 32766 74 
56080 1987 5 19 7153 7165 7140 89 151 15 72 67 37 32700 51 32766 20 60 7 32766 32766 79 
56080 1987 5 20 7142 7160 7121 108 190 38 90 71 45 1 79 32766 15 87 14 32766 32766 122 
56080 1987 5 21 7148 7169 7108 112 217 22 80 65 22 10 77 32766 20 67 1 32766 32766 100 
56080 1987 5 22 7137 7160 7100 128 204 59 84 62 30 30 82 32766 13 60 5 32766 32766 119 
56080 1987 5 23 7118 7138 7081 134 230 67 100 66 34 75 32766 32766 23 103 14 32766 32766 94 
56080 1987 5 24 7147 7150 7104 69 133 48 85 85 73 52 24 32766 35 87 16 32766 32766 0 
56080 1987 5 25 7199 7221 7149 39 82 -3 66 83 63 90 16 32766 20 80 15 32766 32766 3 
56080 1987 5 26 7194 7212 7174 42 105 2 68 83 61 64 30 32766 10 47 16 32766 32766 32 
56080 1987 5 27 7193 7206 7182 80 138 47 79 75 52 4 46 32766 30 70 14 32766 32766 46 
56080 1987 5 28 7196 7216 7167 82 154 21 83 77 45 55 50 32766 8 80 1 32766 32766 106 
56080 1987 5 29 7170 7189 7151 107 184 18 67 59 26 0 76 32766 35 103 1 32766 32766 121 
56080 1987 5 30 7183 7203 7145 104 188 27 71 62 22 32700 72 32766 25 90 16 32766 32766 85 
56080 1987 5 31 7183 7213 7162 83 146 15 70 66 41 152 61 32766 25 73 16 32766 32766 95 
56080 1987 6 1 7183 7208 7158 101 184 9 64 60 21 5 71 33 5 130 1 32766 32766 133 
56080 1987 6 2 7160 7178 7136 112 204 22 75 60 27 32700 68 34 20 53 5 32766 32766 115 
56080 1987 6 3 7113 7152 7071 139 244 36 93 63 28 0 77 38 10 50 7 32766 32766 114 
56080 1987 6 4 7131 7148 7082 105 184 83 95 75 49 126 32 27 25 53 16 32766 32766 0 
56080 1987 6 5 7184 7202 7138 71 109 41 80 80 63 43 40 29 30 57 14 32766 32766 30 
56080 1987 6 6 7208 7225 7182 98 168 35 81 69 43 2 51 23 5 87 14 32766 32766 112 
56080 1987 6 7 7192 7215 7164 113 177 47 77 63 26 35 70 40 18 80 16 32766 32766 102 
56080 1987 6 8 7154 7176 7119 120 207 30 85 65 27 1 68 36 15 60 6 32766 32766 104 
56080 1987 6 9 7128 7155 7097 129 186 74 101 69 49 10 41 20 8 53 1 32766 32766 65 
56080 1987 6 10 7111 7130 7068 123 217 71 113 81 40 30 67 40 25 73 8 32766 32766 55 
56080 1987 6 11 7102 7118 7081 119 151 102 119 86 71 140 54 32 23 67 16 32766 32766 33 
56080 1987 6 12 7149 7156 7119 76 103 36 92 87 73 155 10 29 38 70 16 32766 32766 0 
56080 1987 6 13 7156 7170 7133 54 82 36 81 90 76 77 12 19 15 67 15 32766 32766 0 
56080 1987 6 14 7168 7175 7157 78 130 39 77 75 49 5 40 16 10 73 16 32766 32766 76 
56080 1987 6 15 7172 7187 7151 94 153 24 87 76 50 2 39 20 10 50 10 32766 32766 34 
56080 1987 6 16 7160 7174 7138 130 192 86 91 63 41 1 63 22 0 33 10 32766 32766 91 
56080 1987 6 17 7160 7165 7140 103 176 66 95 76 48 32700 33 27 13 100 9 32766 32766 16 
56080 1987 6 18 7167 7176 7157 95 122 80 101 85 63 19 12 11 13 47 3 32766 32766 0 
56080 1987 6 19 7142 7168 7116 107 149 74 103 81 64 17 29 18 8 50 9 32766 32766 16 
56080 1987 6 20 7121 7132 7094 142 225 94 128 80 57 120 81 27 18 70 16 32766 32766 91 
56080 1987 6 21 7129 7135 7100 154 232 118 141 82 53 35 74 34 23 87 16 32766 32766 84 
56080 1987 6 22 7147 7156 7120 169 219 136 141 75 56 12 58 43 15 73 16 32766 32766 32 
56080 1987 6 23 7145 7153 7128 149 174 136 146 86 68 56 18 10 15 37 2 32766 32766 0 
56080 1987 6 24 7137 7149 7119 152 208 123 142 83 61 2 48 24 10 70 5 32766 32766 22 
56080 1987 6 25 7157 7172 7128 113 159 85 114 86 69 177 28 32 38 70 16 32766 32766 0 
56080 1987 6 26 7190 7199 7174 108 135 89 95 74 52 32700 42 29 13 57 16 32766 32766 0 
56080 1987 6 27 7203 7213 7185 119 178 85 97 71 47 6 56 30 20 53 16 32766 32766 77 
56080 1987 6 28 7195 7216 7165 128 199 81 98 68 39 6 62 34 15 60 5 32766 32766 80 
56080 1987 6 29 7173 7189 7155 117 156 87 105 78 57 32 28 23 10 57 8 32766 32766 30 
56080 1987 6 30 7156 7180 7139 105 162 62 94 75 49 4 43 26 23 77 5 32766 32766 54 
56080 1987 7 1 7143 7153 7131 130 206 40 93 66 37 3 59 28 8 73 9 32766 32766 114 
56080 1987 7 2 7164 7179 7140 109 203 41 99 79 45 130 57 39 3 70 1 32766 32766 81 
56080 1987 7 3 7175 7189 7153 118 186 73 94 69 43 7 55 31 13 63 16 32766 32766 78 
56080 1987 7 4 7162 7174 7136 99 172 59 97 81 52 50 28 22 18 73 3 32766 32766 38 
56080 1987 7 5 7175 7189 7153 116 196 42 91 71 35 9 60 26 8 33 6 32766 32766 93 
56080 1987 7 6 7165 7181 7141 137 222 43 82 61 19 0 78 41 13 43 7 32766 32766 133 
56080 1987 7 7 7136 7161 7106 139 229 62 118 76 41 56 73 38 8 47 4 32766 32766 90 
56080 1987 7 8 7121 7129 7105 155 215 109 139 80 57 12 40 24 23 57 15 32766 32766 48 
56080 1987 7 9 7144 7166 7129 106 145 80 116 91 81 36 19 28 28 80 16 32766 32766 0 
56080 1987 7 10 7177 7187 7167 96 133 72 94 79 59 24 21 21 10 47 16 32766 32766 0 
56080 1987 7 11 7178 7188 7169 107 146 81 98 77 57 4 29 16 8 53 9 32766 32766 18 
56080 1987 7 12 7182 7191 7179 103 138 66 102 83 61 16 14 9 0 37 7 32766 32766 0 
56080 1987 7 13 7167 7190 7141 117 199 36 103 78 46 2 54 23 8 37 3 32766 32766 78 
56080 1987 7 14 7155 7165 7143 136 209 60 114 77 43 32700 57 28 3 60 7 32766 32766 76 
56080 1987 7 15 7145 7162 7115 144 230 90 123 78 37 57 74 37 10 53 8 32766 32766 92 
56080 1987 7 16 7143 7149 7129 122 161 111 125 88 69 28 23 26 18 50 16 32766 32766 9 
56080 1987 7 17 7146 7154 7134 122 160 89 116 82 65 32700 23 15 15 47 1 32766 32766 0 
56080 1987 7 18 7156 7161 7143 124 162 97 117 82 69 4 29 14 8 33 15 32766 32766 1 
56080 1987 7 19 7154 7163 7141 150 204 112 126 75 51 0 50 24 5 60 16 32766 32766 25 
56080 1987 7 20 7178 7189 7158 109 163 82 104 80 71 25 23 25 35 53 16 32766 32766 0 
56080 1987 7 21 7181 7189 7167 111 171 78 99 77 40 6 42 22 15 53 2 32766 32766 53 
56080 1987 7 22 7204 7215 7177 116 180 55 96 73 41 19 62 35 23 57 11 32766 32766 112 
56080 1987 7 23 7208 7225 7181 119 209 19 73 59 25 32700 78 44 18 63 16 32766 32766 120 
56080 1987 7 24 7191 7211 7168 126 214 30 72 57 24 32700 92 52 15 70 16 32766 32766 131 
56080 1987 7 25 7171 7190 7149 123 221 24 81 62 27 32700 65 41 0 47 2 32766 32766 87 
56080 1987 7 26 7151 7169 7135 119 201 45 91 70 31 32700 63 39 18 80 16 32766 32766 63 
56080 1987 7 27 7145 7156 7130 133 212 50 94 67 35 34 80 44 10 57 11 32766 32766 91 
56080 1987 7 28 7162 7169 7143 130 224 31 77 60 20 0 93 54 10 50 1 32766 32766 130 
56080 1987 7 29 7173 7185 7152 126 216 31 87 64 36 0 74 46 13 50 6 32766 32766 112 
56080 1987 7 30 7167 7183 7138 136 230 65 102 69 38 0 57 49 8 100 3 32766 32766 79 
56080 1987 7 31 7144 7162 7122 135 219 63 118 78 49 24 39 26 5 67 12 32766 32766 72 
56080 1987 8 1 7142 7159 7115 144 211 100 125 78 50 0 52 31 13 60 7 32766 32766 42 
56080 1987 8 2 7137 7147 7115 123 165 110 122 86 71 9 39 38 28 63 16 32766 32766 3 
56080 1987 8 3 7163 7175 7146 115 137 98 119 88 77 15 16 18 5 50 16 32766 32766 0 
56080 1987 8 4 7173 7187 7154 148 211 94 119 73 51 4 60 28 25 57 6 32766 32766 58 
56080 1987 8 5 7182 7188 7162 118 181 78 115 84 56 4 27 24 18 57 16 32766 32766 0 
56080 1987 8 6 7218 7234 7188 103 147 66 97 79 51 115 31 26 25 50 16 32766 32766 34 
56080 1987 8 7 7222 7242 7198 104 191 27 88 74 39 0 57 36 10 47 2 32766 32766 96 
56080 1987 8 8 7207 7224 7183 99 182 16 85 73 42 16 43 33 5 133 12 32766 32766 86 
56080 1987 8 9 7201 7216 7187 91 174 25 82 76 32 11 34 24 0 93 2 32766 32766 64 
56080 1987 8 10 7188 7201 7168 88 181 9 80 76 38 95 32766 32766 13 90 7 32766 32766 48 
56080 1987 8 11 7182 7188 7175 74 116 62 92 90 69 101 6 12 13 53 15 32766 32766 0 
56080 1987 8 12 7190 7198 7178 93 147 32 89 77 57 1 30 18 5 50 15 32766 32766 36 
56080 1987 8 13 7192 7200 7183 77 162 3 81 79 42 3 35 18 8 113 1 32766 32766 99 
56080 1987 8 14 7197 7216 7178 98 172 16 84 72 44 61 32766 32766 18 87 11 32766 32766 99 
56080 1987 8 15 7196 7210 7177 98 188 8 84 72 42 18 55 28 3 83 10 32766 32766 103 
56080 1987 8 16 7188 7204 7166 103 205 10 85 72 36 32 42 29 10 127 11 32766 32766 69 
56080 1987 8 17 7184 7195 7170 119 189 82 99 74 39 16 58 29 8 73 9 32766 32766 93 
56080 1987 8 18 7184 7192 7170 109 187 43 94 75 37 0 45 32 5 70 8 32766 32766 54 
56080 1987 8 19 7181 7196 7158 108 219 16 78 67 22 0 67 32 10 53 5 32766 32766 121 
56080 1987 8 20 7168 7184 7150 122 231 20 77 61 22 0 61 40 5 40 3 32766 32766 120 
56080 1987 8 21 7183 7197 7154 96 177 38 92 77 38 2 33 24 3 43 16 32766 32766 32 
56080 1987 8 22 7191 7209 7170 117 217 36 80 67 23 0 66 36 0 53 5 32766 32766 92 
56080 1987 8 23 7173 7187 7146 122 239 22 86 65 25 32700 71 39 13 70 1 32766 32766 113 
56080 1987 8 24 7163 7182 7138 130 243 36 92 66 28 32700 75 39 8 83 1 32766 32766 115 
56080 1987 8 25 7129 7156 7089 127 256 44 109 78 37 300 32766 32766 15 133 15 32766 32766 90 
56080 1987 8 26 7152 7162 7123 130 181 84 117 80 49 7 37 24 5 60 10 32766 32766 58 
56080 1987 8 27 7156 7169 7131 126 217 70 105 75 33 45 64 38 20 63 5 32766 32766 96 
56080 1987 8 28 7164 7176 7142 132 208 54 83 61 18 32700 73 48 23 53 15 32766 32766 121 
56080 1987 8 29 7179 7192 7159 116 201 42 91 70 31 0 60 41 3 50 3 32766 32766 112 
56080 1987 8 30 7174 7186 7153 126 192 63 97 70 40 32700 62 37 10 70 12 32766 32766 94 
56080 1987 8 31 7181 7194 7163 113 196 42 96 74 43 9 46 32 5 63 3 32766 32766 102 
56080 1987 9 1 7169 7190 7142 119 219 34 95 73 36 0 59 38 5 57 8 32766 32766 69 
56080 1987 9 2 7136 7151 7111 121 161 108 114 81 63 125 30 19 18 70 1 32766 32766 37 
56080 1987 9 3 7185 7198 7151 98 136 79 95 79 40 32700 27 26 15 40 9 32766 32766 21 
56080 1987 9 4 7209 7224 7191 106 187 46 88 73 31 6 53 28 15 40 5 32766 32766 103 
56080 1987 9 5 7225 7240 7200 79 138 52 91 86 58 174 20 29 3 57 3 32766 32766 5 
56080 1987 9 6 7221 7244 7194 74 133 23 79 79 46 3 32 26 0 80 2 32766 32766 62 
56080 1987 9 7 7194 7225 7171 75 152 12 76 76 34 5 39 26 8 47 1 32766 32766 80 
56080 1987 9 8 7191 7202 7174 77 161 17 70 71 27 1 52 36 10 107 11 32766 32766 106 
56080 1987 9 9 7175 7196 7153 72 153 -2 70 72 42 0 41 25 8 60 11 32766 32766 93 
56080 1987 9 10 7164 7175 7148 77 151 18 84 80 57 0 28 21 10 43 7 32766 32766 12 
56080 1987 9 11 7155 7169 7132 116 192 85 104 77 57 32700 44 22 23 70 9 32766 32766 48 
56080 1987 9 12 7189 7211 7155 79 119 55 98 92 78 152 18 16 23 77 16 32766 32766 0 
56080 1987 9 13 7218 7228 7209 62 106 40 79 84 62 151 34 32 28 57 16 32766 32766 21 
56080 1987 9 14 7232 7246 7218 78 130 44 75 72 48 32700 38 21 8 40 8 32766 32766 42 
56080 1987 9 15 7217 7234 7186 77 177 -2 80 78 35 2 42 21 3 43 5 32766 32766 96 
56080 1987 9 16 7215 7230 7192 87 165 18 82 75 39 10 42 22 8 47 1 32766 32766 99 
56080 1987 9 17 7236 7248 7203 81 165 18 80 77 47 22 38 26 15 130 1 32766 32766 82 
56080 1987 9 18 7237 7260 7203 91 178 13 78 72 32 0 45 26 15 60 5 32766 32766 77 
56080 1987 9 19 7222 7233 7210 94 158 54 79 70 38 32700 41 30 15 107 3 32766 32766 39 
56080 1987 9 20 7227 7243 7202 68 163 9 70 74 35 3 49 27 18 107 2 32766 32766 79 
56080 1987 9 21 7200 7226 7172 64 176 -14 69 76 34 8 39 23 15 93 1 32766 32766 90 
56080 1987 9 22 7186 7201 7158 90 195 -3 76 70 36 0 50 27 5 57 4 32766 32766 109 
56080 1987 9 23 7203 7215 7174 70 134 42 87 87 57 43 13 13 38 80 16 32766 32766 0 
56080 1987 9 24 7229 7236 7215 64 107 38 73 77 50 8 22 7 25 53 6 32766 32766 29 
56080 1987 9 25 7240 7253 7217 53 122 6 69 79 44 32700 27 29 5 53 6 32766 32766 60 
56080 1987 9 26 7206 7233 7172 69 174 -15 62 68 30 0 48 22 18 37 5 32766 32766 108 
56080 1987 9 27 7191 7205 7179 51 111 25 73 83 52 18 6 7 15 50 16 32766 32766 0 
56080 1987 9 28 7229 7238 7206 61 130 13 62 69 37 5 36 23 15 63 16 32766 32766 83 
56080 1987 9 29 7225 7239 7202 64 155 -3 54 64 24 0 43 21 0 47 5 32766 32766 95 
56080 1987 9 30 7220 7229 7202 65 156 -15 61 68 34 32700 41 30 13 103 6 32766 32766 81 
56080 1987 10 1 7238 7256 7214 62 144 -2 56 65 20 0 40 32766 13 57 16 32766 32766 98 
56080 1987 10 2 7219 7241 7189 53 147 -24 54 66 28 32700 42 32766 10 73 13 32766 32766 81 
56080 1987 10 3 7182 7198 7166 51 156 -25 54 67 31 32700 37 32766 8 60 11 32766 32766 92 
56080 1987 10 4 7173 7189 7147 63 180 -31 55 65 23 0 48 32766 3 73 4 32766 32766 105 
56080 1987 10 5 7203 7234 7158 81 126 42 64 62 34 32700 47 32766 25 90 16 32766 32766 53 
56080 1987 10 6 7252 7269 7235 58 166 -28 55 65 23 0 47 32766 10 77 6 32766 32766 104 
56080 1987 10 7 7230 7254 7193 72 177 -23 52 59 20 0 54 32766 13 40 10 32766 32766 109 
56080 1987 10 8 7195 7215 7166 72 174 -11 53 59 17 0 49 32766 5 97 16 32766 32766 88 
56080 1987 10 9 7159 7184 7132 78 205 -21 58 61 22 0 57 32766 5 40 1 32766 32766 105 
56080 1987 10 10 7165 7181 7141 90 167 35 74 68 37 19 41 32766 15 77 16 32766 32766 85 
56080 1987 10 11 7153 7167 7124 71 193 -22 59 65 15 0 49 32766 0 57 5 32766 32766 106 
56080 1987 10 12 7147 7155 7117 76 171 19 73 73 38 32700 36 32766 13 70 1 32766 32766 38 
56080 1987 10 13 7167 7178 7147 61 155 -4 74 79 47 0 23 32766 8 50 4 32766 32766 23 
56080 1987 10 14 7164 7183 7137 92 181 55 84 74 40 32700 42 32766 15 60 16 32766 32766 69 
56080 1987 10 15 7145 7162 7108 87 172 53 83 76 44 4 31 32766 15 83 16 32766 32766 52 
56080 1987 10 16 7167 7194 7145 47 131 28 70 82 59 0 31 32766 20 130 16 32766 32766 34 
56080 1987 10 17 7200 7221 7181 11 53 -6 48 72 58 32700 20 32766 23 77 16 32766 32766 24 
56080 1987 10 18 7204 7233 7165 3 102 -44 35 62 20 32700 37 32766 13 47 16 32766 32766 100 
56080 1987 10 19 7157 7192 7114 -2 97 -46 40 67 31 0 23 32766 10 70 16 32766 32766 57 
56080 1987 10 20 7126 7149 7107 -28 13 -58 41 82 65 84 7 32766 33 67 16 32766 32766 0 
56080 1987 10 21 7177 7190 7149 -45 15 -71 34 77 53 5 14 32766 10 53 15 32766 32766 50 
56080 1987 10 22 7190 7205 7157 -23 70 -85 36 72 39 0 17 32766 0 50 15 32766 32766 86 
56080 1987 10 23 7226 7240 7185 -7 66 -64 32 60 27 0 30 32766 15 60 15 32766 32766 93 
56080 1987 10 24 7224 7250 7188 7 98 -75 35 58 25 0 25 32766 18 47 15 32766 32766 90 
56080 1987 10 25 7197 7216 7179 28 149 -50 44 65 18 0 35 32766 5 40 15 32766 32766 102 
56080 1987 10 26 7197 7210 7175 36 156 -52 46 63 26 0 34 32766 5 70 1 32766 32766 84 
56080 1987 10 27 7188 7212 7160 51 161 -34 50 64 23 0 43 32766 5 70 1 32766 32766 95 
56080 1987 10 28 7147 7174 7114 45 175 -37 42 60 12 0 47 32766 10 60 10 32766 32766 99 
56080 1987 10 29 7152 7167 7125 -2 64 -36 42 71 47 0 23 32766 23 60 16 32766 32766 49 
56080 1987 10 30 7144 7165 7115 -6 71 -46 46 79 56 32700 11 32766 13 47 4 32766 32766 18 
56080 1987 10 31 7135 7158 7112 -20 13 -40 42 80 69 4 12 32766 20 57 16 32766 32766 0 
56080 1987 11 1 7188 7208 7158 -53 -30 -66 30 74 45 18 15 32766 18 57 6 32766 32766 0 
56080 1987 11 2 7209 7234 7185 -47 40 -112 22 56 17 32700 32 32766 33 117 10 32766 32766 94 
56080 1987 11 3 7189 7203 7167 -21 95 -103 24 53 13 0 35 32766 18 100 12 32766 32766 95 
56080 1987 11 4 7213 7231 7172 -16 86 -94 27 57 18 0 26 32766 5 57 16 32766 32766 92 
56080 1987 11 5 7172 7210 7145 -2 126 -85 27 53 11 0 37 32766 13 83 15 32766 32766 96 
56080 1987 11 6 7179 7191 7152 -5 84 -62 25 47 19 0 27 32766 5 57 16 32766 32766 91 
56080 1987 11 7 7197 7214 7172 -7 94 -71 30 56 24 0 22 32766 3 37 16 32766 32766 72 
56080 1987 11 8 7200 7213 7186 -3 95 -75 30 57 21 32700 31 32766 10 100 14 32766 32766 95 
56080 1987 11 9 7151 7192 7114 5 152 -97 24 50 10 0 43 32766 18 87 10 32766 32766 88 
56080 1987 11 10 7137 7167 7119 -1 87 -65 31 55 25 0 28 32766 18 77 16 32766 32766 68 
56080 1987 11 11 7186 7195 7166 9 105 -58 35 56 20 32700 28 32766 15 50 5 32766 32766 85 
56080 1987 11 12 7200 7216 7183 0 97 -55 37 64 34 0 24 32766 5 37 16 32766 32766 84 
56080 1987 11 13 7172 7209 7125 -5 107 -74 40 70 38 0 22 32766 10 63 16 32766 32766 92 
56080 1987 11 14 7184 7200 7160 21 90 -39 46 67 32 32700 25 32766 10 40 16 32766 32766 85 
56080 1987 11 15 7200 7218 7180 15 96 -36 36 56 19 0 26 32766 10 30 6 32766 32766 85 
56080 1987 11 16 7162 7191 7129 0 117 -47 35 61 11 0 20 32766 0 83 13 32766 32766 78 
56080 1987 11 17 7172 7216 7141 -11 57 -55 30 55 29 0 26 32766 25 90 16 32766 32766 68 
56080 1987 11 18 7216 7241 7191 -35 47 -72 26 58 18 0 13 32766 5 27 6 32766 32766 62 
56080 1987 11 19 7162 7204 7116 -41 104 -125 20 53 10 0 27 32766 5 70 15 32766 32766 90 
56080 1987 11 20 7159 7174 7142 -24 103 -89 21 46 9 0 30 32766 5 60 13 32766 32766 87 
56080 1987 11 21 7164 7180 7141 -29 129 -117 22 49 15 0 27 32766 3 60 12 32766 32766 89 
56080 1987 11 22 7182 7210 7155 -7 133 -102 17 38 8 0 37 32766 8 97 11 32766 32766 90 
56080 1987 11 23 7165 7193 7146 -9 147 -106 20 43 8 0 28 32766 10 40 9 32766 32766 89 
56080 1987 11 24 7124 7155 7084 3 155 -96 26 48 14 0 31 32766 5 43 9 32766 32766 86 
56080 1987 11 25 7099 7129 7074 15 182 -78 31 54 3 0 38 32766 10 70 16 32766 32766 70 
56080 1987 11 26 7145 7163 7122 -5 47 -42 38 66 50 0 18 32766 18 70 15 32766 32766 39 
56080 1987 11 27 7189 7205 7165 -71 -12 -104 25 70 49 1 13 32766 20 57 16 32766 32766 41 
56080 1987 11 28 7184 7199 7167 -107 -37 -136 19 70 50 1 12 32766 28 57 16 32766 32766 41 
56080 1987 11 29 7182 7206 7147 -69 45 -130 20 56 14 32700 15 32766 13 50 16 32766 32766 73 
56080 1987 11 30 7192 7202 7178 -72 59 -140 19 58 17 0 13 32766 0 30 15 32766 32766 83 
56080 1987 12 1 7181 7201 7156 -68 41 -131 19 56 21 0 15 32766 0 40 16 32766 32766 79 
56080 1987 12 2 7146 7186 7106 -36 74 -105 21 48 18 0 21 32766 15 50 16 32766 32766 68 
56080 1987 12 3 7159 7182 7141 -68 -18 -94 22 60 40 0 18 32766 20 47 15 32766 32766 52 
56080 1987 12 4 7186 7199 7175 -91 -24 -131 21 70 47 32700 6 32766 10 37 15 32766 32766 44 
56080 1987 12 5 7209 7229 7184 -95 9 -170 15 58 14 0 15 32766 5 53 16 32766 32766 81 
56080 1987 12 6 7194 7201 7172 -96 17 -169 13 49 20 0 17 32766 5 60 16 32766 32766 80 
56080 1987 12 7 7193 7208 7173 -89 28 -170 12 44 13 0 14 32766 3 37 16 32766 32766 76 
56080 1987 12 8 7168 7197 7139 -88 34 -172 10 39 0 0 19 32766 3 70 16 32766 32766 71 
56080 1987 12 9 7170 7184 7144 -72 73 -174 12 36 16 0 17 32766 8 80 13 32766 32766 84 
56080 1987 12 10 7166 7178 7146 -54 69 -152 14 40 15 0 18 32766 5 50 16 32766 32766 57 
56080 1987 12 11 7196 7222 7168 -70 50 -146 15 44 11 0 20 32766 0 67 16 32766 32766 79 
56080 1987 12 12 7142 7175 7113 -73 50 -158 14 41 20 0 14 32766 0 30 15 32766 32766 50 
56080 1987 12 13 7164 7187 7120 -67 -22 -91 24 65 30 6 8 32766 18 40 16 32766 32766 0 
56080 1987 12 14 7188 7204 7176 -91 -7 -141 22 73 43 32700 7 32766 0 50 12 32766 32766 55 
56080 1987 12 15 7191 7213 7173 -97 31 -184 15 56 17 0 16 32766 3 57 12 32766 32766 84 
56080 1987 12 16 7184 7202 7170 -93 19 -178 13 46 16 0 15 32766 8 30 2 32766 32766 74 
56080 1987 12 17 7169 7182 7145 -84 50 -175 16 52 26 0 15 32766 0 50 16 32766 32766 78 
56080 1987 12 18 7191 7206 7175 -73 2 -124 17 48 29 0 13 32766 0 53 16 32766 32766 47 
56080 1987 12 19 7208 7221 7195 -89 -4 -166 16 55 27 0 12 32766 3 63 16 32766 32766 70 
56080 1987 12 20 7219 7235 7206 -100 22 -195 11 44 13 0 16 32766 3 60 16 32766 32766 83 
56080 1987 12 21 7196 7219 7161 -72 63 -155 13 39 16 0 22 32766 5 97 12 32766 32766 73 
56080 1987 12 22 7185 7210 7162 -66 56 -156 18 50 30 0 17 32766 20 80 14 32766 32766 71 
56080 1987 12 23 7160 7169 7129 -51 97 -134 16 42 16 0 20 32766 0 43 1 32766 32766 77 
56080 1987 12 24 7196 7216 7163 -51 31 -110 20 45 32 32700 15 32766 5 50 1 32766 32766 48 
56080 1987 12 25 7206 7228 7183 -77 42 -168 12 42 10 0 22 32766 8 90 14 32766 32766 83 
56080 1987 12 26 7186 7200 7161 -72 89 -178 10 32 9 0 19 32766 3 67 10 32766 32766 83 
56080 1987 12 27 7181 7201 7161 -52 101 -157 12 32 10 0 28 32766 15 32766 32766 32766 32766 83 
56080 1987 12 28 7151 7172 7125 -30 102 -145 12 29 4 0 31 32766 10 110 14 32766 32766 77 
56080 1987 12 29 7165 7170 7142 -57 44 -86 18 46 11 32700 26 32766 5 80 16 32766 32766 36 
56080 1987 12 30 7132 7174 7088 -65 96 -171 16 53 7 0 21 32766 10 73 10 32766 32766 73 
56080 1987 12 31 7127 7172 7090 -55 4 -104 19 46 17 0 11 32766 10 40 16 32766 32766 0 
56080 1988 1 1 7184 7202 7168 -47 63 -138 21 51 23 0 17 32766 3 63 1 32766 32766 78 
56080 1988 1 2 7149 7182 7120 -50 92 -147 18 44 21 0 12 32766 0 27 2 32766 32766 43 
56080 1988 1 3 7157 7166 7127 -38 69 -125 22 51 25 0 23 32766 13 53 9 32766 32766 76 
