V01000 V04001 V04002 V04003 V10004 V10201 V10202 V12001 V12052 V12053 V13004 V13003 V13007 V13201 V13241 V13242 V11002 V11042 V11212 V11041 V11043 V14032
54161 1998 1 4 9900 9936 9868 -182 -137 -226 9 61 49 32700 3 32766 33 90 10 32766 32766 74 
54161 1998 1 5 9845 9880 9822 -147 -107 -190 13 63 54 0 4 32766 23 97 12 32766 32766 72 
54161 1998 1 6 9904 9943 9868 -147 -99 -188 12 59 51 0 5 32766 23 97 12 32766 32766 77 
54161 1998 1 7 9977 9996 9943 -150 -104 -189 11 61 34 0 5 32766 10 60 5 32766 32766 61 
54161 1998 1 8 9937 9984 9918 -160 -117 -197 9 52 45 0 6 32766 33 60 3 32766 32766 49 
54161 1998 1 9 9920 9947 9896 -141 -74 -196 14 66 53 0 5 32766 15 57 12 32766 32766 64 
54161 1998 1 10 10021 10037 9947 -147 -103 -194 11 56 40 0 4 32766 5 20 1 32766 32766 68 
54161 1998 1 11 9996 10029 9977 -148 -90 -206 13 67 44 0 4 32766 8 37 16 32766 32766 63 
54161 1998 1 12 9985 9993 9975 -163 -102 -220 11 61 41 0 4 32766 10 43 13 32766 32766 70 
54161 1998 1 13 10032 10066 9993 -186 -143 -206 8 60 50 0 4 32766 15 57 1 32766 32766 73 
54161 1998 1 14 10089 10115 10066 -208 -174 -238 7 60 52 0 3 32766 18 50 3 32766 32766 63 
54161 1998 1 15 10001 10074 9976 -198 -164 -226 8 63 57 0 4 32766 38 70 2 32766 32766 57 
54161 1998 1 16 9992 10007 9983 -191 -146 -232 9 66 55 0 3 32766 10 33 2 32766 32766 69 
54161 1998 1 17 9942 9988 9924 -178 -153 -209 12 76 65 12 1 32766 18 53 12 32766 32766 12 
54161 1998 1 18 9914 9941 9902 -223 -190 -248 8 79 64 32700 3 32766 13 60 12 32766 32766 63 
54161 1998 1 19 9892 9908 9877 -212 -157 -261 8 67 59 0 3 32766 23 70 11 32766 32766 79 
54161 1998 1 20 9860 9877 9850 -159 -132 -185 11 63 47 0 5 32766 40 90 13 32766 32766 51 
54161 1998 1 21 9889 9902 9872 -179 -130 -224 8 51 41 0 8 32766 53 107 12 32766 32766 74 
54161 1998 1 22 9923 9943 9898 -192 -146 -222 7 51 46 0 5 32766 35 80 13 32766 32766 69 
54161 1998 1 23 9952 9961 9944 -217 -164 -254 7 65 51 0 2 32766 5 33 15 32766 32766 72 
54161 1998 1 24 9964 9972 9959 -187 -122 -239 9 62 50 0 4 32766 30 73 11 32766 32766 77 
54161 1998 1 25 9936 9957 9927 -154 -93 -200 11 59 44 0 6 32766 20 57 11 32766 32766 81 
54161 1998 1 26 9965 9997 9935 -171 -116 -224 9 56 39 0 6 32766 8 47 14 32766 32766 78 
54161 1998 1 27 10015 10031 9997 -157 -99 -200 9 50 38 0 6 32766 20 60 13 32766 32766 85 
54161 1998 1 28 10022 10039 10002 -136 -50 -194 11 50 32 0 10 32766 40 73 12 32766 32766 80 
54161 1998 1 29 9939 10002 9906 -77 -15 -137 18 52 40 0 16 32766 60 110 11 32766 32766 60 
54161 1998 1 30 9943 9977 9909 -94 -48 -135 15 52 34 0 14 32766 43 103 13 32766 32766 64 
54161 1998 1 31 10010 10033 9974 -118 -58 -182 11 44 28 0 12 32766 30 63 13 32766 32766 85 
54161 1998 2 1 9988 10003 9979 -87 -24 -130 16 51 40 0 14 32766 30 57 11 32766 32766 81 
54161 1998 2 2 9946 9980 9926 -73 -6 -125 18 51 36 0 15 32766 13 63 12 32766 32766 83 
54161 1998 2 3 10021 10044 9950 -113 -59 -155 10 41 23 0 13 32766 15 57 2 32766 32766 85 
54161 1998 2 4 9976 10028 9952 -90 -12 -156 14 45 33 0 14 32766 33 60 13 32766 32766 86 
54161 1998 2 5 9915 9953 9894 -72 -6 -115 18 51 35 0 17 32766 28 60 11 32766 32766 81 
54161 1998 2 6 9874 9897 9858 -59 12 -115 18 46 28 0 10 32766 10 40 9 32766 32766 77 
54161 1998 2 7 9823 9858 9803 -66 -24 -97 19 51 39 0 14 32766 23 60 1 32766 32766 62 
54161 1998 2 8 9871 9890 9822 -127 -80 -183 14 58 46 0 9 32766 15 47 12 32766 32766 55 
54161 1998 2 9 9900 9908 9890 -109 -41 -170 14 53 34 0 9 32766 0 27 12 32766 32766 87 
54161 1998 2 10 9873 9912 9838 -79 -7 -156 19 52 39 0 17 32766 40 113 11 32766 32766 68 
54161 1998 2 11 9756 9839 9708 -10 64 -65 37 65 39 33 18 32766 65 103 8 32766 32766 32 
54161 1998 2 12 9870 9941 9708 -73 15 -105 18 49 34 13 19 32766 63 123 14 32766 32766 86 
54161 1998 2 13 9933 9957 9913 -91 -39 -147 13 41 24 0 9 32766 0 23 9 32766 32766 59 
54161 1998 2 14 9927 9944 9914 -96 -54 -138 17 60 42 0 8 32766 5 37 3 32766 32766 83 
54161 1998 2 15 9893 9917 9881 -56 0 -116 19 48 31 0 12 32766 5 37 2 32766 32766 79 
54161 1998 2 16 9962 10013 9902 -50 7 -101 21 51 27 0 15 32766 23 63 14 32766 32766 86 
54161 1998 2 17 10040 10063 10013 -39 27 -124 19 44 22 0 19 32766 18 50 8 32766 32766 88 
54161 1998 2 18 9995 10025 9983 14 83 -49 15 24 10 0 49 32766 55 100 11 32766 32766 77 
54161 1998 2 19 9979 10003 9957 40 97 -8 28 34 19 0 33 32766 28 47 10 32766 32766 72 
54161 1998 2 20 10005 10032 9960 -52 58 -96 21 48 36 0 35 32766 75 97 2 32766 32766 87 
54161 1998 2 21 10046 10064 10031 -71 4 -147 13 37 22 0 28 32766 43 70 2 32766 32766 92 
54161 1998 2 22 10010 10037 9989 -37 44 -122 15 34 14 0 16 32766 3 40 3 32766 32766 79 
54161 1998 2 23 9975 9989 9961 -11 59 -67 14 27 9 0 30 32766 20 43 2 32766 32766 80 
54161 1998 2 24 9942 9968 9918 -2 73 -69 21 35 18 0 24 32766 3 37 2 32766 32766 87 
54161 1998 2 25 9898 9923 9880 5 88 -68 22 36 19 0 17 32766 3 17 14 32766 32766 80 
54161 1998 2 26 9879 9886 9865 4 79 -60 25 41 23 0 23 32766 5 20 1 32766 32766 67 
54161 1998 2 27 9907 9934 9880 2 49 -47 26 42 29 0 27 32766 35 80 1 32766 32766 31 
54161 1998 2 28 9969 9983 9934 -30 45 -98 14 29 11 0 31 32766 18 60 1 32766 32766 98 
54161 1998 3 1 9928 9969 9902 14 99 -70 22 34 20 0 50 32766 38 90 11 32766 32766 95 
54161 1998 3 2 9902 9917 9892 29 94 -16 31 41 31 0 51 32766 50 83 12 32766 32766 94 
54161 1998 3 3 9948 9964 9917 -2 67 -85 19 33 18 0 25 32766 0 40 1 32766 32766 97 
54161 1998 3 4 9932 9953 9916 49 134 -19 25 30 15 0 55 32766 40 77 12 32766 32766 99 
54161 1998 3 5 9882 9920 9851 50 122 -9 45 50 23 0 38 32766 33 70 11 32766 32766 85 
54161 1998 3 6 9910 9962 9835 12 55 -18 32 48 17 0 50 32766 58 93 1 32766 32766 98 
54161 1998 3 7 9983 10010 9958 -4 71 -78 16 30 13 0 41 32766 20 50 12 32766 32766 96 
54161 1998 3 8 9920 9959 9902 35 114 -11 18 23 18 0 57 32766 50 90 12 32766 32766 93 
54161 1998 3 9 9979 9998 9934 11 65 -48 20 31 21 0 42 32766 33 70 3 32766 32766 97 
54161 1998 3 10 9974 10003 9945 7 74 -60 21 34 23 0 35 32766 15 50 3 32766 32766 87 
54161 1998 3 11 9881 9945 9833 27 85 -39 23 33 17 0 26 32766 10 30 15 32766 32766 83 
54161 1998 3 12 9753 9833 9722 14 54 -17 31 45 27 0 32 32766 33 87 14 32766 32766 37 
54161 1998 3 13 9798 9821 9758 -24 15 -49 25 49 18 0 30 32766 48 80 2 32766 32766 72 
54161 1998 3 14 9814 9823 9793 -59 -28 -80 15 39 21 32700 23 32766 20 80 13 32766 32766 90 
54161 1998 3 15 9842 9865 9822 -41 45 -134 15 34 21 0 33 32766 35 87 12 32766 32766 107 
54161 1998 3 16 9857 9885 9829 9 71 -50 16 25 15 0 42 32766 35 50 3 32766 32766 95 
54161 1998 3 17 9908 9918 9885 33 99 -44 25 31 16 0 41 32766 25 63 11 32766 32766 71 
54161 1998 3 18 9857 9911 9826 53 122 -5 54 63 25 11 63 32766 70 170 11 32766 32766 0 
54161 1998 3 19 9814 9864 9798 -57 -2 -96 32 76 54 108 33 32766 55 110 13 32766 32766 24 
54161 1998 3 20 9841 9879 9802 -88 -41 -137 20 62 53 0 21 32766 73 100 13 32766 32766 87 
54161 1998 3 21 9916 9930 9880 -96 -52 -150 17 58 44 0 18 32766 43 77 12 32766 32766 112 
54161 1998 3 22 9942 9961 9922 -67 -12 -132 22 59 46 0 19 32766 53 90 12 32766 32766 111 
54161 1998 3 23 9912 9939 9877 -2 60 -63 33 55 35 0 36 32766 65 93 12 32766 32766 110 
54161 1998 3 24 9860 9878 9847 36 103 -18 34 44 27 0 60 32766 63 107 12 32766 32766 111 
54161 1998 3 25 9871 9881 9855 56 126 -6 37 44 17 0 64 32766 53 97 12 32766 32766 110 
54161 1998 3 26 9846 9890 9808 86 134 43 55 50 30 0 87 32766 88 143 11 32766 32766 38 
54161 1998 3 27 9802 9820 9780 86 136 46 73 66 43 0 59 32766 88 130 11 32766 32766 36 
54161 1998 3 28 9815 9826 9788 103 168 53 80 66 37 0 70 32766 73 160 11 32766 32766 99 
54161 1998 3 29 9922 9967 9810 59 97 15 39 40 10 0 94 32766 50 123 14 32766 32766 103 
54161 1998 3 30 9967 9985 9942 12 74 -48 21 31 19 0 53 32766 25 73 13 32766 32766 106 
54161 1998 3 31 9979 9993 9947 -6 37 -52 19 33 19 0 38 32766 40 57 15 32766 32766 114 
54161 1998 4 1 9966 9991 9935 2 58 -62 22 37 20 0 35 32766 15 50 2 32766 32766 112 
54161 1998 4 2 9902 9942 9871 27 104 -66 22 32 16 0 52 32766 25 63 12 32766 32766 111 
54161 1998 4 3 9837 9870 9810 83 153 8 50 43 26 0 91 32766 83 140 11 32766 32766 97 
54161 1998 4 4 9886 9910 9832 118 179 53 65 48 31 0 85 32766 68 120 10 32766 32766 96 
54161 1998 4 5 9942 9960 9910 113 175 57 89 68 37 15 43 32766 15 67 12 32766 32766 94 
54161 1998 4 6 9910 9942 9873 131 202 57 69 49 19 0 66 32766 25 50 13 32766 32766 119 
54161 1998 4 7 9835 9875 9805 156 227 77 57 34 17 0 104 32766 45 83 11 32766 32766 100 
54161 1998 4 8 9813 9831 9789 173 238 110 68 37 12 32700 114 32766 43 67 11 32766 32766 71 
54161 1998 4 9 9779 9807 9746 169 225 112 90 47 36 0 132 32766 90 130 10 32766 32766 104 
54161 1998 4 10 9883 9922 9753 93 182 37 67 59 29 15 55 32766 28 160 12 32766 32766 77 
54161 1998 4 11 9876 9916 9823 125 183 52 45 35 13 0 59 32766 30 43 5 32766 32766 49 
54161 1998 4 12 9755 9823 9710 133 188 87 80 54 22 32700 59 32766 50 87 12 32766 32766 36 
54161 1998 4 13 9796 9830 9737 91 148 24 54 48 29 0 60 32766 28 43 3 32766 32766 119 
54161 1998 4 14 9851 9862 9830 122 186 32 48 38 17 0 64 32766 13 40 3 32766 32766 106 
54161 1998 4 15 9819 9854 9785 159 223 55 55 32 20 0 94 32766 40 70 9 32766 32766 104 
54161 1998 4 16 9798 9820 9787 154 220 108 72 43 23 32700 119 32766 63 100 12 32766 32766 82 
54161 1998 4 17 9806 9842 9770 148 205 83 70 42 32 0 85 32766 43 90 11 32766 32766 86 
54161 1998 4 18 9744 9775 9700 167 224 102 79 43 19 0 161 32766 85 153 12 32766 32766 100 
54161 1998 4 19 9798 9842 9753 189 254 93 94 44 27 0 115 32766 50 83 11 32766 32766 114 
54161 1998 4 20 9774 9804 9726 203 232 178 134 57 43 0 114 32766 80 130 12 32766 32766 12 
54161 1998 4 21 9797 9812 9776 198 232 158 95 41 26 0 105 32766 50 60 3 32766 32766 88 
54161 1998 4 22 9795 9815 9764 211 276 153 116 48 26 0 107 32766 58 97 11 32766 32766 106 
54161 1998 4 23 9820 9866 9774 97 210 38 79 68 43 1 38 32766 53 77 15 32766 32766 11 
54161 1998 4 24 9878 9886 9865 67 122 3 51 57 23 52 50 32766 33 67 1 32766 32766 97 
54161 1998 4 25 9851 9884 9810 90 144 0 41 37 20 0 48 32766 13 47 9 32766 32766 124 
54161 1998 4 26 9793 9821 9772 119 200 67 62 45 20 25 80 32766 45 113 12 32766 32766 76 
54161 1998 4 27 9847 9873 9811 151 209 80 54 34 15 0 118 32766 65 100 11 32766 32766 102 
54161 1998 4 28 9889 9916 9832 134 168 117 85 56 31 0 65 32766 58 90 11 32766 32766 0 
54161 1998 4 29 9952 9971 9916 142 205 60 60 44 11 0 75 32766 30 47 4 32766 32766 106 
54161 1998 4 30 9899 9956 9851 175 256 111 72 38 17 5 137 32766 50 103 11 32766 32766 108 
54161 1998 5 1 9788 9863 9748 131 143 120 145 97 88 370 2 1 38 60 8 32766 32766 0 
54161 1998 5 2 9788 9826 9748 127 152 100 110 76 40 5 50 40 50 93 3 32766 32766 76 
54161 1998 5 3 9867 9887 9826 142 202 45 74 48 23 0 65 30 15 37 9 32766 32766 120 
54161 1998 5 4 9861 9877 9846 179 231 111 106 52 39 0 112 50 58 107 9 32766 32766 120 
54161 1998 5 5 9856 9860 9840 188 236 137 110 52 36 0 133 72 73 120 11 32766 32766 120 
54161 1998 5 6 9885 9903 9860 136 196 113 128 83 45 1 25 11 33 70 11 32766 32766 0 
54161 1998 5 7 9874 9883 9865 118 178 94 96 70 26 0 46 28 35 83 13 32766 32766 44 
54161 1998 5 8 9888 9925 9850 126 176 30 31 22 10 0 114 73 53 100 13 32766 32766 130 
54161 1998 5 9 9845 9863 9836 150 209 92 61 38 16 0 115 50 48 32766 32766 32766 32766 111 
54161 1998 5 10 9903 9923 9863 167 223 74 45 25 15 0 87 40 23 30 7 32766 32766 130 
54161 1998 5 11 9854 9897 9817 187 242 127 81 39 22 0 107 70 38 77 12 32766 32766 112 
54161 1998 5 12 9792 9822 9766 185 244 130 96 47 28 0 72 50 33 80 12 32766 32766 45 
54161 1998 5 13 9825 9838 9786 195 273 124 113 55 25 0 102 47 40 63 11 32766 32766 117 
54161 1998 5 14 9842 9857 9814 225 293 152 134 53 24 0 120 55 53 73 10 32766 32766 101 
54161 1998 5 15 9833 9841 9821 234 296 177 111 41 21 0 143 32766 55 97 11 32766 32766 111 
54161 1998 5 16 9784 9832 9746 229 288 168 93 34 23 32700 152 32766 53 90 9 32766 32766 90 
54161 1998 5 17 9753 9771 9730 158 227 126 134 76 35 94 49 32766 35 60 11 32766 32766 16 
54161 1998 5 18 9798 9809 9773 206 273 131 131 56 32 0 98 32766 30 57 11 32766 32766 134 
54161 1998 5 19 9800 9826 9775 188 248 155 143 68 34 26 78 32766 60 130 11 32766 32766 76 
54161 1998 5 20 9869 9886 9826 203 269 139 129 59 23 0 94 32766 38 87 11 32766 32766 120 
54161 1998 5 21 9858 9884 9827 238 302 167 127 46 23 0 156 32766 60 90 11 32766 32766 126 
54161 1998 5 22 9865 9891 9828 153 247 133 138 81 37 48 41 32766 35 73 11 32766 32766 23 
54161 1998 5 23 9856 9897 9815 155 205 85 127 75 47 0 52 32766 38 73 11 32766 32766 93 
54161 1998 5 24 9802 9853 9768 138 190 81 68 47 21 3 94 32766 33 80 13 32766 32766 135 
54161 1998 5 25 9706 9768 9672 192 268 109 69 32 20 0 165 32766 60 127 11 32766 32766 116 
54161 1998 5 26 9739 9790 9687 170 257 99 94 51 26 19 79 32766 45 120 13 32766 32766 76 
54161 1998 5 27 9833 9852 9790 155 215 76 62 39 18 0 98 32766 45 63 13 32766 32766 127 
54161 1998 5 28 9763 9828 9737 146 195 110 120 72 27 30 65 32766 70 130 12 32766 32766 40 
54161 1998 5 29 9760 9762 9753 134 175 96 70 46 34 9 114 32766 85 133 12 32766 32766 107 
54161 1998 5 30 9763 9773 9758 152 208 80 54 34 12 0 137 32766 58 120 13 32766 32766 138 
54161 1998 5 31 9749 9770 9712 208 274 127 87 36 18 0 161 32766 53 100 12 32766 32766 125 
54161 1998 6 1 9782 9796 9713 177 239 113 101 51 36 0 107 32766 30 90 13 32766 32766 127 
54161 1998 6 2 9771 9787 9751 207 258 155 121 50 34 0 101 32766 35 53 4 32766 32766 91 
54161 1998 6 3 9787 9811 9761 162 222 145 112 61 44 0 52 32766 30 60 5 32766 32766 41 
54161 1998 6 4 9837 9850 9811 175 237 94 95 49 29 0 88 32766 18 50 3 32766 32766 124 
54161 1998 6 5 9849 9865 9829 196 263 124 118 56 29 0 93 32766 23 43 13 32766 32766 132 
54161 1998 6 6 9820 9846 9788 207 259 143 118 50 29 0 134 32766 53 103 13 32766 32766 131 
54161 1998 6 7 9767 9797 9739 193 242 132 139 64 29 138 127 32766 63 100 10 32766 32766 100 
54161 1998 6 8 9779 9793 9751 198 244 158 133 60 29 32700 112 32766 60 93 12 32766 32766 106 
54161 1998 6 9 9790 9812 9749 202 253 152 146 61 47 1 86 32766 60 127 11 32766 32766 27 
54161 1998 6 10 9801 9819 9756 206 254 150 113 49 28 1 131 32766 53 100 11 32766 32766 125 
54161 1998 6 11 9805 9817 9786 194 255 153 147 66 39 58 89 32766 48 90 13 32766 32766 77 
54161 1998 6 12 9810 9826 9786 222 289 148 150 60 28 0 99 32766 40 60 9 32766 32766 135 
54161 1998 6 13 9784 9807 9759 233 284 178 178 64 39 0 73 32766 25 43 9 32766 32766 109 
54161 1998 6 14 9743 9769 9712 227 291 174 175 65 38 0 98 32766 38 107 13 32766 32766 111 
54161 1998 6 15 9707 9726 9678 181 222 151 184 89 61 635 32766 32766 38 107 32766 32766 32766 34 
54161 1998 6 16 9736 9746 9715 209 266 166 194 80 49 3 64 32766 43 53 12 32766 32766 114 
54161 1998 6 17 9744 9759 9723 224 278 166 188 71 51 2 86 32766 38 57 8 32766 32766 111 
54161 1998 6 18 9741 9763 9722 207 238 176 179 74 62 4 50 32766 53 80 9 32766 32766 49 
54161 1998 6 19 9713 9732 9703 194 230 155 161 73 51 87 82 32766 50 87 9 32766 32766 120 
54161 1998 6 20 9754 9803 9719 203 253 143 166 71 54 99 69 32766 45 97 13 32766 32766 69 
54161 1998 6 21 9802 9821 9794 192 241 158 167 76 53 110 49 32766 40 77 9 32766 32766 29 
54161 1998 6 22 9837 9852 9797 213 240 177 200 79 69 52 50 32766 43 80 9 32766 32766 46 
54161 1998 6 23 9817 9848 9790 237 277 195 208 72 48 0 98 32766 63 107 9 32766 32766 115 
54161 1998 6 24 9793 9806 9786 237 269 207 196 67 51 0 113 32766 65 107 9 32766 32766 122 
54161 1998 6 25 9790 9807 9768 238 294 184 212 73 51 0 86 32766 43 70 9 32766 32766 133 
54161 1998 6 26 9736 9770 9711 252 303 213 225 71 49 0 74 32766 23 53 9 32766 32766 90 
54161 1998 6 27 9764 9782 9725 247 285 203 246 79 70 0 55 32766 28 70 9 32766 32766 40 
54161 1998 6 28 9796 9821 9756 247 299 195 230 74 64 32700 62 32766 38 57 13 32766 32766 88 
54161 1998 6 29 9805 9814 9778 198 238 180 209 91 78 65 24 32766 10 63 3 32766 32766 0 
54161 1998 6 30 9804 9820 9785 220 264 160 187 72 53 0 53 32766 5 23 13 32766 32766 100 
54161 1998 7 1 9772 9795 9760 228 247 206 213 77 68 0 40 21 15 33 2 32766 32766 0 
54161 1998 7 2 9765 9773 9756 213 246 167 204 81 65 122 37 28 18 70 15 32766 32766 48 
54161 1998 7 3 9798 9808 9770 214 270 155 191 76 52 0 68 60 18 43 2 32766 32766 127 
54161 1998 7 4 9827 9838 9808 212 253 174 202 81 60 5 46 25 3 37 13 32766 32766 80 
54161 1998 7 5 9833 9844 9821 237 275 186 223 76 57 0 52 28 10 40 32766 32766 32766 55 
54161 1998 7 6 9781 9828 9719 232 261 209 236 83 65 147 31 10 40 32766 32766 32766 32766 30 
54161 1998 7 7 9682 9720 9661 246 279 212 254 83 58 49 63 28 60 117 11 32766 32766 33 
54161 1998 7 8 9701 9730 9669 227 266 204 229 83 69 3 53 35 60 90 11 32766 32766 43 
54161 1998 7 9 9752 9764 9730 248 296 203 246 80 56 0 72 41 33 60 13 32766 32766 129 
54161 1998 7 10 9758 9764 9741 247 280 218 257 83 68 0 61 34 38 67 12 32766 32766 90 
54161 1998 7 11 9785 9796 9756 234 268 184 225 79 59 0 59 37 28 40 2 32766 32766 122 
54161 1998 7 12 9818 9827 9796 234 273 198 231 82 63 0 46 22 25 37 1 32766 32766 73 
54161 1998 7 13 9816 9828 9802 231 255 201 222 79 64 1 34 18 18 30 7 32766 32766 29 
54161 1998 7 14 9768 9806 9744 220 253 189 234 89 79 369 24 19 55 70 8 32766 32766 5 
54161 1998 7 15 9744 9750 9735 220 243 202 239 91 78 68 29 7 33 43 4 32766 32766 10 
54161 1998 7 16 9750 9754 9746 219 248 187 229 87 78 32700 28 25 25 33 5 32766 32766 0 
54161 1998 7 17 9745 9753 9736 245 280 219 258 84 67 32700 42 21 23 47 10 32766 32766 23 
54161 1998 7 18 9731 9741 9716 232 268 212 256 90 69 0 36 25 23 53 9 32766 32766 0 
54161 1998 7 19 9680 9718 9670 202 215 174 219 93 80 244 6 4 33 50 8 32766 32766 0 
54161 1998 7 20 9706 9726 9683 224 267 186 214 80 64 60 44 22 30 63 12 32766 32766 69 
54161 1998 7 21 9749 9761 9726 229 266 191 222 80 59 50 46 34 33 47 8 32766 32766 68 
54161 1998 7 22 9794 9810 9761 223 273 192 210 79 59 32700 55 30 20 60 12 32766 32766 73 
54161 1998 7 23 9811 9817 9797 232 275 189 225 80 57 78 37 19 15 37 9 32766 32766 96 
54161 1998 7 24 9811 9820 9796 251 296 210 232 74 55 0 66 44 20 37 4 32766 32766 114 
54161 1998 7 25 9812 9818 9806 226 261 204 240 87 65 35 35 31 23 37 12 32766 32766 15 
54161 1998 7 26 9799 9810 9785 242 288 202 247 83 62 0 52 22 15 37 9 32766 32766 93 
54161 1998 7 27 9788 9798 9772 263 305 213 257 76 58 0 69 33 18 40 10 32766 32766 116 
54161 1998 7 28 9781 9794 9765 267 303 227 274 79 68 0 53 34 20 33 9 32766 32766 79 
54161 1998 7 29 9776 9783 9769 244 278 201 262 86 72 112 49 33 25 73 14 32766 32766 19 
54161 1998 7 30 9793 9798 9782 240 293 196 249 85 57 0 59 33 20 40 11 32766 32766 96 
54161 1998 7 31 9791 9807 9769 254 304 215 259 80 56 0 51 26 18 47 9 32766 32766 76 
54161 1998 8 1 9748 9775 9731 245 279 213 243 80 61 33 55 37 25 57 8 32766 32766 62 
54161 1998 8 2 9745 9767 9733 238 289 198 238 81 65 4 50 36 43 87 10 32766 32766 73 
54161 1998 8 3 9786 9795 9767 253 299 204 245 77 59 0 77 48 53 73 10 32766 32766 101 
54161 1998 8 4 9793 9804 9777 245 296 196 256 84 67 40 51 20 25 83 12 32766 32766 43 
54161 1998 8 5 9716 9778 9640 213 258 202 246 97 81 749 32766 32766 38 93 13 32766 32766 26 
54161 1998 8 6 9740 9759 9723 233 274 200 252 89 76 5 45 10 30 60 12 32766 32766 79 
54161 1998 8 7 9796 9807 9759 257 295 217 273 83 67 42 48 26 33 47 9 32766 32766 44 
54161 1998 8 8 9768 9806 9745 224 267 198 241 89 80 137 7 3 33 60 6 32766 32766 0 
54161 1998 8 9 9782 9789 9764 245 278 218 247 81 67 1 47 12 43 60 9 32766 32766 30 
54161 1998 8 10 9753 9788 9713 235 250 221 254 88 82 139 6 0 28 40 9 32766 32766 0 
54161 1998 8 11 9699 9710 9684 234 271 210 259 90 72 236 26 11 38 63 11 32766 32766 43 
54161 1998 8 12 9728 9745 9708 237 271 217 237 82 62 0 62 30 45 70 12 32766 32766 102 
54161 1998 8 13 9755 9770 9743 225 271 185 212 79 61 0 63 45 23 53 13 32766 32766 109 
54161 1998 8 14 9785 9798 9770 229 283 197 220 81 53 128 66 35 18 63 12 32766 32766 86 
54161 1998 8 15 9803 9808 9794 211 254 179 217 87 67 49 48 32 10 30 12 32766 32766 51 
54161 1998 8 16 9805 9812 9797 203 230 185 208 88 70 5 27 24 20 37 14 32766 32766 13 
54161 1998 8 17 9813 9819 9806 211 255 175 199 81 58 0 45 21 8 23 1 32766 32766 85 
54161 1998 8 18 9812 9827 9798 224 277 170 216 81 60 0 50 26 5 30 13 32766 32766 112 
54161 1998 8 19 9803 9833 9783 193 230 173 205 92 84 195 24 22 20 60 3 32766 32766 0 
54161 1998 8 20 9851 9869 9833 192 263 120 171 78 52 0 56 15 20 60 13 32766 32766 125 
54161 1998 8 21 9855 9862 9846 219 285 158 188 73 49 0 64 35 30 47 13 32766 32766 116 
54161 1998 8 22 9851 9863 9837 225 272 182 207 77 53 0 35 22 18 30 8 32766 32766 51 
54161 1998 8 23 9807 9840 9781 204 227 173 196 83 67 24 12 9 28 53 2 32766 32766 0 
54161 1998 8 24 9789 9793 9783 201 248 158 185 80 53 20 50 29 23 53 3 32766 32766 97 
54161 1998 8 25 9789 9798 9778 208 258 155 190 79 55 0 40 17 5 37 14 32766 32766 83 
54161 1998 8 26 9801 9811 9788 182 222 164 185 89 60 43 18 6 15 37 13 32766 32766 44 
54161 1998 8 27 9816 9828 9812 179 228 133 150 76 45 14 53 46 20 40 16 32766 32766 112 
54161 1998 8 28 9817 9826 9806 160 188 134 161 89 71 4 14 9 3 30 1 32766 32766 12 
54161 1998 8 29 9825 9836 9808 163 218 126 148 82 53 0 36 24 20 37 32766 32766 32766 78 
54161 1998 8 30 9851 9859 9836 184 229 121 156 76 46 0 43 12 10 33 1 32766 32766 94 
54161 1998 8 31 9866 9878 9857 190 245 132 152 72 40 0 55 37 15 33 2 32766 32766 114 
54161 1998 9 1 9856 9866 9841 197 256 135 155 70 42 0 57 28 10 30 1 32766 32766 122 
54161 1998 9 2 9836 9848 9814 199 276 144 161 72 38 39 61 35 30 83 2 32766 32766 97 
54161 1998 9 3 9827 9840 9810 196 259 142 178 80 58 0 45 17 25 47 13 32766 32766 116 
54161 1998 9 4 9811 9824 9802 202 244 168 182 78 56 32700 44 18 18 47 10 32766 32766 94 
54161 1998 9 5 9759 9807 9733 200 248 152 176 77 52 32700 52 32 40 67 11 32766 32766 95 
54161 1998 9 6 9754 9762 9736 169 217 120 125 67 40 32700 66 34 30 80 12 32766 32766 71 
54161 1998 9 7 9788 9804 9761 170 224 110 126 67 41 2 57 30 38 60 14 32766 32766 101 
54161 1998 9 8 9824 9837 9804 188 260 112 137 66 38 0 59 31 15 40 9 32766 32766 108 
54161 1998 9 9 9802 9821 9779 221 289 165 176 67 49 0 77 39 45 73 10 32766 32766 81 
54161 1998 9 10 9856 9880 9797 201 243 189 196 84 68 32700 19 8 23 47 10 32766 32766 0 
54161 1998 9 11 9896 9910 9871 151 200 122 126 74 55 32700 48 38 55 80 3 32766 32766 1 
54161 1998 9 12 9911 9930 9892 150 202 108 132 79 56 0 40 29 23 43 2 32766 32766 64 
54161 1998 9 13 9843 9899 9779 185 230 143 175 83 66 4 23 12 25 50 9 32766 32766 14 
54161 1998 9 14 9795 9836 9745 162 227 132 144 77 55 98 41 24 55 110 11 32766 32766 52 
54161 1998 9 15 9859 9877 9836 141 202 111 115 75 35 10 40 22 33 70 2 32766 32766 68 
54161 1998 9 16 9875 9893 9856 150 222 72 109 67 36 0 56 30 15 37 2 32766 32766 114 
54161 1998 9 17 9839 9863 9824 143 183 103 130 80 55 22 35 20 43 60 8 32766 32766 25 
54161 1998 9 18 9843 9876 9824 182 230 148 143 71 41 0 79 30 60 97 12 32766 32766 103 
54161 1998 9 19 9892 9903 9876 155 210 108 122 71 45 0 35 19 38 60 10 32766 32766 8 
54161 1998 9 20 9843 9887 9812 157 196 126 135 76 55 0 39 15 15 47 12 32766 32766 0 
54161 1998 9 21 9821 9870 9780 125 153 99 132 90 78 82 8 3 15 67 2 32766 32766 5 
54161 1998 9 22 9895 9919 9870 105 178 31 77 64 32 0 34 27 5 30 2 32766 32766 105 
54161 1998 9 23 9896 9908 9885 146 217 66 111 68 42 0 33 16 10 37 10 32766 32766 97 
54161 1998 9 24 9881 9898 9865 175 227 127 141 72 47 32700 35 22 20 47 12 32766 32766 72 
54161 1998 9 25 9836 9868 9805 192 244 142 164 74 56 32700 51 24 55 77 10 32766 32766 38 
54161 1998 9 26 9890 9918 9817 153 208 100 92 55 28 0 56 26 25 63 11 32766 32766 94 
54161 1998 9 27 9916 9930 9895 178 254 100 93 48 24 0 71 37 30 50 11 32766 32766 108 
54161 1998 9 28 9901 9912 9886 203 269 144 125 54 34 0 67 37 40 67 8 32766 32766 83 
54161 1998 9 29 9875 9899 9853 201 256 154 148 64 47 0 54 26 48 77 8 32766 32766 59 
54161 1998 9 30 9847 9864 9830 208 271 163 149 62 39 0 65 25 33 63 11 32766 32766 97 
54161 1998 10 1 9827 9864 9804 155 204 121 136 77 53 2 21 32766 35 53 14 32766 32766 31 
54161 1998 10 2 9901 9925 9864 90 140 53 69 62 33 0 37 32766 25 50 14 32766 32766 101 
54161 1998 10 3 9895 9934 9857 101 147 74 59 50 20 0 55 32766 40 83 14 32766 32766 91 
54161 1998 10 4 9914 9946 9878 138 213 52 61 41 23 0 88 32766 63 93 10 32766 32766 108 
54161 1998 10 5 9881 9915 9865 177 230 144 107 53 38 32700 98 32766 80 123 11 32766 32766 83 
54161 1998 10 6 9937 9956 9915 104 156 51 37 31 15 0 69 32766 40 73 2 32766 32766 103 
54161 1998 10 7 9865 9915 9838 152 228 69 112 61 31 0 45 32766 33 67 11 32766 32766 84 
54161 1998 10 8 9888 9918 9842 138 184 103 96 60 30 0 55 32766 38 60 2 32766 32766 77 
54161 1998 10 9 9905 9922 9882 112 180 45 69 55 21 0 34 32766 5 27 2 32766 32766 92 
54161 1998 10 10 9935 9954 9907 146 222 63 70 45 21 0 51 32766 20 37 8 32766 32766 100 
54161 1998 10 11 9937 9945 9926 174 238 124 122 60 44 0 67 32766 45 80 11 32766 32766 77 
54161 1998 10 12 9959 9974 9945 184 241 140 163 78 57 0 37 32766 20 40 10 32766 32766 74 
54161 1998 10 13 9901 9949 9854 164 235 102 156 86 53 0 22 32766 10 33 14 32766 32766 72 
54161 1998 10 14 9746 9855 9721 124 176 84 118 81 52 147 31 32766 55 113 12 32766 32766 32 
54161 1998 10 15 9754 9814 9713 88 126 60 63 56 40 0 67 32766 85 140 12 32766 32766 67 
54161 1998 10 16 9864 9876 9814 103 166 39 68 57 30 0 31 32766 23 43 10 32766 32766 98 
54161 1998 10 17 9818 9859 9798 113 153 74 89 67 56 32700 25 32766 33 67 12 32766 32766 49 
54161 1998 10 18 9829 9853 9813 61 91 49 83 87 46 1 13 32766 25 53 14 32766 32766 6 
54161 1998 10 19 9914 9955 9851 41 86 18 53 67 39 32700 30 32766 28 57 13 32766 32766 41 
54161 1998 10 20 9952 9973 9933 85 154 17 61 55 39 0 48 32766 40 83 10 32766 32766 98 
54161 1998 10 21 9926 9933 9911 127 192 68 87 61 38 0 55 32766 45 77 11 32766 32766 91 
54161 1998 10 22 9932 9937 9927 109 137 96 106 82 58 75 17 32766 45 57 8 32766 32766 0 
54161 1998 10 23 9936 9941 9930 87 111 54 86 76 46 112 31 32766 33 70 12 32766 32766 66 
54161 1998 10 24 9950 9960 9938 56 98 17 61 68 51 0 25 32766 40 63 12 32766 32766 87 
54161 1998 10 25 9960 9974 9952 38 85 1 63 79 62 0 9 32766 23 40 14 32766 32766 18 
54161 1998 10 26 9947 9975 9917 37 78 -8 60 76 58 0 21 32766 28 50 4 32766 32766 47 
54161 1998 10 27 9889 9917 9884 47 68 36 76 89 72 39 11 32766 15 37 3 32766 32766 0 
54161 1998 10 28 9854 9887 9832 76 133 25 75 74 50 0 33 32766 50 93 11 32766 32766 81 
54161 1998 10 29 9873 9891 9853 72 137 9 51 54 27 0 31 32766 23 40 9 32766 32766 94 
54161 1998 10 30 9830 9860 9814 104 151 75 78 63 40 0 40 32766 35 87 11 32766 32766 78 
54161 1998 10 31 9834 9895 9751 11 84 -35 44 62 43 3 30 32766 80 160 14 32766 32766 21 
54161 1998 11 1 9829 9895 9767 16 83 -46 43 60 40 24 26 32766 38 77 12 32766 32766 67 
54161 1998 11 2 9860 9883 9758 -31 69 -55 32 64 42 70 17 32766 55 80 12 32766 32766 88 
54161 1998 11 3 9863 9894 9814 -26 10 -60 37 74 49 3 11 32766 45 63 2 32766 32766 0 
54161 1998 11 4 9961 9987 9865 -41 6 -98 35 77 53 0 11 32766 43 63 1 32766 32766 90 
54161 1998 11 5 10000 10021 9980 6 59 -41 40 66 37 0 12 32766 33 47 7 32766 32766 86 
54161 1998 11 6 9911 9980 9877 25 53 3 53 72 51 39 25 32766 55 70 13 32766 32766 0 
54161 1998 11 7 9855 9892 9814 18 45 -3 52 75 57 0 17 32766 43 80 12 32766 32766 63 
54161 1998 11 8 9819 9845 9792 4 31 -18 54 87 67 32700 9 32766 28 37 13 32766 32766 10 
54161 1998 11 9 9880 9915 9845 -25 5 -45 35 69 41 0 14 32766 25 63 16 32766 32766 65 
54161 1998 11 10 9894 9929 9839 -21 21 -76 34 65 40 32700 9 32766 40 73 11 32766 32766 67 
54161 1998 11 11 9902 9923 9836 -9 36 -61 40 72 48 0 18 32766 55 73 12 32766 32766 67 
54161 1998 11 12 9828 9898 9771 53 121 -11 59 65 54 0 27 32766 63 93 10 32766 32766 57 
54161 1998 11 13 9807 9854 9760 53 102 10 73 80 59 0 23 32766 55 113 11 32766 32766 21 
54161 1998 11 14 9857 9891 9814 10 54 -25 56 86 61 0 7 32766 28 47 2 32766 32766 43 
54161 1998 11 15 9922 9959 9830 3 23 -19 43 68 47 0 14 32766 50 50 16 32766 32766 26 
54161 1998 11 16 9939 9958 9923 -56 -17 -92 27 67 50 0 15 32766 38 67 1 32766 32766 51 
54161 1998 11 17 9923 9946 9907 -112 -77 -146 15 56 34 32700 7 32766 63 73 14 32766 32766 80 
54161 1998 11 18 9921 9932 9907 -136 -95 -158 10 45 31 0 17 32766 73 110 13 32766 32766 70 
54161 1998 11 19 9968 9984 9933 -137 -103 -171 10 48 35 0 7 32766 30 50 13 32766 32766 86 
54161 1998 11 20 9991 10021 9973 -137 -94 -160 10 50 37 0 11 32766 18 60 14 32766 32766 72 
54161 1998 11 21 10052 10075 10021 -162 -132 -199 9 56 36 0 8 32766 0 17 3 32766 32766 77 
54161 1998 11 22 9973 10029 9951 -127 -91 -163 12 51 43 0 9 32766 18 27 3 32766 32766 57 
54161 1998 11 23 10006 10024 9970 -134 -86 -179 13 59 38 0 8 32766 0 7 1 32766 32766 81 
54161 1998 11 24 10029 10040 10007 -140 -96 -176 12 59 41 0 8 32766 0 20 16 32766 32766 76 
54161 1998 11 25 10020 10043 9995 -107 -50 -159 14 54 30 0 8 32766 0 27 12 32766 32766 74 
54161 1998 11 26 9967 9997 9956 -63 -21 -96 22 57 45 0 12 32766 0 23 8 32766 32766 27 
54161 1998 11 27 9941 9966 9918 -85 -61 -113 25 77 64 6 7 32766 13 43 1 32766 32766 0 
54161 1998 11 28 9926 9976 9873 -91 -44 -144 24 78 63 0 6 32766 13 50 10 32766 32766 56 
54161 1998 11 29 9933 9969 9871 -87 -41 -126 24 72 55 1 4 32766 38 53 2 32766 32766 12 
54161 1998 11 30 9986 10011 9967 -139 -100 -167 12 60 42 0 9 32766 25 40 3 32766 32766 45 
54161 1998 12 1 10063 10077 10012 -181 -134 -224 9 61 45 0 5 32766 0 43 1 32766 32766 80 
54161 1998 12 2 10055 10079 10039 -170 -111 -208 9 57 37 0 6 32766 28 73 13 32766 32766 79 
54161 1998 12 3 10024 10062 9988 -142 -85 -196 11 54 36 0 8 32766 20 67 12 32766 32766 73 
54161 1998 12 4 9988 10011 9972 -113 -79 -134 14 53 49 32700 9 32766 35 80 2 32766 32766 24 
54161 1998 12 5 10064 10083 10011 -160 -108 -209 10 58 37 0 8 32766 10 60 2 32766 32766 75 
54161 1998 12 6 10004 10070 9960 -125 -71 -184 17 67 45 12 8 32766 25 37 9 32766 32766 49 
54161 1998 12 7 9973 9985 9955 -145 -74 -195 17 85 75 31 6 32766 5 37 14 32766 32766 0 
54161 1998 12 8 9992 10006 9979 -166 -122 -215 13 77 64 0 5 32766 33 70 11 32766 32766 72 
54161 1998 12 9 10017 10033 9979 -159 -126 -197 13 72 61 0 6 32766 23 57 11 32766 32766 76 
54161 1998 12 10 9972 10024 9945 -108 -72 -148 19 70 59 0 8 32766 45 77 12 32766 32766 0 
54161 1998 12 11 10003 10044 9941 -127 -73 -201 16 71 49 0 7 32766 38 80 10 32766 32766 71 
54161 1998 12 12 9894 9941 9880 -23 3 -76 37 70 50 0 23 32766 95 120 11 32766 32766 67 
54161 1998 12 13 9873 9896 9854 -49 -10 -84 29 68 52 0 15 32766 65 80 12 32766 32766 76 
54161 1998 12 14 9843 9859 9831 -58 -26 -85 27 68 56 0 15 32766 65 87 12 32766 32766 73 
54161 1998 12 15 9814 9854 9794 -26 11 -72 32 62 48 0 23 32766 80 97 12 32766 32766 27 
54161 1998 12 16 9856 9934 9803 -38 15 -70 25 56 33 0 19 32766 58 110 14 32766 32766 78 
54161 1998 12 17 9947 9977 9904 -64 -31 -106 17 45 34 0 16 32766 28 50 4 32766 32766 67 
54161 1998 12 18 9850 9904 9808 1 55 -44 32 52 33 0 38 32766 90 153 13 32766 32766 53 
54161 1998 12 19 9885 9897 9872 -76 -30 -105 17 50 37 0 20 32766 43 80 14 32766 32766 74 
54161 1998 12 20 9928 9939 9897 -85 -16 -142 16 50 33 0 12 32766 13 33 11 32766 32766 69 
54161 1998 12 21 9890 9928 9865 -52 -27 -69 33 78 44 28 8 32766 20 40 7 32766 32766 0 
54161 1998 12 22 9932 9950 9896 -90 -60 -112 27 86 81 4 4 32766 15 53 12 32766 32766 0 
54161 1998 12 23 9941 9973 9913 -86 -46 -113 25 76 67 0 7 32766 23 43 12 32766 32766 72 
54161 1998 12 24 9958 9983 9929 -67 -14 -113 25 67 50 0 10 32766 40 60 12 32766 32766 74 
54161 1998 12 25 9942 9968 9918 -63 -41 -98 28 72 52 0 12 32766 28 57 11 32766 32766 75 
54161 1998 12 26 9922 9966 9903 -71 -18 -128 26 71 53 0 7 32766 28 50 11 32766 32766 73 
54161 1998 12 27 9935 9963 9904 -64 -16 -97 31 80 69 0 6 32766 0 23 3 32766 32766 37 
54161 1998 12 28 9942 9967 9902 -68 -26 -104 31 82 62 1 6 32766 45 120 12 32766 32766 0 
54161 1998 12 29 9965 9972 9950 -141 -90 -169 11 51 43 0 10 32766 58 90 13 32766 32766 76 
54161 1998 12 30 9982 9991 9970 -169 -114 -217 9 56 39 0 6 32766 20 37 12 32766 32766 75 
54161 1998 12 31 10012 10019 9991 -161 -105 -204 11 62 41 0 7 32766 0 30 11 32766 32766 72 
54161 1999 1 1 9929 10013 9875 -116 -75 -162 15 58 44 32700 8 32766 18 47 8 32766 32766 25 
54161 1999 1 2 9875 9890 9857 -114 -63 -158 20 76 57 0 4 32766 0 23 12 32766 32766 61 
54161 1999 1 3 9926 9945 9888 -114 -55 -157 19 75 53 0 4 32766 0 17 4 32766 32766 54 
