V01000 V04001 V04002 V04003 V10004 V10201 V10202 V12001 V12052 V12053 V13004 V13003 V13007 V13201 V13241 V13242 V11002 V11042 V11212 V11041 V11043 V14032
54823 1983 1 8 10306 10327 10293 -70 -32 -103 11 31 19 0 6 32766 20 50 4 75 5 71 
54823 1983 1 9 10308 10327 10300 -45 10 -82 16 38 18 0 12 32766 18 33 13 57 14 71 
54823 1983 1 10 10333 10361 10312 -26 28 -75 18 39 17 0 19 32766 3 30 13 55 13 61 
54823 1983 1 11 10267 10316 10236 -1 39 -23 19 31 23 0 32766 32766 28 67 10 117 12 70 
54823 1983 1 12 10223 10255 10203 -2 59 -52 20 37 12 0 11 32766 20 50 11 73 11 51 
54823 1983 1 13 10231 10257 10212 -9 43 -55 21 39 17 0 25 32766 18 27 4 47 4 72 
54823 1983 1 14 10202 10214 10191 28 70 6 22 29 21 0 32 32766 40 60 10 114 10 67 
54823 1983 1 15 10210 10230 10190 8 65 -41 35 56 32 0 32766 32766 15 50 4 71 4 63 
54823 1983 1 16 10221 10240 10200 34 70 -23 37 49 36 0 17 32766 30 50 10 89 10 46 
54823 1983 1 17 10226 10248 10210 20 51 -1 29 41 27 0 27 32766 30 60 4 92 5 0 
54823 1983 1 18 10263 10292 10229 -25 17 -49 41 81 45 36 4 32766 10 47 4 79 3 0 
54823 1983 1 19 10313 10333 10292 -65 -27 -108 24 67 26 0 7 32766 13 30 3 53 11 69 
54823 1983 1 20 10296 10314 10273 -35 24 -87 25 56 32 0 11 32766 13 60 10 107 11 71 
54823 1983 1 21 10339 10365 10291 -47 -11 -94 19 44 27 0 13 32766 18 50 4 79 5 82 
54823 1983 1 22 10320 10355 10298 -13 44 -56 18 35 18 0 18 32766 25 50 11 85 10 81 
54823 1983 1 23 10253 10301 10228 17 58 -14 19 28 21 0 31 32766 33 83 12 145 10 80 
54823 1983 1 24 10228 10240 10213 35 87 4 26 34 20 0 23 32766 30 47 10 85 11 82 
54823 1983 1 25 10191 10222 10175 58 110 25 31 35 20 0 49 32766 33 87 10 142 10 83 
54823 1983 1 26 10193 10207 10185 42 84 -8 49 60 42 0 17 32766 18 27 1 49 2 56 
54823 1983 1 27 10184 10207 10164 40 112 -14 51 65 39 0 17 32766 5 30 4 41 4 63 
54823 1983 1 28 10108 10164 10068 96 160 30 48 42 20 0 34 32766 28 60 10 115 11 72 
54823 1983 1 29 10112 10177 10063 26 97 12 43 59 45 0 24 32766 60 120 4 199 4 0 
54823 1983 1 30 10215 10241 10177 -10 36 -51 25 46 27 0 32 32766 48 93 4 146 4 87 
54823 1983 1 31 10160 10203 10133 -9 49 -44 35 63 25 28 8 32766 5 40 4 55 9 15 
54823 1983 2 1 10141 10163 10128 -11 2 -19 50 89 82 46 32766 32766 40 87 3 139 4 0 
54823 1983 2 2 10187 10201 10163 -26 -1 -55 34 68 44 32700 32766 32766 25 67 3 127 3 80 
54823 1983 2 3 10176 10208 10154 -5 51 -61 30 54 29 0 14 32766 20 40 11 64 10 81 
54823 1983 2 4 10123 10159 10100 40 88 5 36 47 23 0 29 32766 28 53 10 110 10 87 
54823 1983 2 5 10098 10118 10077 77 138 21 37 37 21 0 39 32766 28 70 9 113 10 78 
54823 1983 2 6 10191 10217 10118 10 76 -15 28 41 36 0 31 32766 33 67 2 121 3 84 
54823 1983 2 7 10188 10224 10144 15 65 -28 24 38 15 0 24 32766 25 70 11 132 11 82 
54823 1983 2 8 10127 10178 10078 15 74 -24 17 25 21 0 41 32766 38 100 11 149 10 78 
54823 1983 2 9 10159 10176 10107 0 50 -47 12 21 9 0 34 32766 20 57 2 117 2 88 
54823 1983 2 10 10157 10179 10130 -3 52 -43 26 44 24 0 25 32766 40 87 4 150 4 86 
54823 1983 2 11 10190 10206 10179 -17 42 -63 27 56 21 0 24 32766 30 97 4 125 4 87 
54823 1983 2 12 10219 10242 10187 -16 25 -51 25 48 25 0 22 32766 28 57 3 84 3 37 
54823 1983 2 13 10204 10246 10158 15 80 -58 35 52 38 0 18 32766 18 77 10 134 10 55 
54823 1983 2 14 10153 10169 10130 49 84 26 36 41 21 32700 45 32766 48 93 9 172 10 86 
54823 1983 2 15 10128 10171 10101 43 107 -23 25 31 14 0 46 32766 33 80 10 149 11 74 
54823 1983 2 16 10082 10111 10041 65 122 7 42 46 28 0 52 32766 43 87 2 154 3 58 
54823 1983 2 17 10146 10167 10099 -16 11 -49 23 41 19 0 28 32766 30 60 4 99 3 92 
54823 1983 2 18 10222 10247 10167 -70 -8 -104 7 19 15 0 27 32766 23 80 1 146 1 95 
54823 1983 2 19 10202 10269 10159 -42 17 -65 12 27 15 0 24 32766 35 93 16 158 2 81 
54823 1983 2 20 10314 10340 10269 -75 -29 -113 8 23 17 0 22 32766 30 77 3 114 3 94 
54823 1983 2 21 10266 10311 10229 -24 36 -85 10 22 7 0 23 32766 25 70 10 123 10 74 
54823 1983 2 22 10228 10246 10203 21 90 -39 24 34 14 0 18 32766 10 53 8 100 9 79 
54823 1983 2 23 10230 10243 10217 30 79 -6 32 45 28 0 35 32766 20 57 3 88 3 44 
54823 1983 2 24 10232 10252 10215 17 70 -33 29 46 17 0 28 32766 18 47 4 66 3 90 
54823 1983 2 25 10229 10243 10210 37 99 -15 24 35 11 0 39 32766 25 50 4 79 4 92 
54823 1983 2 26 10243 10255 10226 55 114 -1 41 45 20 0 31 32766 10 37 5 62 13 60 
54823 1983 2 27 10239 10257 10218 67 128 5 51 54 35 0 33 32766 10 30 16 55 14 78 
54823 1983 2 28 10213 10235 10190 84 128 35 41 39 26 32700 39 32766 20 40 2 70 1 17 
54823 1983 3 1 10159 10210 10115 26 92 12 69 94 34 95 0 32766 23 50 4 74 4 0 
54823 1983 3 2 10149 10173 10121 30 67 1 67 89 75 31 11 32766 10 37 3 65 3 11 
54823 1983 3 3 10208 10228 10173 51 102 21 69 81 51 43 14 32766 25 70 16 126 1 43 
54823 1983 3 4 10264 10286 10228 18 56 -8 45 66 42 11 34 32766 25 70 4 111 4 101 
54823 1983 3 5 10201 10255 10165 57 118 13 38 43 23 0 46 32766 40 57 11 90 11 101 
54823 1983 3 6 10162 10173 10148 78 133 25 34 34 15 0 56 32766 35 50 13 76 1 101 
54823 1983 3 7 10218 10239 10173 35 84 -3 37 48 30 0 48 32766 53 140 4 188 5 93 
54823 1983 3 8 10210 10244 10184 21 85 -29 43 61 43 0 28 32766 30 100 4 132 4 69 
54823 1983 3 9 10163 10197 10141 69 109 36 52 52 43 0 41 32766 38 60 11 109 10 48 
54823 1983 3 10 10134 10154 10108 110 173 65 60 49 17 0 56 32766 38 50 10 96 10 96 
54823 1983 3 11 10067 10117 10031 127 168 92 61 43 28 0 85 32766 43 100 9 202 10 88 
54823 1983 3 12 10125 10178 10039 25 136 -10 54 73 37 32700 28 32766 60 110 4 158 4 0 
54823 1983 3 13 10210 10237 10178 16 80 -49 29 47 17 0 28 32766 28 57 3 94 15 102 
54823 1983 3 14 10149 10197 10111 76 135 15 27 27 15 0 81 32766 50 93 10 155 11 96 
54823 1983 3 15 10098 10135 10056 119 167 74 42 30 26 0 100 32766 58 93 10 162 9 101 
54823 1983 3 16 10129 10178 10056 65 132 24 40 42 22 1 80 32766 50 113 11 192 11 68 
54823 1983 3 17 10175 10194 10147 48 125 -22 19 26 6 0 51 32766 30 53 13 96 13 107 
54823 1983 3 18 10123 10158 10084 113 167 65 19 15 9 0 114 32766 50 100 10 157 11 104 
54823 1983 3 19 10065 10094 10040 148 194 110 37 22 15 0 131 32766 45 87 10 155 10 84 
54823 1983 3 20 10075 10084 10056 156 202 110 74 41 31 0 75 32766 33 60 8 127 10 59 
54823 1983 3 21 10099 10113 10082 122 182 62 87 63 42 0 59 32766 30 57 2 93 3 56 
54823 1983 3 22 10094 10109 10081 82 152 46 96 89 58 187 14 32766 45 127 4 178 4 0 
54823 1983 3 23 10138 10151 10109 49 64 38 59 70 43 88 20 32766 63 120 4 169 4 0 
54823 1983 3 24 10162 10176 10146 62 126 16 50 55 28 0 53 32766 28 57 4 85 3 93 
54823 1983 3 25 10158 10169 10140 66 121 14 49 53 28 0 60 32766 23 70 4 111 4 103 
54823 1983 3 26 10147 10157 10125 79 147 13 45 45 24 0 62 32766 15 50 5 77 5 102 
54823 1983 3 27 10147 10153 10139 108 166 44 59 49 27 0 58 32766 18 30 4 52 2 88 
54823 1983 3 28 10177 10198 10151 120 175 50 51 39 20 0 64 32766 25 37 2 84 3 99 
54823 1983 3 29 10180 10199 10152 131 184 83 76 51 36 0 59 32766 30 40 11 70 13 91 
54823 1983 3 30 10140 10169 10108 140 188 99 54 36 19 0 78 32766 30 67 11 122 11 90 
54823 1983 3 31 10069 10115 10047 143 170 119 59 36 22 32700 90 32766 48 80 8 166 9 31 
54823 1983 4 1 10044 10087 10014 155 219 135 67 38 14 0 103 32766 60 113 16 200 16 93 
54823 1983 4 2 10097 10141 10040 120 176 52 28 21 11 0 94 32766 43 70 12 111 12 108 
54823 1983 4 3 10046 10071 10009 130 164 88 52 37 15 2 93 32766 38 110 10 195 10 93 
54823 1983 4 4 10045 10066 10017 171 226 123 54 27 17 0 140 32766 53 83 10 151 11 92 
54823 1983 4 5 9982 10027 9957 228 278 170 107 39 30 0 155 32766 70 100 10 177 10 101 
54823 1983 4 6 10001 10037 9972 221 272 173 112 42 24 0 171 32766 80 117 3 200 10 42 
54823 1983 4 7 10044 10059 10023 154 228 86 104 58 43 0 85 32766 43 100 4 148 4 46 
54823 1983 4 8 10021 10044 9994 214 270 159 122 50 28 0 94 32766 33 60 9 111 9 106 
54823 1983 4 9 10027 10041 10009 163 226 121 122 67 41 0 74 32766 35 70 3 128 9 76 
54823 1983 4 10 10057 10075 10034 139 195 91 108 71 46 0 62 32766 30 63 3 116 4 66 
54823 1983 4 11 10065 10088 10050 171 235 121 85 46 22 0 86 32766 33 40 4 75 13 100 
54823 1983 4 12 10053 10065 10033 193 247 144 96 44 25 0 104 32766 35 70 10 135 11 100 
54823 1983 4 13 10025 10060 10003 157 199 128 80 47 20 79 62 32766 23 50 9 90 9 0 
54823 1983 4 14 10039 10104 9980 119 146 98 118 84 59 33 16 32766 28 32766 32766 140 3 0 
54823 1983 4 15 10138 10157 10104 112 167 54 38 30 16 0 81 32766 28 53 3 96 2 108 
54823 1983 4 16 10099 10128 10065 153 212 97 43 26 13 0 112 32766 50 77 10 134 10 114 
54823 1983 4 17 10090 10111 10071 170 217 129 58 31 10 0 134 32766 48 110 9 176 10 107 
54823 1983 4 18 10101 10116 10083 163 213 100 77 42 25 0 97 32766 28 63 4 115 5 103 
54823 1983 4 19 10150 10177 10090 136 178 91 67 46 21 0 95 32766 48 110 4 168 4 97 
54823 1983 4 20 10159 10189 10120 145 200 81 65 42 18 0 69 32766 15 40 4 71 4 82 
54823 1983 4 21 10048 10130 9993 138 169 100 77 49 37 32700 83 32766 58 87 11 146 10 32 
54823 1983 4 22 10018 10040 10008 185 243 138 77 39 20 0 107 32766 25 63 10 120 10 119 
54823 1983 4 23 10005 10018 9993 234 288 186 96 34 26 0 150 32766 43 73 10 159 10 106 
54823 1983 4 24 10025 10042 10005 253 301 210 100 32 24 0 182 32766 63 100 10 187 10 117 
54823 1983 4 25 9984 10032 9903 224 282 196 194 72 29 220 85 32766 20 80 12 146 11 18 
54823 1983 4 26 9935 9999 9842 194 251 125 157 73 43 621 99 32766 40 32766 32766 254 13 24 
54823 1983 4 27 9995 10019 9975 221 256 200 133 51 39 0 114 32766 38 110 10 198 11 102 
54823 1983 4 28 10017 10087 9956 162 203 136 116 61 24 19 37 32766 50 97 13 147 14 0 
54823 1983 4 29 10130 10152 10087 123 177 59 45 34 19 0 96 32766 50 107 13 159 15 114 
54823 1983 4 30 10071 10106 10041 154 183 128 63 36 24 0 107 32766 55 90 10 150 11 15 
54823 1983 5 1 10075 10085 10054 181 241 124 85 42 23 0 114 32766 53 90 9 158 10 115 
54823 1983 5 2 10110 10124 10085 213 257 181 83 35 18 0 141 32766 55 100 10 174 10 103 
54823 1983 5 3 10109 10126 10091 219 280 172 112 43 19 0 104 32766 18 47 10 88 10 113 
54823 1983 5 4 10091 10107 10071 204 251 143 138 58 47 32700 62 32766 15 57 11 89 11 79 
54823 1983 5 5 10057 10082 10042 162 204 141 159 87 66 100 16 32766 23 47 16 80 1 0 
54823 1983 5 6 10026 10061 9986 167 235 106 140 74 53 0 60 32766 33 63 10 119 11 103 
54823 1983 5 7 10026 10041 9995 227 272 162 100 37 10 0 128 32766 50 73 10 127 11 122 
54823 1983 5 8 10031 10051 10010 243 301 158 170 56 33 0 32766 32766 20 50 11 89 10 110 
54823 1983 5 9 9989 10014 9963 280 323 241 143 39 24 0 183 32766 80 110 11 186 10 123 
54823 1983 5 10 9974 9992 9962 281 322 243 150 41 21 0 187 32766 75 123 10 201 11 110 
54823 1983 5 11 9979 10001 9956 263 297 227 194 57 42 0 104 32766 33 70 10 133 10 115 
54823 1983 5 12 9994 10014 9962 238 281 195 213 73 55 3 99 32766 28 80 15 132 15 108 
54823 1983 5 13 10067 10090 10014 200 235 166 150 65 43 32700 70 32766 53 77 4 121 4 66 
54823 1983 5 14 10082 10092 10069 158 193 140 101 57 37 7 54 32766 28 80 4 112 5 0 
54823 1983 5 15 10100 10116 10082 175 241 118 121 63 35 24 82 32766 35 70 4 102 5 115 
54823 1983 5 16 10077 10092 10064 209 284 164 118 50 30 0 32766 32766 55 100 5 139 5 123 
54823 1983 5 17 10077 10142 10044 217 286 132 125 52 28 15 111 32766 33 90 15 158 1 121 
54823 1983 5 18 10009 10053 9992 233 275 195 141 49 34 0 129 32766 45 110 10 189 10 84 
54823 1983 5 19 9990 10014 9951 236 292 160 158 57 29 0 72 32766 15 37 4 49 4 108 
54823 1983 5 20 9941 9963 9913 263 317 236 169 50 42 2 110 32766 53 100 10 155 11 91 
54823 1983 5 21 10036 10056 9949 206 250 181 192 80 52 0 71 32766 45 80 4 113 4 61 
54823 1983 5 22 10058 10071 10047 173 215 162 183 93 79 193 29 32766 43 77 4 119 5 0 
54823 1983 5 23 10064 10075 10047 194 236 161 192 86 66 0 47 32766 33 60 4 93 4 59 
54823 1983 5 24 10075 10093 10051 216 265 182 184 73 49 0 55 32766 35 83 4 124 4 92 
54823 1983 5 25 10105 10130 10083 208 262 153 155 64 46 0 77 32766 28 60 4 94 4 109 
54823 1983 5 26 10064 10094 10035 213 236 189 180 72 54 61 47 32766 33 67 9 115 10 8 
54823 1983 5 27 9997 10041 9964 235 300 176 184 66 45 24 89 32766 35 60 10 97 10 123 
54823 1983 5 28 9957 9976 9928 289 342 240 127 33 19 0 172 32766 60 100 11 158 11 125 
54823 1983 5 29 9924 9943 9901 305 353 251 130 30 18 0 155 32766 30 77 10 127 11 115 
54823 1983 5 30 9932 9943 9911 307 359 253 197 45 31 0 131 32766 35 57 10 106 10 124 
54823 1983 5 31 9982 9997 9941 295 342 262 190 48 34 0 119 32766 33 77 4 114 5 89 
54823 1983 6 1 9988 10005 9968 272 317 221 220 62 42 5 81 32766 20 70 4 95 4 26 
54823 1983 6 2 9973 9982 9960 266 310 233 210 61 43 0 63 32766 13 33 1 58 2 50 
54823 1983 6 3 10002 10021 9970 279 328 223 158 43 29 0 124 32766 35 57 11 111 11 124 
54823 1983 6 4 9996 10007 9961 277 350 237 141 40 19 0 203 32766 50 100 12 159 10 119 
54823 1983 6 5 10024 10042 9995 232 262 196 130 47 27 20 89 32766 28 60 14 107 16 59 
54823 1983 6 6 10037 10060 10008 244 303 172 84 30 12 0 110 32766 15 40 16 66 15 125 
54823 1983 6 7 9974 10016 9938 288 342 240 82 22 11 0 191 32766 53 87 9 159 11 115 
54823 1983 6 8 10026 10042 9945 258 307 206 77 24 17 32700 151 32766 20 63 13 102 1 132 
54823 1983 6 9 10020 10035 9999 283 337 223 70 19 10 0 148 32766 30 50 10 90 10 125 
54823 1983 6 10 10007 10027 9986 299 350 217 117 28 17 0 158 32766 38 53 11 98 9 125 
54823 1983 6 11 10001 10018 9988 255 319 233 149 46 27 32700 93 32766 18 70 10 130 10 0 
54823 1983 6 12 10003 10018 9985 247 314 180 141 50 21 0 112 32766 23 67 3 109 16 126 
54823 1983 6 13 10018 10034 9998 294 363 218 95 25 10 0 168 32766 38 63 11 121 12 130 
54823 1983 6 14 10000 10024 9976 297 340 271 125 31 20 0 198 32766 45 83 11 161 11 92 
54823 1983 6 15 9996 10007 9983 278 330 232 159 44 30 0 139 32766 33 80 9 131 10 119 
54823 1983 6 16 10005 10021 9978 267 308 225 116 33 27 32700 187 32766 60 80 8 170 10 101 
54823 1983 6 17 9980 9995 9959 281 334 228 144 39 29 0 158 32766 33 73 11 138 9 127 
54823 1983 6 18 9987 10005 9967 286 337 233 166 44 33 0 136 32766 33 63 3 97 4 105 
54823 1983 6 19 9993 10006 9976 259 307 228 185 56 34 0 95 32766 23 43 8 71 9 7 
54823 1983 6 20 10009 10025 9988 260 313 204 183 56 37 0 107 32766 28 60 3 90 4 116 
54823 1983 6 21 10026 10036 10011 290 346 224 189 48 34 0 129 32766 38 60 10 91 11 93 
54823 1983 6 22 10040 10065 10021 278 312 229 196 53 44 32700 101 32766 23 50 12 75 12 56 
54823 1983 6 23 10014 10029 9996 283 333 227 190 51 32 0 121 32766 30 63 11 71 12 113 
54823 1983 6 24 10026 10035 10005 286 335 253 178 47 22 0 102 32766 13 47 5 82 7 9 
54823 1983 6 25 10024 10043 9995 240 294 204 195 65 29 32700 49 32766 13 33 13 49 10 11 
54823 1983 6 26 9967 10005 9939 277 339 217 189 53 31 0 109 32766 28 57 13 94 12 99 
54823 1983 6 27 9944 9959 9915 301 367 243 195 49 26 0 134 32766 33 43 12 66 12 130 
54823 1983 6 28 9941 9985 9915 285 352 198 221 57 37 74 138 32766 28 104 2 237 2 125 
54823 1983 6 29 9958 9970 9927 306 367 235 197 48 26 0 155 32766 35 90 11 145 10 125 
54823 1983 6 30 9966 9984 9946 308 356 266 223 51 37 0 133 32766 35 57 10 109 10 105 
54823 1983 7 1 9928 9971 9898 261 326 229 231 70 42 19 67 32766 28 70 4 104 4 29 
54823 1983 7 2 9889 9907 9879 232 281 200 221 78 56 167 70 32766 20 80 4 116 4 73 
54823 1983 7 3 9879 9892 9864 272 333 207 212 61 38 0 109 32766 33 70 12 102 14 128 
54823 1983 7 4 9916 9926 9891 280 325 226 186 50 33 0 96 32766 13 33 16 56 16 120 
54823 1983 7 5 9954 9976 9924 268 318 209 174 51 34 0 118 32766 30 70 4 93 5 131 
54823 1983 7 6 9976 9993 9958 278 326 207 180 49 38 0 117 32766 13 60 5 76 5 119 
54823 1983 7 7 9953 9969 9937 305 352 250 208 48 39 0 132 32766 20 47 12 67 13 129 
54823 1983 7 8 9958 9969 9942 323 368 286 215 45 31 0 131 32766 30 57 13 92 12 90 
54823 1983 7 9 10020 10037 9967 245 326 218 238 79 45 79 36 32766 20 60 10 88 10 0 
54823 1983 7 10 10035 10044 10026 245 287 214 242 80 58 10 44 32766 8 33 3 34 4 36 
54823 1983 7 11 10018 10035 9998 270 314 222 236 67 52 32700 70 32766 23 40 5 47 5 76 
54823 1983 7 12 9998 10010 9986 275 318 248 242 66 49 15 63 32766 25 43 8 74 9 45 
54823 1983 7 13 9978 10008 9956 254 298 230 257 81 54 128 46 32766 15 50 11 79 12 7 
54823 1983 7 14 9940 9959 9932 262 312 219 205 63 38 27 88 32766 15 57 12 77 12 118 
54823 1983 7 15 9950 9965 9938 291 346 244 156 40 23 0 124 32766 33 67 11 88 12 121 
54823 1983 7 16 9960 9967 9944 307 367 256 164 39 23 0 153 32766 45 80 10 113 11 128 
54823 1983 7 17 9999 10008 9967 311 365 262 191 44 25 0 179 32766 55 83 10 123 10 128 
54823 1983 7 18 10013 10027 10000 256 323 214 230 71 36 63 49 32766 20 50 11 84 11 0 
54823 1983 7 19 9965 10010 9948 231 260 209 253 90 73 83 27 32766 10 32766 32766 80 12 3 
54823 1983 7 20 9944 9966 9926 256 303 216 242 75 57 0 68 32766 23 70 11 91 11 94 
54823 1983 7 21 9938 9943 9929 281 322 243 282 75 59 0 82 32766 20 50 11 75 11 119 
54823 1983 7 22 9960 9970 9942 287 335 243 294 77 56 0 70 32766 23 43 12 65 12 101 
54823 1983 7 23 9967 9978 9954 282 310 256 294 78 63 0 48 32766 15 33 10 52 11 18 
54823 1983 7 24 9947 9961 9939 265 282 253 277 80 70 32700 34 32766 18 43 4 48 5 1 
54823 1983 7 25 9968 9975 9945 287 347 233 265 70 42 0 90 32766 20 47 11 85 10 116 
54823 1983 7 26 9976 9987 9959 321 380 260 282 61 39 0 120 32766 20 50 10 88 12 115 
54823 1983 7 27 9981 9996 9964 286 345 238 308 80 49 416 95 32766 25 67 10 105 9 20 
54823 1983 7 28 9958 9972 9933 293 347 254 317 79 60 32700 70 32766 23 50 10 83 10 86 
54823 1983 7 29 9952 9957 9939 277 318 246 317 85 71 392 77 32766 43 70 10 119 11 0 
54823 1983 7 30 9952 9963 9925 277 338 252 315 86 58 365 97 32766 28 80 11 132 10 43 
54823 1983 7 31 10000 10012 9956 249 286 222 272 87 70 9 34 32766 15 40 13 68 14 8 
54823 1983 8 1 10009 10020 9993 255 287 235 288 89 77 156 32 32766 20 50 12 85 12 8 
54823 1983 8 2 9994 10015 9976 302 346 254 292 69 56 0 103 32766 45 83 10 144 11 124 
54823 1983 8 3 9988 10005 9977 317 357 278 264 57 47 0 148 32766 53 90 9 149 10 119 
54823 1983 8 4 10001 10017 9983 330 366 303 281 56 47 0 151 32766 40 80 10 141 10 122 
54823 1983 8 5 9999 10010 9986 320 366 266 284 61 46 0 147 32766 43 87 10 150 11 124 
54823 1983 8 6 10011 10041 9987 303 344 256 302 71 51 0 100 32766 38 70 10 123 10 58 
54823 1983 8 7 10066 10077 10041 244 279 216 244 80 61 11 71 32766 48 67 3 98 4 86 
54823 1983 8 8 10063 10076 10044 247 292 200 215 71 47 0 77 32766 25 43 4 55 5 119 
54823 1983 8 9 10050 10060 10031 264 307 213 226 66 45 0 82 32766 13 43 4 64 3 114 
54823 1983 8 10 10044 10057 10033 272 325 227 211 61 36 0 32766 32766 20 60 3 71 3 97 
54823 1983 8 11 10048 10061 10031 269 320 218 229 66 44 0 96 32766 18 53 4 69 5 106 
54823 1983 8 12 10039 10057 10017 274 323 239 273 76 52 32700 62 32766 8 43 11 69 10 77 
54823 1983 8 13 10027 10043 10007 287 327 243 279 72 56 32700 63 32766 8 40 14 58 13 95 
54823 1983 8 14 10019 10035 9996 288 327 256 289 74 62 32700 69 32766 28 57 10 106 10 81 
54823 1983 8 15 9991 10007 9970 295 345 255 281 69 49 0 74 32766 18 43 14 57 14 112 
54823 1983 8 16 10007 10027 9976 244 305 211 257 83 63 35 19 32766 28 90 4 144 3 5 
54823 1983 8 17 10042 10055 10027 233 279 187 181 64 39 0 59 32766 15 47 4 76 3 41 
54823 1983 8 18 10056 10070 10042 244 298 195 181 62 34 32700 79 32766 20 53 4 72 4 110 
54823 1983 8 19 10044 10062 10026 254 302 212 188 60 36 32700 82 32766 8 47 4 55 5 85 
54823 1983 8 20 10028 10040 10018 258 308 210 198 61 34 0 88 32766 23 47 4 69 4 121 
54823 1983 8 21 10030 10042 10019 253 304 193 194 63 33 0 90 32766 25 57 4 79 4 108 
54823 1983 8 22 10019 10031 10007 243 267 222 221 73 62 32700 42 32766 15 37 4 55 10 0 
54823 1983 8 23 9995 10015 9971 225 277 196 213 79 60 4 43 32766 23 67 16 107 2 29 
54823 1983 8 24 9984 9994 9967 235 293 185 214 76 50 0 68 32766 10 47 4 64 3 107 
54823 1983 8 25 9982 9985 9975 223 303 205 226 84 49 115 47 32766 13 70 14 113 16 31 
54823 1983 8 26 9983 9997 9968 227 277 189 231 85 61 0 51 32766 18 30 14 35 16 93 
54823 1983 8 27 9982 9994 9968 248 292 204 234 76 51 0 54 32766 10 27 14 34 15 107 
54823 1983 8 28 9970 9986 9953 265 317 223 239 70 47 8 89 32766 23 67 11 103 11 102 
54823 1983 8 29 9983 9992 9961 280 332 190 225 62 27 325 32766 32766 25 117 2 199 4 114 
54823 1983 8 30 10020 10037 9992 287 340 243 244 62 48 0 86 32766 20 30 4 36 10 115 
54823 1983 8 31 10024 10043 10003 297 345 246 254 61 52 0 73 32766 30 63 9 91 9 86 
54823 1983 9 1 10023 10037 9989 227 285 208 235 85 48 37 46 32766 45 80 10 153 11 35 
54823 1983 9 2 10038 10052 10026 252 310 204 224 73 44 0 68 32766 23 47 13 74 13 116 
54823 1983 9 3 10065 10074 10048 259 315 203 194 60 31 0 97 32766 10 30 4 33 5 109 
54823 1983 9 4 10073 10086 10054 265 313 213 198 57 43 32700 63 32766 10 40 12 56 12 66 
54823 1983 9 5 10049 10065 10028 250 288 212 190 60 45 23 70 32766 23 77 9 122 8 16 
54823 1983 9 6 10076 10091 10040 238 291 183 200 69 48 0 71 32766 25 33 8 47 8 112 
54823 1983 9 7 10073 10088 10054 248 307 197 209 69 44 32700 66 32766 23 53 3 73 3 68 
54823 1983 9 8 10020 10060 9994 201 252 182 219 93 64 415 15 32766 40 80 4 111 5 0 
54823 1983 9 9 10036 10056 10012 217 267 182 225 88 65 23 27 32766 13 70 4 110 3 46 
54823 1983 9 10 10020 10039 10002 229 265 208 215 78 55 0 43 32766 20 27 14 38 15 59 
54823 1983 9 11 10022 10027 10012 240 296 194 195 67 44 0 69 32766 28 43 12 61 12 114 
54823 1983 9 12 10048 10064 10027 258 299 222 219 67 47 0 66 32766 40 50 11 78 11 63 
54823 1983 9 13 10054 10064 10037 261 302 218 219 66 47 0 86 32766 35 80 10 118 11 106 
54823 1983 9 14 10028 10052 10008 248 297 199 183 60 39 0 95 32766 33 60 12 100 11 112 
54823 1983 9 15 10025 10035 10018 258 313 221 199 61 42 0 32766 32766 35 50 10 79 10 111 
54823 1983 9 16 10041 10059 10028 253 302 202 221 70 50 0 69 32766 18 50 4 63 4 97 
54823 1983 9 17 10049 10064 10037 253 308 201 184 59 32 0 90 32766 25 43 2 65 3 106 
54823 1983 9 18 10060 10071 10045 258 302 195 210 64 50 0 66 32766 15 43 13 50 13 87 
54823 1983 9 19 10094 10104 10065 217 267 195 219 84 70 32700 27 32766 25 47 4 64 4 11 
54823 1983 9 20 10099 10117 10079 227 276 187 180 68 39 32700 69 32766 30 77 5 106 5 52 
54823 1983 9 21 10084 10094 10075 184 233 165 184 87 51 86 7 32766 13 50 5 61 5 0 
54823 1983 9 22 10082 10090 10076 178 190 167 194 96 94 129 0 32766 3 20 16 15 16 0 
54823 1983 9 23 10063 10081 10047 192 212 176 214 96 91 77 10 32766 15 30 12 18 12 0 
54823 1983 9 24 10050 10063 10039 210 264 166 195 80 52 0 42 32766 33 47 10 55 10 75 
54823 1983 9 25 10052 10066 10038 237 300 168 194 67 45 0 53 32766 10 33 14 36 12 90 
54823 1983 9 26 10087 10100 10059 242 275 214 218 73 55 0 32 32766 10 30 4 46 3 5 
54823 1983 9 27 10117 10125 10100 201 241 184 145 62 33 0 76 32766 60 107 4 133 4 8 
54823 1983 9 28 10110 10121 10096 185 228 146 122 58 42 0 61 32766 20 57 3 85 3 80 
54823 1983 9 29 10103 10119 10086 208 269 144 147 61 37 0 58 32766 10 43 11 54 11 102 
54823 1983 9 30 10088 10102 10078 236 287 203 144 50 37 0 98 32766 38 87 11 122 10 106 
54823 1983 10 1 10082 10097 10060 245 283 192 157 52 38 0 82 32766 38 70 10 130 10 62 
54823 1983 10 2 10081 10095 10066 243 294 211 181 60 46 0 74 32766 23 50 4 76 10 79 
54823 1983 10 3 10086 10099 10071 214 280 166 203 80 63 0 38 32766 15 63 4 82 5 34 
54823 1983 10 4 10103 10113 10084 217 256 188 201 78 62 0 35 32766 20 53 11 70 11 14 
54823 1983 10 5 10150 10163 10112 193 232 166 141 64 33 0 68 32766 40 93 5 129 5 85 
54823 1983 10 6 10142 10163 10120 177 242 121 94 51 19 0 57 32766 18 53 4 57 5 76 
54823 1983 10 7 10116 10128 10103 170 192 154 116 61 44 32700 89 32766 10 43 4 48 4 0 
54823 1983 10 8 10111 10122 10099 163 210 126 129 72 46 32700 41 32766 18 30 14 35 13 89 
54823 1983 10 9 10106 10126 10086 196 251 149 138 62 45 0 61 32766 38 57 11 108 10 94 
54823 1983 10 10 10143 10198 10099 190 216 135 158 72 60 7 45 32766 48 120 3 159 4 0 
54823 1983 10 11 10214 10233 10198 135 159 119 90 59 37 32700 46 32766 28 73 4 107 4 9 
54823 1983 10 12 10148 10198 10128 115 152 96 99 74 49 11 23 32766 20 47 13 62 12 0 
54823 1983 10 13 10140 10152 10123 123 160 99 122 86 66 44 32766 32766 18 40 13 41 13 47 
54823 1983 10 14 10152 10166 10136 140 183 109 128 81 55 32700 17 32766 3 27 12 43 12 20 
54823 1983 10 15 10120 10141 10106 153 175 135 151 87 76 32700 12 32766 0 25 13 38 9 0 
54823 1983 10 16 10116 10130 10103 159 186 129 161 89 73 10 7 32766 5 23 5 21 10 2 
54823 1983 10 17 10132 10160 10114 124 166 90 137 95 89 381 32766 32766 63 110 4 162 4 0 
54823 1983 10 18 10166 10184 10155 98 106 90 111 91 85 200 7 32766 53 90 4 149 4 0 
54823 1983 10 19 10143 10162 10134 115 144 86 112 83 67 0 14 32766 28 40 4 69 4 17 
54823 1983 10 20 10149 10170 10135 143 193 110 120 76 49 32700 20 32766 18 47 4 77 5 45 
54823 1983 10 21 10137 10142 10129 153 213 107 123 73 46 0 24 32766 20 33 13 72 13 80 
54823 1983 10 22 10195 10222 10141 134 168 110 104 68 43 0 35 32766 48 90 4 144 4 94 
54823 1983 10 23 10227 10244 10208 116 173 67 71 56 19 0 35 32766 8 43 5 76 5 94 
54823 1983 10 24 10222 10234 10206 122 173 69 87 62 38 0 19 32766 8 30 13 59 13 68 
54823 1983 10 25 10205 10225 10179 111 133 102 96 73 50 6 4 32766 10 40 9 81 9 0 
54823 1983 10 26 10186 10206 10165 118 166 81 88 66 36 0 27 32766 18 53 10 104 11 65 
54823 1983 10 27 10207 10224 10188 130 189 77 74 52 29 0 36 32766 20 33 11 65 12 92 
54823 1983 10 28 10178 10199 10159 149 196 116 88 53 34 0 27 32766 23 60 11 108 11 84 
54823 1983 10 29 10201 10217 10178 145 196 97 104 64 44 0 26 32766 8 27 2 53 3 85 
54823 1983 10 30 10186 10208 10166 152 201 102 105 62 43 0 41 32766 33 70 11 133 12 89 
54823 1983 10 31 10169 10186 10147 132 187 103 120 80 55 32700 21 32766 13 80 10 152 10 17 
54823 1983 11 1 10152 10171 10119 137 203 79 94 64 29 0 37 32766 35 53 11 100 13 91 
54823 1983 11 2 10110 10119 10095 160 193 141 86 48 33 0 59 32766 40 77 10 155 11 27 
54823 1983 11 3 10134 10146 10118 134 185 80 107 71 53 0 32766 32766 30 43 2 73 3 81 
54823 1983 11 4 10143 10155 10133 122 180 69 120 85 64 0 17 32766 5 27 4 46 4 57 
54823 1983 11 5 10160 10178 10140 144 192 114 130 80 57 0 18 32766 18 30 13 50 2 59 
54823 1983 11 6 10165 10181 10154 130 198 74 87 63 26 0 34 32766 18 40 4 69 5 93 
54823 1983 11 7 10166 10175 10158 130 183 81 85 58 38 0 24 32766 15 27 15 51 16 65 
54823 1983 11 8 10173 10185 10160 143 193 109 100 62 40 32700 23 32766 8 37 14 67 14 37 
54823 1983 11 9 10152 10178 10123 140 178 113 107 68 48 6 17 32766 20 33 12 60 13 31 
54823 1983 11 10 10123 10148 10105 109 145 72 58 44 20 4 40 32766 23 63 13 122 12 85 
54823 1983 11 11 10116 10159 10073 98 128 71 38 32 19 0 50 32766 55 83 15 150 15 50 
54823 1983 11 12 10201 10212 10159 54 107 15 38 45 21 0 29 32766 18 33 15 72 1 86 
54823 1983 11 13 10201 10218 10185 81 146 30 34 35 12 0 39 32766 25 53 12 102 12 82 
54823 1983 11 14 10151 10191 10119 104 152 60 45 36 26 0 55 32766 35 70 10 126 11 89 
54823 1983 11 15 10115 10137 10095 113 150 66 52 40 21 0 44 32766 20 65 10 132 11 86 
54823 1983 11 16 10193 10210 10124 23 102 -12 16 22 16 0 50 32766 20 80 3 150 3 91 
54823 1983 11 17 10216 10233 10199 20 80 -28 21 33 10 0 24 32766 18 43 13 78 15 86 
54823 1983 11 18 10168 10206 10146 82 140 25 26 23 15 0 45 32766 33 100 10 154 10 88 
54823 1983 11 19 10182 10198 10162 110 162 55 54 42 28 0 35 32766 15 37 9 90 10 81 
54823 1983 11 20 10214 10235 10198 95 162 39 66 59 33 0 18 32766 10 27 5 41 5 78 
54823 1983 11 21 10207 10214 10192 76 119 40 87 84 55 0 16 32766 18 53 3 99 4 21 
54823 1983 11 22 10208 10224 10198 67 110 47 77 80 55 32700 17 32766 13 50 4 84 4 36 
54823 1983 11 23 10177 10200 10155 85 143 49 72 67 41 0 25 32766 28 70 10 127 11 81 
54823 1983 11 24 10238 10262 10200 42 76 10 28 34 20 0 28 32766 18 50 4 90 4 88 
54823 1983 11 25 10233 10264 10214 49 102 12 28 34 18 0 34 32766 35 60 12 117 12 86 
54823 1983 11 26 10294 10317 10264 48 116 -18 30 36 16 0 25 32766 23 43 5 76 12 86 
54823 1983 11 27 10275 10290 10266 85 131 56 37 34 20 0 47 32766 30 63 11 121 11 79 
54823 1983 11 28 10237 10273 10203 94 132 59 36 32 19 0 56 32766 38 87 10 155 11 84 
54823 1983 11 29 10205 10239 10185 93 116 73 48 40 23 0 53 32766 48 87 10 185 9 37 
54823 1983 11 30 10280 10297 10239 22 74 -15 18 25 16 0 30 32766 15 43 3 101 1 83 
54823 1983 12 1 10217 10263 10177 65 125 15 24 26 15 0 41 32766 33 47 12 97 10 86 
54823 1983 12 2 10151 10177 10132 94 140 67 31 27 17 0 32766 32766 35 60 11 134 10 85 
54823 1983 12 3 10219 10237 10160 72 121 26 45 45 33 0 26 32766 18 27 12 45 2 85 
54823 1983 12 4 10202 10233 10174 85 148 30 40 39 19 0 31 32766 23 53 11 107 10 80 
54823 1983 12 5 10170 10184 10155 97 148 64 51 43 30 0 35 32766 28 40 1 80 8 44 
54823 1983 12 6 10205 10223 10184 47 104 1 61 74 39 0 34 32766 28 43 4 77 3 69 
54823 1983 12 7 10224 10241 10215 65 124 15 46 49 27 0 26 32766 20 50 12 78 11 83 
54823 1983 12 8 10180 10215 10157 89 133 57 44 38 27 0 44 32766 40 73 10 143 9 80 
54823 1983 12 9 10130 10169 10111 93 148 23 46 40 28 0 35 32766 25 47 12 93 9 82 
54823 1983 12 10 10171 10202 10116 47 93 28 39 46 25 0 29 32766 15 47 3 98 15 78 
54823 1983 12 11 10208 10238 10167 41 94 -9 20 27 9 0 38 32766 48 73 10 145 9 84 
54823 1983 12 12 10115 10168 10095 73 107 51 29 29 18 0 60 32766 58 107 10 198 9 76 
54823 1983 12 13 10155 10214 10109 36 90 -9 47 61 36 0 26 32766 35 77 4 121 3 53 
54823 1983 12 14 10251 10276 10214 8 54 -26 47 74 52 0 17 32766 18 60 4 113 3 60 
54823 1983 12 15 10231 10247 10217 13 55 -24 41 63 28 0 15 32766 10 37 4 72 2 76 
54823 1983 12 16 10213 10226 10188 15 76 -26 36 55 38 0 6 32766 13 37 13 65 11 72 
54823 1983 12 17 10261 10284 10221 2 43 -30 29 49 26 0 18 32766 15 37 4 81 3 81 
54823 1983 12 18 10221 10265 10197 26 78 -11 23 33 18 0 21 32766 25 47 12 99 10 83 
54823 1983 12 19 10199 10213 10186 36 81 7 31 40 27 0 14 32766 13 23 10 51 9 80 
54823 1983 12 20 10211 10230 10203 36 81 -7 39 51 33 0 22 32766 8 33 13 52 12 63 
54823 1983 12 21 10197 10212 10183 25 50 5 53 73 49 11 10 32766 5 30 12 74 11 0 
54823 1983 12 22 10245 10274 10212 -24 8 -43 24 47 21 0 19 32766 20 50 3 99 1 77 
54823 1983 12 23 10233 10281 10202 -25 20 -75 14 28 20 0 18 32766 23 68 11 119 10 83 
54823 1983 12 24 10273 10303 10219 -46 -4 -76 10 23 14 0 22 32766 5 44 3 98 16 85 
54823 1983 12 25 10217 10272 10185 -5 52 -55 17 27 24 0 20 32766 33 77 10 131 9 80 
54823 1983 12 26 10219 10240 10198 -5 38 -45 24 42 25 0 16 32766 18 40 3 59 1 77 
54823 1983 12 27 10261 10302 10240 -10 42 -44 21 36 22 0 13 32766 30 50 14 93 15 76 
54823 1983 12 28 10312 10341 10297 -38 -2 -72 14 32 18 0 16 32766 25 43 4 79 1 73 
54823 1983 12 29 10290 10311 10274 -37 2 -65 22 49 29 0 13 32766 28 57 6 81 3 73 
54823 1983 12 30 10271 10288 10264 -55 -18 -88 24 63 30 0 11 32766 8 50 4 70 3 78 
54823 1983 12 31 10237 10270 10213 -29 24 -73 23 47 30 0 19 32766 30 60 10 99 10 78 
54823 1984 1 1 10161 10213 10135 14 51 -8 31 45 37 0 23 32766 50 80 10 139 9 72 
54823 1984 1 2 10182 10245 10134 -32 23 -64 38 79 55 13 6 32766 20 80 1 148 1 13 
54823 1984 1 3 10281 10299 10245 -62 -17 -108 26 71 34 0 4 32766 23 30 13 38 11 83 
54823 1984 1 4 10284 10301 10269 -34 23 -101 22 47 25 0 12 32766 13 33 5 51 4 76 
54823 1984 1 5 10249 10274 10236 2 42 -35 16 27 14 0 21 32766 28 50 11 90 9 69 
54823 1984 1 6 10222 10245 10202 -6 37 -47 24 41 29 0 21 32766 30 50 14 81 10 71 
54823 1984 1 7 10214 10238 10199 -8 49 -60 25 47 20 0 10 32766 15 40 12 74 11 73 
