V01000 V04001 V04002 V04003 V10004 V10201 V10202 V12001 V12052 V12053 V13004 V13003 V13007 V13201 V13241 V13242 V11002 V11042 V11212 V11041 V11043 V14032
56080 1995 1 4 7195 7213 7176 -161 -37 -249 9 52 12 0 8 32766 0 40 12 32766 32766 84 
56080 1995 1 5 7193 7210 7172 -178 -36 -263 9 55 26 0 7 32766 0 17 10 32766 32766 82 
56080 1995 1 6 7164 7201 7133 -153 -6 -256 9 50 21 0 7 32766 0 30 13 32766 32766 80 
56080 1995 1 7 7161 7173 7140 -130 35 -233 12 54 11 0 12 32766 0 70 14 32766 32766 90 
56080 1995 1 8 7168 7190 7144 -111 57 -211 13 50 7 0 13 32766 3 73 14 32766 32766 84 
56080 1995 1 9 7117 7160 7076 -124 -35 -181 13 57 37 0 11 32766 18 70 16 32766 32766 54 
56080 1995 1 10 7111 7128 7080 -100 -2 -161 15 54 29 0 10 32766 8 43 2 32766 32766 74 
56080 1995 1 11 7131 7149 7101 -96 2 -167 16 56 32 0 14 32766 5 40 16 32766 32766 79 
56080 1995 1 12 7140 7160 7112 -100 -12 -179 15 56 22 0 7 32766 0 37 1 32766 32766 23 
56080 1995 1 13 7118 7133 7089 -78 38 -127 19 55 33 0 10 32766 3 43 16 32766 32766 72 
56080 1995 1 14 7116 7128 7093 -74 10 -155 24 66 46 7 7 32766 3 23 10 32766 32766 69 
56080 1995 1 15 7156 7174 7121 -86 26 -164 12 47 0 0 21 32766 23 103 14 32766 32766 86 
56080 1995 1 16 7150 7173 7124 -79 64 -170 12 41 11 0 16 32766 5 47 15 32766 32766 84 
56080 1995 1 17 7140 7166 7105 -60 67 -151 18 49 25 0 15 32766 5 40 5 32766 32766 77 
56080 1995 1 18 7132 7147 7121 -76 -3 -106 22 62 41 2 13 32766 20 50 16 32766 32766 37 
56080 1995 1 19 7113 7151 7081 -68 52 -182 17 52 19 0 20 32766 23 90 13 32766 32766 77 
56080 1995 1 20 7058 7091 7010 -83 63 -163 12 45 10 0 19 32766 20 93 16 32766 32766 58 
56080 1995 1 21 7080 7096 7061 -115 -57 -165 17 69 50 4 7 32766 13 47 15 32766 32766 54 
56080 1995 1 22 7113 7136 7086 -125 -72 -145 16 67 39 8 6 32766 0 40 1 32766 32766 26 
56080 1995 1 23 7139 7160 7110 -136 -40 -224 13 63 10 0 15 32766 15 80 12 32766 32766 83 
56080 1995 1 24 7124 7148 7099 -125 5 -225 7 40 1 0 19 32766 10 80 13 32766 32766 89 
56080 1995 1 25 7143 7156 7117 -141 -63 -186 13 62 25 1 6 32766 8 37 16 32766 32766 34 
56080 1995 1 26 7137 7163 7099 -118 9 -204 13 56 16 0 13 32766 13 63 16 32766 32766 82 
56080 1995 1 27 7147 7162 7133 -92 -5 -149 13 44 20 0 15 32766 0 70 16 32766 32766 37 
56080 1995 1 28 7146 7164 7103 -97 46 -195 12 47 7 0 19 32766 15 70 16 32766 32766 72 
56080 1995 1 29 7155 7173 7125 -88 -2 -147 18 61 25 1 14 32766 13 70 16 32766 32766 80 
56080 1995 1 30 7178 7199 7146 -124 -70 -173 17 69 43 4 6 32766 5 30 16 32766 32766 0 
56080 1995 1 31 7185 7200 7159 -138 -72 -186 16 75 58 6 4 32766 8 67 16 32766 32766 0 
56080 1995 2 1 7190 7209 7177 -139 -60 -226 12 61 18 5 14 32766 0 60 15 32766 32766 80 
56080 1995 2 2 7150 7190 7111 -148 -20 -233 10 53 18 0 13 32766 13 80 16 32766 32766 82 
56080 1995 2 3 7181 7198 7156 -130 -33 -219 8 45 3 0 19 32766 23 83 16 32766 32766 86 
56080 1995 2 4 7186 7205 7154 -129 24 -236 6 29 6 0 16 32766 5 40 16 32766 32766 93 
56080 1995 2 5 7175 7193 7149 -102 34 -201 7 29 14 0 15 32766 5 33 3 32766 32766 88 
56080 1995 2 6 7159 7179 7123 -88 14 -165 12 39 19 0 14 32766 0 50 16 32766 32766 29 
56080 1995 2 7 7125 7147 7103 -78 30 -175 12 44 13 0 18 32766 8 63 16 32766 32766 76 
56080 1995 2 8 7116 7143 7094 -76 29 -163 10 33 8 0 24 32766 13 70 16 32766 32766 94 
56080 1995 2 9 7134 7151 7118 -67 21 -129 15 39 25 0 16 32766 8 50 16 32766 32766 63 
56080 1995 2 10 7133 7151 7106 -64 38 -140 19 55 28 0 18 32766 10 50 6 32766 32766 84 
56080 1995 2 11 7120 7143 7097 -55 39 -130 26 65 20 12 22 32766 5 63 14 32766 32766 64 
56080 1995 2 12 7119 7133 7094 -62 48 -156 18 52 16 0 20 32766 13 47 1 32766 32766 85 
56080 1995 2 13 7141 7162 7115 -42 70 -137 19 49 1 0 30 32766 10 60 5 32766 32766 98 
56080 1995 2 14 7135 7154 7116 -51 34 -106 24 57 30 1 15 32766 3 43 1 32766 32766 46 
56080 1995 2 15 7125 7143 7101 -61 34 -136 23 64 31 32700 15 32766 13 47 16 32766 32766 73 
56080 1995 2 16 7119 7143 7094 -69 -21 -95 29 77 58 10 0 32766 8 53 5 32766 32766 0 
56080 1995 2 17 7088 7107 7074 -60 -7 -90 29 74 51 20 11 32766 3 33 15 32766 32766 64 
56080 1995 2 18 7085 7103 7056 -83 32 -174 21 64 27 0 14 32766 13 47 10 32766 32766 101 
56080 1995 2 19 7081 7094 7064 -53 28 -103 29 70 42 32700 16 32766 8 70 16 32766 32766 45 
56080 1995 2 20 7101 7108 7072 -51 23 -92 31 74 42 32700 12 32766 15 90 16 32766 32766 50 
56080 1995 2 21 7117 7128 7107 -59 -32 -79 27 70 51 14 13 32766 18 40 5 32766 32766 18 
56080 1995 2 22 7121 7139 7099 -72 -15 -92 25 71 45 3 10 32766 8 47 16 32766 32766 51 
56080 1995 2 23 7124 7141 7099 -71 -13 -103 26 74 42 7 10 32766 18 57 5 32766 32766 37 
56080 1995 2 24 7139 7157 7111 -99 -65 -118 21 74 50 32 3 32766 20 43 16 32766 32766 40 
56080 1995 2 25 7143 7170 7108 -136 -32 -227 14 64 30 0 12 32766 0 10 10 32766 32766 86 
56080 1995 2 26 7122 7141 7099 -98 -10 -193 11 50 14 0 22 32766 30 83 13 32766 32766 64 
56080 1995 2 27 7134 7159 7107 -90 15 -184 12 41 14 0 24 32766 20 70 10 32766 32766 103 
56080 1995 2 28 7075 7112 7042 -61 64 -161 18 52 20 0 18 32766 8 60 16 32766 32766 84 
56080 1995 3 1 7089 7120 7063 -62 11 -109 26 69 39 2 19 32766 20 107 16 32766 32766 64 
56080 1995 3 2 7163 7176 7121 -79 -13 -125 22 67 39 28 13 32766 10 53 1 32766 32766 97 
56080 1995 3 3 7181 7197 7171 -87 4 -157 15 54 20 0 21 32766 13 60 5 32766 32766 85 
56080 1995 3 4 7147 7198 7105 -65 32 -146 21 57 26 0 19 32766 5 67 16 32766 32766 94 
56080 1995 3 5 7130 7147 7113 -54 42 -125 22 58 17 0 24 32766 18 67 5 32766 32766 98 
56080 1995 3 6 7111 7141 7072 -42 75 -120 27 61 25 32700 23 32766 8 80 16 32766 32766 78 
56080 1995 3 7 7103 7123 7077 -2 82 -54 32 54 33 0 24 32766 8 53 1 32766 32766 51 
56080 1995 3 8 7116 7133 7088 -44 20 -69 29 67 45 27 12 32766 33 53 16 32766 32766 28 
56080 1995 3 9 7150 7177 7113 -85 17 -167 17 56 16 2 19 32766 3 50 1 32766 32766 98 
56080 1995 3 10 7099 7127 7073 -18 50 -79 25 51 19 0 23 32766 23 53 13 32766 32766 57 
56080 1995 3 11 7141 7165 7103 -44 33 -99 16 40 14 0 26 32766 10 57 5 32766 32766 47 
56080 1995 3 12 7106 7132 7074 -34 52 -89 25 54 32 0 20 32766 15 60 4 32766 32766 56 
56080 1995 3 13 7114 7130 7091 -22 61 -80 26 57 8 10 33 32766 8 90 11 32766 32766 102 
56080 1995 3 14 7091 7116 7070 4 75 -33 31 51 17 0 24 32766 10 90 16 32766 32766 18 
56080 1995 3 15 7103 7132 7080 14 70 -55 22 40 6 0 40 32766 45 87 11 32766 32766 40 
56080 1995 3 16 7130 7161 7079 -69 55 -86 18 49 10 0 25 32766 43 70 16 32766 32766 11 
56080 1995 3 17 7187 7200 7160 -69 24 -143 16 52 15 0 21 32766 10 53 16 32766 32766 81 
56080 1995 3 18 7193 7211 7164 -43 72 -127 15 44 8 0 32 32766 18 57 1 32766 32766 103 
56080 1995 3 19 7157 7197 7121 -20 88 -110 20 43 14 0 33 32766 8 70 16 32766 32766 87 
56080 1995 3 20 7166 7179 7148 -6 112 -105 20 43 12 0 44 32766 15 47 14 32766 32766 110 
56080 1995 3 21 7153 7178 7110 15 155 -100 23 42 8 0 55 32766 13 57 1 32766 32766 97 
56080 1995 3 22 7128 7153 7088 31 138 -52 28 41 9 0 48 32766 20 50 1 32766 32766 98 
56080 1995 3 23 7117 7134 7082 21 96 -26 36 52 34 0 49 32766 10 97 16 32766 32766 65 
56080 1995 3 24 7183 7208 7135 -39 20 -65 34 74 49 36 17 32766 30 57 16 32766 32766 54 
56080 1995 3 25 7200 7238 7140 -44 63 -139 22 56 17 6 33 32766 5 60 10 32766 32766 108 
56080 1995 3 26 7103 7140 7072 29 141 -43 28 45 9 0 46 32766 8 47 16 32766 32766 111 
56080 1995 3 27 7071 7100 7034 38 154 -26 41 54 26 32700 37 32766 13 80 14 32766 32766 67 
56080 1995 3 28 7112 7131 7074 11 62 -27 45 68 43 8 25 32766 25 50 16 32766 32766 46 
56080 1995 3 29 7100 7114 7078 24 110 -41 43 63 21 32700 33 32766 13 80 9 32766 32766 77 
56080 1995 3 30 7123 7140 7090 -17 58 -44 40 73 42 12 6 32766 25 53 5 32766 32766 0 
56080 1995 3 31 7137 7151 7119 -33 0 -48 40 83 60 83 0 32766 5 37 16 32766 32766 0 
56080 1995 4 1 7134 7142 7118 -26 50 -83 35 73 40 13 34 32766 10 63 16 32766 32766 66 
56080 1995 4 2 7159 7170 7143 -6 22 -28 46 79 58 5 8 32766 15 40 16 32766 32766 0 
56080 1995 4 3 7130 7155 7110 5 35 -10 49 78 70 6 7 32766 8 60 16 32766 32766 0 
56080 1995 4 4 7135 7150 7122 -1 34 -22 45 75 56 2 15 32766 15 43 9 32766 32766 12 
56080 1995 4 5 7170 7205 7135 -18 6 -24 43 80 60 13 12 32766 28 67 16 32766 32766 4 
56080 1995 4 6 7200 7237 7162 -31 12 -66 35 71 46 32700 13 32766 10 50 16 32766 32766 9 
56080 1995 4 7 7133 7170 7102 -6 56 -70 37 65 37 32700 28 32766 13 63 10 32766 32766 81 
56080 1995 4 8 7126 7153 7104 -17 30 -52 41 77 53 5 11 32766 18 80 15 32766 32766 35 
56080 1995 4 9 7152 7168 7135 15 89 -50 30 51 13 32700 46 32766 23 100 14 32766 32766 100 
56080 1995 4 10 7158 7170 7144 46 131 -48 28 39 10 0 72 32766 33 117 14 32766 32766 113 
56080 1995 4 11 7178 7207 7141 39 155 -57 34 47 8 0 63 32766 15 70 14 32766 32766 117 
56080 1995 4 12 7106 7151 7072 39 132 -44 39 53 27 0 62 32766 20 73 4 32766 32766 93 
56080 1995 4 13 7121 7137 7097 3 63 -15 43 69 30 32700 19 32766 20 70 6 32766 32766 0 
56080 1995 4 14 7113 7137 7090 30 132 -34 42 60 23 0 43 32766 20 70 11 32766 32766 90 
56080 1995 4 15 7128 7142 7099 4 82 -24 48 78 32 9 33 32766 38 113 11 32766 32766 50 
56080 1995 4 16 7139 7161 7113 22 106 -36 40 63 22 3 42 32766 10 73 6 32766 32766 79 
56080 1995 4 17 7142 7167 7113 13 52 -14 50 73 56 5 21 32766 15 80 16 32766 32766 0 
56080 1995 4 18 7163 7189 7141 1 59 -23 47 77 54 13 15 32766 30 60 10 32766 32766 44 
56080 1995 4 19 7123 7165 7088 64 164 -29 47 57 19 0 53 32766 10 70 16 32766 32766 100 
56080 1995 4 20 7071 7097 7044 54 142 5 60 69 39 32700 37 32766 33 87 16 32766 32766 56 
56080 1995 4 21 7090 7116 7058 34 76 -21 60 78 61 7 25 32766 33 70 16 32766 32766 0 
56080 1995 4 22 7139 7163 7092 -14 47 -58 41 75 53 34 33 32766 25 87 16 32766 32766 44 
56080 1995 4 23 7133 7144 7112 24 103 -11 47 68 38 0 43 32766 15 63 5 32766 32766 61 
56080 1995 4 24 7156 7170 7136 5 33 -10 48 76 50 9 15 32766 18 50 5 32766 32766 0 
56080 1995 4 25 7147 7189 7101 23 102 -38 49 70 43 0 31 32766 18 50 10 32766 32766 69 
56080 1995 4 26 7138 7156 7100 50 107 25 52 60 33 12 42 32766 18 60 6 32766 32766 28 
56080 1995 4 27 7166 7184 7139 53 135 -1 51 62 32 0 53 32766 10 77 4 32766 32766 83 
56080 1995 4 28 7166 7175 7144 63 127 17 62 66 33 5 49 32766 23 67 16 32766 32766 81 
56080 1995 4 29 7175 7192 7159 48 103 5 64 75 50 6 33 32766 20 70 9 32766 32766 42 
56080 1995 4 30 7147 7189 7104 78 165 6 48 54 12 32700 71 32766 25 70 4 32766 32766 77 
56080 1995 5 1 7131 7159 7111 71 162 -4 44 50 15 0 73 32766 23 97 15 32766 32766 84 
56080 1995 5 2 7172 7194 7144 79 155 -10 48 48 16 32700 68 32766 23 77 6 32766 32766 107 
56080 1995 5 3 7185 7205 7164 49 109 -3 40 50 20 0 55 32766 30 70 3 32766 32766 51 
56080 1995 5 4 7202 7237 7160 46 149 -53 37 44 20 0 58 32766 13 67 12 32766 32766 99 
56080 1995 5 5 7176 7186 7155 50 140 -29 47 57 31 1 48 32766 10 63 6 32766 32766 83 
56080 1995 5 6 7202 7220 7174 72 174 -38 34 39 12 0 76 32766 15 73 3 32766 32766 110 
56080 1995 5 7 7197 7214 7180 70 162 -24 43 46 21 0 61 32766 13 80 6 32766 32766 76 
56080 1995 5 8 7161 7192 7121 80 206 -31 45 50 12 0 74 32766 18 83 14 32766 32766 88 
56080 1995 5 9 7166 7180 7136 86 145 41 64 59 35 19 55 32766 20 90 11 32766 32766 104 
56080 1995 5 10 7149 7186 7106 108 220 9 57 52 16 0 82 32766 15 67 16 32766 32766 101 
56080 1995 5 11 7134 7156 7107 127 247 9 56 45 8 0 105 32766 20 70 1 32766 32766 123 
56080 1995 5 12 7144 7158 7116 117 207 29 76 57 25 2 68 32766 18 63 16 32766 32766 62 
56080 1995 5 13 7179 7188 7142 84 136 57 57 52 31 32700 57 32766 33 80 3 32766 32766 18 
56080 1995 5 14 7181 7208 7152 68 111 14 37 39 29 0 48 32766 8 47 3 32766 32766 22 
56080 1995 5 15 7142 7178 7101 86 181 -23 42 41 17 0 70 32766 10 70 1 32766 32766 64 
56080 1995 5 16 7121 7132 7108 104 185 -4 47 43 13 0 72 32766 35 80 16 32766 32766 105 
56080 1995 5 17 7103 7148 7056 132 222 41 69 50 18 32700 92 32766 28 93 10 32766 32766 105 
56080 1995 5 18 7087 7112 7064 94 161 51 76 66 46 32700 39 32766 25 80 6 32766 32766 3 
56080 1995 5 19 7153 7161 7112 34 82 18 61 78 55 19 14 32766 28 53 5 32766 32766 0 
56080 1995 5 20 7162 7173 7147 24 65 6 58 80 66 5 14 32766 10 50 16 32766 32766 0 
56080 1995 5 21 7174 7205 7126 71 168 -14 49 55 13 3 68 32766 33 57 5 32766 32766 116 
56080 1995 5 22 7111 7146 7081 111 204 18 60 49 30 32700 89 32766 13 70 3 32766 32766 87 
56080 1995 5 23 7113 7126 7090 121 215 52 85 63 31 7 66 32766 13 70 16 32766 32766 59 
56080 1995 5 24 7159 7168 7126 113 170 75 67 52 36 8 57 32766 25 67 2 32766 32766 0 
56080 1995 5 25 7189 7204 7162 77 122 44 75 71 38 10 30 32766 18 50 16 32766 32766 0 
56080 1995 5 26 7170 7212 7117 121 212 30 84 62 35 4 69 32766 10 53 8 32766 32766 67 
56080 1995 5 27 7170 7190 7135 87 170 67 95 85 55 72 16 32766 23 97 12 32766 32766 14 
56080 1995 5 28 7186 7204 7160 130 203 60 92 66 38 12 71 32766 13 60 3 32766 32766 105 
56080 1995 5 29 7166 7191 7135 120 187 71 98 72 46 4 48 32766 13 47 16 32766 32766 40 
56080 1995 5 30 7167 7183 7152 132 195 85 92 63 34 15 52 32766 5 53 1 32766 32766 36 
56080 1995 5 31 7180 7206 7152 132 237 52 98 68 31 0 65 32766 0 70 16 32766 32766 56 
56080 1995 6 1 7179 7191 7155 137 221 56 93 61 31 32700 74 33 35 87 4 32766 32766 68 
56080 1995 6 2 7188 7209 7152 119 191 57 89 66 42 101 76 34 13 57 16 32766 32766 90 
56080 1995 6 3 7163 7182 7142 140 202 87 101 65 39 3 57 32 5 77 10 32766 32766 51 
56080 1995 6 4 7160 7175 7135 124 233 57 105 76 35 29 68 39 5 70 12 32766 32766 73 
56080 1995 6 5 7171 7181 7147 110 138 92 103 79 66 49 13 17 28 60 16 32766 32766 7 
56080 1995 6 6 7174 7186 7153 113 189 59 99 77 39 6 42 15 10 53 15 32766 32766 72 
56080 1995 6 7 7194 7201 7168 101 140 65 86 71 48 10 35 22 13 83 2 32766 32766 52 
56080 1995 6 8 7172 7196 7143 97 187 15 70 64 34 32700 62 28 8 110 1 32766 32766 105 
56080 1995 6 9 7168 7192 7148 95 167 22 66 61 25 32700 58 39 13 70 3 32766 32766 77 
56080 1995 6 10 7166 7187 7141 107 197 1 53 48 18 32700 83 44 13 53 5 32766 32766 110 
56080 1995 6 11 7154 7173 7127 123 222 20 59 47 17 0 88 47 15 70 4 32766 32766 113 
56080 1995 6 12 7144 7154 7124 138 216 61 88 59 27 32700 71 40 10 87 5 32766 32766 77 
56080 1995 6 13 7156 7167 7139 98 160 70 87 72 45 9 34 32 30 70 16 32766 32766 0 
56080 1995 6 14 7158 7172 7144 122 203 34 81 63 34 5 68 31 15 63 7 32766 32766 73 
56080 1995 6 15 7143 7161 7125 105 165 75 89 71 33 4 36 15 13 73 16 32766 32766 34 
56080 1995 6 16 7157 7167 7136 107 158 52 66 55 22 2 68 50 15 117 14 32766 32766 102 
56080 1995 6 17 7148 7167 7121 100 198 -15 45 45 13 0 87 47 20 90 16 32766 32766 134 
56080 1995 6 18 7131 7147 7112 121 230 14 57 48 20 0 84 46 23 60 16 32766 32766 103 
56080 1995 6 19 7121 7139 7092 115 220 47 75 61 18 4 56 35 33 77 16 32766 32766 49 
56080 1995 6 20 7138 7157 7112 122 200 43 81 63 30 75 79 36 15 90 16 32766 32766 113 
56080 1995 6 21 7147 7165 7117 97 170 69 87 73 36 54 26 23 20 53 16 32766 32766 0 
56080 1995 6 22 7142 7171 7105 118 216 18 87 66 29 32700 69 33 13 53 3 32766 32766 100 
56080 1995 6 23 7125 7133 7113 154 218 106 102 60 41 32700 67 32 13 50 5 32766 32766 66 
56080 1995 6 24 7156 7185 7124 121 179 57 90 66 45 67 27 30 18 80 16 32766 32766 0 
56080 1995 6 25 7174 7195 7163 92 149 56 87 76 49 1 29 20 10 47 15 32766 32766 31 
56080 1995 6 26 7178 7190 7170 99 182 31 81 73 28 1 51 22 13 80 14 32766 32766 63 
56080 1995 6 27 7165 7186 7132 129 226 17 81 61 26 0 78 39 20 47 3 32766 32766 124 
56080 1995 6 28 7147 7156 7130 98 198 55 89 74 37 13 33 30 33 87 16 32766 32766 33 
56080 1995 6 29 7155 7172 7122 103 181 46 88 73 44 73 53 39 3 140 1 32766 32766 76 
56080 1995 6 30 7152 7164 7133 109 190 26 75 64 33 32700 55 33 8 60 4 32766 32766 79 
56080 1995 7 1 7161 7171 7142 85 154 48 80 72 34 22 25 23 13 43 4 32766 32766 10 
56080 1995 7 2 7163 7172 7146 83 170 24 82 77 39 27 47 27 20 63 11 32766 32766 71 
56080 1995 7 3 7167 7179 7152 115 192 30 79 64 36 0 66 32 10 77 6 32766 32766 117 
56080 1995 7 4 7174 7189 7150 112 207 28 74 60 25 0 77 40 20 87 14 32766 32766 90 
56080 1995 7 5 7168 7179 7149 108 199 41 82 68 25 2 51 38 13 97 13 32766 32766 39 
56080 1995 7 6 7147 7173 7121 126 201 54 97 70 34 6 58 28 5 77 10 32766 32766 73 
56080 1995 7 7 7149 7160 7132 136 234 36 72 54 23 0 90 52 15 60 9 32766 32766 119 
56080 1995 7 8 7155 7176 7130 143 240 30 71 49 18 0 94 36 23 40 9 32766 32766 111 
56080 1995 7 9 7135 7141 7123 135 203 88 101 67 29 5 32 15 5 63 1 32766 32766 9 
56080 1995 7 10 7130 7150 7102 125 242 27 81 64 25 0 73 35 15 57 3 32766 32766 95 
56080 1995 7 11 7109 7121 7093 134 230 46 98 66 34 0 72 32 13 80 16 32766 32766 109 
56080 1995 7 12 7130 7140 7115 128 161 99 112 77 61 90 24 19 23 50 16 32766 32766 4 
56080 1995 7 13 7136 7150 7128 133 166 110 121 79 60 17 26 11 15 80 16 32766 32766 4 
56080 1995 7 14 7159 7162 7145 108 140 94 114 88 73 104 10 5 8 60 15 32766 32766 2 
56080 1995 7 15 7159 7174 7139 128 204 63 100 72 41 0 58 20 10 50 4 32766 32766 73 
56080 1995 7 16 7147 7161 7124 121 180 87 115 82 47 43 26 26 20 70 16 32766 32766 25 
56080 1995 7 17 7157 7167 7136 115 182 78 107 81 52 148 38 21 3 57 16 32766 32766 53 
56080 1995 7 18 7165 7176 7147 119 213 43 99 74 27 6 63 31 10 100 16 32766 32766 106 
56080 1995 7 19 7163 7178 7144 143 217 68 106 69 32 1 62 31 5 63 8 32766 32766 98 
56080 1995 7 20 7143 7163 7114 161 268 56 98 61 24 0 84 39 0 70 8 32766 32766 112 
56080 1995 7 21 7141 7152 7121 162 250 80 125 70 40 328 32766 32766 23 83 16 32766 32766 82 
56080 1995 7 22 7168 7178 7141 105 167 69 106 83 71 9 17 30 18 60 16 32766 32766 0 
56080 1995 7 23 7166 7180 7141 126 225 63 107 77 28 20 67 26 10 50 2 32766 32766 82 
56080 1995 7 24 7167 7184 7150 137 194 93 113 74 41 128 62 36 8 83 14 32766 32766 81 
56080 1995 7 25 7136 7168 7102 144 255 46 109 71 26 0 72 32 13 40 8 32766 32766 123 
56080 1995 7 26 7125 7133 7106 185 268 124 143 69 36 0 75 35 10 47 16 32766 32766 99 
56080 1995 7 27 7142 7154 7120 183 233 148 154 75 55 0 50 34 15 70 15 32766 32766 42 
56080 1995 7 28 7152 7164 7129 154 209 121 147 84 61 144 41 30 15 63 16 32766 32766 15 
56080 1995 7 29 7161 7167 7144 118 152 106 118 86 77 178 15 17 33 60 16 32766 32766 0 
56080 1995 7 30 7163 7180 7141 114 144 95 117 87 77 25 20 17 13 50 15 32766 32766 0 
56080 1995 7 31 7164 7170 7151 105 122 94 114 90 81 21 7 8 23 60 16 32766 32766 0 
56080 1995 8 1 7170 7178 7162 101 117 91 115 94 84 54 0 0 15 43 16 32766 32766 0 
56080 1995 8 2 7176 7187 7153 112 180 77 102 78 42 132 52 18 10 47 1 32766 32766 61 
56080 1995 8 3 7164 7172 7145 124 212 53 97 72 33 0 56 29 13 70 9 32766 32766 95 
56080 1995 8 4 7162 7173 7142 121 230 58 99 75 30 16 61 36 18 93 3 32766 32766 86 
56080 1995 8 5 7167 7181 7150 137 200 83 114 74 46 295 57 36 18 83 16 32766 32766 73 
56080 1995 8 6 7170 7183 7152 144 237 54 106 69 28 32700 65 30 0 27 13 32766 32766 114 
56080 1995 8 7 7151 7166 7133 151 238 78 122 75 29 0 61 33 15 37 9 32766 32766 103 
56080 1995 8 8 7132 7146 7114 160 231 107 131 75 49 0 55 35 15 60 4 32766 32766 73 
56080 1995 8 9 7141 7148 7124 155 205 119 142 81 62 48 47 22 5 50 3 32766 32766 4 
56080 1995 8 10 7167 7195 7141 135 176 85 143 92 70 189 31 28 15 117 16 32766 32766 0 
56080 1995 8 11 7210 7226 7191 103 155 68 92 75 44 126 43 32 18 53 9 32766 32766 38 
56080 1995 8 12 7180 7204 7150 111 195 27 86 70 29 32700 53 30 15 103 14 32766 32766 93 
56080 1995 8 13 7178 7191 7161 111 162 71 94 74 46 81 46 27 10 67 6 32766 32766 65 
56080 1995 8 14 7179 7189 7159 97 135 69 96 80 57 10 20 21 5 40 16 32766 32766 18 
56080 1995 8 15 7159 7168 7144 111 170 74 104 80 49 103 34 19 18 40 16 32766 32766 23 
56080 1995 8 16 7184 7200 7168 126 209 45 89 67 22 0 70 36 5 63 14 32766 32766 121 
56080 1995 8 17 7190 7199 7174 120 206 36 80 63 19 0 67 39 13 50 2 32766 32766 117 
56080 1995 8 18 7187 7204 7165 130 195 88 103 72 39 32700 49 28 13 60 6 32766 32766 79 
56080 1995 8 19 7177 7197 7159 115 202 35 93 71 35 16 48 28 10 110 16 32766 32766 106 
56080 1995 8 20 7189 7204 7163 106 180 47 96 77 46 86 33 25 5 70 4 32766 32766 69 
56080 1995 8 21 7184 7208 7162 104 185 40 94 77 39 41 46 27 5 97 10 32766 32766 82 
56080 1995 8 22 7183 7199 7163 120 218 28 85 67 34 0 61 20 5 83 10 32766 32766 122 
56080 1995 8 23 7193 7211 7166 93 160 81 100 85 48 37 15 9 28 67 15 32766 32766 13 
56080 1995 8 24 7218 7235 7200 113 194 69 96 74 33 26 60 25 5 53 7 32766 32766 109 
56080 1995 8 25 7208 7218 7188 109 180 39 99 77 46 62 46 26 8 57 11 32766 32766 78 
56080 1995 8 26 7199 7211 7178 124 211 47 92 68 22 0 66 34 3 53 4 32766 32766 122 
56080 1995 8 27 7187 7206 7160 105 195 35 97 80 41 63 41 26 13 53 4 32766 32766 61 
56080 1995 8 28 7168 7184 7159 101 130 82 104 85 69 225 30 21 33 57 16 32766 32766 5 
56080 1995 8 29 7166 7183 7146 107 197 49 104 81 45 0 37 20 5 37 6 32766 32766 62 
56080 1995 8 30 7133 7158 7105 148 202 111 138 83 58 7 34 18 10 37 16 32766 32766 44 
56080 1995 8 31 7130 7138 7116 167 229 115 156 84 43 71 49 14 13 33 6 32766 32766 76 
56080 1995 9 1 7152 7159 7135 172 233 145 161 83 55 47 58 26 8 50 16 32766 32766 85 
56080 1995 9 2 7150 7170 7126 175 281 134 153 79 39 0 72 35 18 53 16 32766 32766 106 
56080 1995 9 3 7154 7170 7131 180 250 141 155 77 46 0 68 43 20 60 16 32766 32766 89 
56080 1995 9 4 7136 7162 7107 187 273 146 161 77 35 0 73 43 10 60 16 32766 32766 99 
56080 1995 9 5 7115 7132 7091 191 280 138 166 78 27 0 83 45 15 57 16 32766 32766 116 
56080 1995 9 6 7123 7134 7097 169 246 141 147 78 42 0 58 44 13 67 1 32766 32766 99 
56080 1995 9 7 7174 7190 7136 88 142 77 99 88 80 143 32 46 35 67 16 32766 32766 0 
56080 1995 9 8 7210 7226 7177 83 106 66 98 89 80 65 12 17 8 43 16 32766 32766 0 
56080 1995 9 9 7223 7241 7202 92 130 57 87 76 59 44 31 23 8 47 9 32766 32766 15 
56080 1995 9 10 7215 7229 7198 96 128 73 85 72 55 0 35 30 23 50 9 32766 32766 22 
56080 1995 9 11 7201 7218 7179 100 168 56 96 80 46 3 41 26 8 37 15 32766 32766 91 
56080 1995 9 12 7209 7220 7179 104 142 80 100 81 61 67 28 21 8 47 8 32766 32766 29 
56080 1995 9 13 7210 7230 7183 99 158 45 95 80 48 42 29 16 20 60 4 32766 32766 46 
56080 1995 9 14 7190 7202 7172 91 140 67 96 83 60 31 18 21 3 37 5 32766 32766 10 
56080 1995 9 15 7206 7217 7178 82 117 62 87 80 68 32700 26 24 23 57 16 32766 32766 5 
56080 1995 9 16 7203 7226 7177 104 170 62 91 74 43 0 43 25 13 57 6 32766 32766 96 
56080 1995 9 17 7208 7220 7194 100 138 79 90 74 52 32700 38 22 33 63 16 32766 32766 35 
56080 1995 9 18 7213 7220 7203 71 107 55 88 86 63 49 8 10 25 53 16 32766 32766 2 
56080 1995 9 19 7216 7227 7199 75 142 32 71 72 36 0 50 26 10 43 16 32766 32766 93 
56080 1995 9 20 7207 7220 7186 67 165 -10 65 71 24 0 44 28 10 57 3 32766 32766 110 
56080 1995 9 21 7209 7220 7187 72 160 -2 60 66 28 0 42 28 5 47 13 32766 32766 90 
56080 1995 9 22 7212 7226 7183 68 165 -4 66 72 33 32700 52 30 8 90 13 32766 32766 100 
56080 1995 9 23 7212 7232 7188 54 132 -9 71 80 49 32700 34 23 13 70 16 32766 32766 68 
56080 1995 9 24 7185 7214 7164 74 165 1 59 65 10 4 54 31 13 90 16 32766 32766 92 
56080 1995 9 25 7183 7191 7166 56 148 -18 61 71 31 0 40 24 18 60 16 32766 32766 99 
56080 1995 9 26 7192 7203 7172 87 172 38 68 64 26 0 49 28 13 63 12 32766 32766 104 
56080 1995 9 27 7195 7207 7173 78 194 -7 64 67 12 0 51 25 15 50 16 32766 32766 104 
56080 1995 9 28 7201 7213 7181 76 162 2 71 72 35 3 41 23 3 93 1 32766 32766 92 
56080 1995 9 29 7172 7202 7133 89 211 -3 71 68 21 0 54 29 5 40 9 32766 32766 108 
56080 1995 9 30 7148 7167 7116 83 143 41 87 81 53 22 21 14 8 93 16 32766 32766 28 
56080 1995 10 1 7196 7203 7167 80 151 52 77 76 40 0 35 32766 10 67 16 32766 32766 47 
56080 1995 10 2 7221 7233 7205 39 94 3 71 88 52 84 15 32766 15 70 16 32766 32766 34 
56080 1995 10 3 7220 7236 7192 67 127 25 65 69 40 32700 38 32766 15 53 5 32766 32766 98 
56080 1995 10 4 7198 7211 7189 48 80 27 68 79 55 39 16 32766 33 63 16 32766 32766 4 
56080 1995 10 5 7195 7216 7179 26 49 9 65 88 78 13 7 32766 20 40 16 32766 32766 0 
56080 1995 10 6 7209 7220 7193 47 90 23 67 79 56 32700 23 32766 13 40 16 32766 32766 10 
56080 1995 10 7 7219 7229 7204 50 96 30 71 82 57 26 20 32766 5 40 1 32766 32766 52 
56080 1995 10 8 7231 7244 7212 54 116 18 60 70 31 0 31 32766 10 50 9 32766 32766 81 
56080 1995 10 9 7217 7244 7191 40 138 -26 50 67 24 0 35 32766 3 40 1 32766 32766 97 
56080 1995 10 10 7199 7220 7170 49 160 -27 42 57 15 0 38 32766 8 40 9 32766 32766 104 
56080 1995 10 11 7184 7198 7153 53 145 -26 60 71 31 0 29 32766 13 53 9 32766 32766 83 
56080 1995 10 12 7171 7182 7142 64 164 -14 73 79 38 36 38 32766 5 100 16 32766 32766 85 
56080 1995 10 13 7194 7212 7166 67 147 16 66 72 24 71 44 32766 13 80 13 32766 32766 97 
56080 1995 10 14 7184 7203 7159 67 158 -16 45 51 10 0 45 32766 25 70 13 32766 32766 91 
56080 1995 10 15 7185 7201 7163 67 165 2 54 61 21 0 41 32766 8 40 10 32766 32766 79 
56080 1995 10 16 7185 7203 7161 48 126 -8 60 72 35 0 35 32766 20 83 16 32766 32766 93 
56080 1995 10 17 7194 7213 7163 70 148 35 65 67 31 0 42 32766 23 60 5 32766 32766 65 
56080 1995 10 18 7153 7190 7125 54 83 22 76 85 63 13 9 32766 3 23 15 32766 32766 0 
56080 1995 10 19 7145 7155 7125 68 125 42 78 80 55 45 31 32766 13 70 16 32766 32766 65 
56080 1995 10 20 7156 7166 7131 74 131 43 77 77 52 32700 33 32766 10 57 15 32766 32766 61 
56080 1995 10 21 7173 7191 7144 71 133 35 75 76 47 5 31 32766 15 63 5 32766 32766 36 
56080 1995 10 22 7199 7217 7164 -1 63 -21 55 90 82 113 10 32766 38 80 14 32766 32766 0 
56080 1995 10 23 7250 7267 7216 -13 26 -42 44 79 64 5 18 32766 13 40 16 32766 32766 15 
56080 1995 10 24 7253 7278 7223 -9 34 -33 45 81 54 2 11 32766 3 43 15 32766 32766 21 
56080 1995 10 25 7220 7251 7188 6 60 -36 47 75 53 6 25 32766 10 43 16 32766 32766 68 
56080 1995 10 26 7203 7223 7177 16 80 -32 48 72 28 0 23 32766 10 83 13 32766 32766 81 
56080 1995 10 27 7197 7240 7149 14 136 -62 40 64 23 0 27 32766 8 23 7 32766 32766 91 
56080 1995 10 28 7199 7212 7162 24 137 -41 43 66 17 0 30 32766 8 63 15 32766 32766 95 
56080 1995 10 29 7195 7210 7163 27 124 -20 45 66 13 0 26 32766 0 40 16 32766 32766 69 
56080 1995 10 30 7203 7225 7180 20 88 -21 38 59 10 0 30 32766 10 67 1 32766 32766 79 
56080 1995 10 31 7194 7210 7161 7 100 -63 36 62 18 0 22 32766 0 43 3 32766 32766 81 
56080 1995 11 1 7188 7199 7161 8 73 -35 45 72 50 0 12 32766 5 50 15 32766 32766 23 
56080 1995 11 2 7201 7209 7183 13 62 -14 48 72 54 32700 12 32766 5 40 16 32766 32766 0 
56080 1995 11 3 7213 7228 7187 20 90 -24 45 66 24 0 25 32766 0 40 16 32766 32766 77 
56080 1995 11 4 7215 7229 7189 7 84 -44 44 71 32 32700 20 32766 8 37 1 32766 32766 50 
56080 1995 11 5 7200 7221 7178 21 103 -35 39 61 20 32700 28 32766 3 60 11 32766 32766 79 
56080 1995 11 6 7202 7217 7173 6 107 -70 28 53 11 0 41 32766 13 100 13 32766 32766 96 
56080 1995 11 7 7248 7276 7217 -16 104 -91 25 53 13 0 26 32766 3 30 3 32766 32766 90 
56080 1995 11 8 7205 7227 7177 -2 120 -81 30 57 21 0 22 32766 0 47 1 32766 32766 73 
56080 1995 11 9 7235 7251 7206 0 115 -75 31 57 17 0 25 32766 8 50 2 32766 32766 90 
56080 1995 11 10 7216 7254 7175 -2 82 -67 30 54 27 0 14 32766 5 30 8 32766 32766 26 
56080 1995 11 11 7169 7188 7147 13 102 -51 29 50 12 0 37 32766 10 67 16 32766 32766 93 
56080 1995 11 12 7170 7187 7151 -10 76 -62 31 58 23 0 21 32766 0 47 16 32766 32766 55 
56080 1995 11 13 7225 7243 7187 -30 68 -92 27 61 16 0 19 32766 8 30 7 32766 32766 89 
56080 1995 11 14 7198 7231 7171 -35 89 -118 22 55 12 0 20 32766 3 33 2 32766 32766 82 
56080 1995 11 15 7175 7190 7149 -25 98 -103 20 50 2 0 23 32766 5 60 16 32766 32766 88 
56080 1995 11 16 7155 7178 7125 -11 124 -104 26 53 11 0 24 32766 0 37 10 32766 32766 73 
56080 1995 11 17 7165 7195 7145 -14 64 -55 33 63 35 0 26 32766 28 90 16 32766 32766 73 
56080 1995 11 18 7212 7230 7195 -53 -9 -87 31 76 59 22 16 32766 20 60 16 32766 32766 29 
56080 1995 11 19 7208 7240 7177 -64 7 -112 27 72 30 2 15 32766 0 50 16 32766 32766 68 
56080 1995 11 20 7170 7189 7145 -52 23 -103 26 66 30 0 15 32766 0 30 11 32766 32766 74 
56080 1995 11 21 7155 7173 7126 -51 45 -114 25 65 24 0 19 32766 8 73 16 32766 32766 64 
56080 1995 11 22 7190 7201 7165 -60 12 -113 19 55 18 1 16 32766 13 67 16 32766 32766 66 
56080 1995 11 23 7233 7261 7202 -71 34 -136 14 47 7 0 15 32766 5 37 10 32766 32766 89 
56080 1995 11 24 7165 7216 7120 -63 65 -145 18 52 17 0 17 32766 3 37 16 32766 32766 88 
56080 1995 11 25 7141 7150 7116 -52 43 -123 22 57 26 0 12 32766 10 33 16 32766 32766 68 
56080 1995 11 26 7155 7168 7133 -46 46 -110 19 52 14 0 17 32766 3 33 16 32766 32766 85 
56080 1995 11 27 7127 7150 7094 -48 83 -128 23 57 18 0 17 32766 3 40 16 32766 32766 81 
56080 1995 11 28 7118 7136 7090 -41 111 -138 21 54 10 0 19 32766 5 37 8 32766 32766 86 
56080 1995 11 29 7141 7162 7111 -52 68 -115 24 63 24 0 15 32766 10 70 16 32766 32766 80 
56080 1995 11 30 7178 7188 7162 -50 -22 -64 29 69 52 32700 10 32766 8 47 16 32766 32766 0 
56080 1995 12 1 7171 7196 7143 -52 5 -70 32 77 55 3 10 32766 10 53 16 32766 32766 9 
56080 1995 12 2 7170 7181 7155 -62 -6 -85 29 77 48 7 11 32766 3 40 15 32766 32766 53 
56080 1995 12 3 7167 7177 7134 -60 30 -122 25 66 24 0 10 32766 0 47 15 32766 32766 69 
56080 1995 12 4 7174 7184 7148 -57 32 -124 20 56 14 0 20 32766 13 57 16 32766 32766 78 
56080 1995 12 5 7197 7210 7177 -80 2 -136 17 54 17 0 12 32766 0 40 16 32766 32766 70 
56080 1995 12 6 7180 7203 7147 -99 12 -175 12 49 10 0 15 32766 0 53 1 32766 32766 82 
56080 1995 12 7 7184 7200 7156 -91 10 -171 13 46 16 0 9 32766 0 17 16 32766 32766 70 
56080 1995 12 8 7142 7183 7097 -66 84 -167 15 47 9 0 15 32766 0 27 15 32766 32766 84 
56080 1995 12 9 7106 7132 7069 -29 130 -135 20 45 9 0 19 32766 8 50 9 32766 32766 82 
56080 1995 12 10 7135 7158 7083 -66 25 -109 25 68 28 32700 11 32766 23 53 15 32766 32766 0 
56080 1995 12 11 7142 7167 7106 -49 56 -113 24 58 25 0 12 32766 8 43 9 32766 32766 66 
56080 1995 12 12 7107 7127 7081 -42 52 -116 25 60 33 0 13 32766 0 57 16 32766 32766 49 
56080 1995 12 13 7114 7147 7049 -41 90 -86 26 60 0 32700 20 32766 20 100 14 32766 32766 56 
56080 1995 12 14 7125 7140 7112 -74 -21 -116 23 66 30 0 7 32766 0 43 9 32766 32766 0 
56080 1995 12 15 7111 7140 7083 -76 -22 -101 23 66 47 0 6 32766 23 70 16 32766 32766 4 
56080 1995 12 16 7149 7158 7120 -123 -38 -183 17 73 50 2 10 32766 8 97 16 32766 32766 62 
56080 1995 12 17 7164 7176 7142 -112 5 -181 14 59 25 0 9 32766 3 43 16 32766 32766 76 
56080 1995 12 18 7165 7184 7136 -81 26 -166 16 52 18 0 15 32766 3 60 1 32766 32766 81 
56080 1995 12 19 7182 7194 7161 -93 3 -157 13 48 11 0 11 32766 0 37 8 32766 32766 58 
56080 1995 12 20 7169 7186 7146 -93 17 -157 15 51 26 0 14 32766 3 50 1 32766 32766 84 
56080 1995 12 21 7176 7186 7159 -80 14 -148 16 52 23 0 12 32766 3 60 16 32766 32766 75 
56080 1995 12 22 7177 7197 7149 -72 -17 -120 22 62 47 32700 10 32766 3 37 16 32766 32766 35 
56080 1995 12 23 7186 7197 7166 -94 -37 -151 20 68 46 2 10 32766 3 43 16 32766 32766 17 
56080 1995 12 24 7175 7203 7143 -80 -6 -125 23 70 43 3 9 32766 3 30 6 32766 32766 66 
56080 1995 12 25 7185 7203 7158 -81 21 -155 14 50 7 0 15 32766 10 50 13 32766 32766 78 
56080 1995 12 26 7189 7207 7165 -113 -34 -176 13 51 25 0 12 32766 15 60 16 32766 32766 12 
56080 1995 12 27 7224 7243 7201 -116 -4 -184 12 52 7 0 11 32766 5 37 1 32766 32766 76 
56080 1995 12 28 7221 7244 7198 -119 26 -208 7 31 5 0 14 32766 3 30 14 32766 32766 77 
56080 1995 12 29 7197 7212 7170 -115 34 -207 7 28 7 0 12 32766 3 20 4 32766 32766 80 
56080 1995 12 30 7190 7201 7170 -118 5 -207 8 33 15 0 17 32766 0 63 16 32766 32766 83 
56080 1995 12 31 7185 7206 7150 -103 42 -204 6 24 3 0 19 32766 0 60 10 32766 32766 82 
56080 1996 1 1 7164 7179 7147 -100 11 -193 8 31 10 0 15 32766 5 67 16 32766 32766 53 
56080 1996 1 2 7187 7201 7168 -104 24 -192 10 39 13 0 15 32766 3 43 2 32766 32766 81 
56080 1996 1 3 7150 7184 7101 -80 74 -191 11 30 12 0 21 32766 8 80 10 32766 32766 84 
