V01000 V04001 V04002 V04003 V10004 V10201 V10202 V12001 V12052 V12053 V13004 V13003 V13007 V13201 V13241 V13242 V11002 V11042 V11212 V11041 V11043 V14032
54161 1983 1 4 9979 9993 9938 -87 -23 -123 24 75 48 0 6 32766 40 143 11 32766 32766 70 
54161 1983 1 5 9943 9993 9913 -110 -55 -158 19 74 48 0 4 32766 23 37 7 32766 32766 59 
54161 1983 1 6 9925 9967 9892 -72 -25 -140 28 75 63 2 9 32766 78 120 11 32766 32766 59 
54161 1983 1 7 9975 9995 9951 -183 -137 -216 8 58 52 0 3 32766 38 50 13 32766 32766 0 
54161 1983 1 8 9996 10021 9966 -239 -191 -275 5 61 44 0 1 32766 35 60 12 32766 32766 70 
54161 1983 1 9 10031 10048 10015 -238 -187 -290 5 57 43 0 2 32766 33 47 11 32766 32766 68 
54161 1983 1 10 10035 10052 10024 -202 -134 -266 8 58 45 0 4 32766 53 87 12 32766 32766 70 
54161 1983 1 11 9970 10024 9958 -161 -120 -188 11 61 48 0 6 32766 60 90 12 32766 32766 70 
54161 1983 1 12 9927 9960 9915 -151 -96 -186 12 62 52 0 5 32766 58 70 12 32766 32766 68 
54161 1983 1 13 9914 9924 9909 -143 -87 -197 14 70 58 0 5 32766 58 90 12 32766 32766 71 
54161 1983 1 14 9950 9990 9902 -124 -74 -178 16 65 54 0 7 32766 60 83 11 32766 32766 75 
54161 1983 1 15 9995 10006 9981 -115 -58 -165 17 64 47 0 6 32766 38 63 11 32766 32766 60 
54161 1983 1 16 9978 10001 9965 -96 -40 -128 19 64 54 4 7 32766 23 43 2 32766 32766 9 
54161 1983 1 17 10027 10034 10001 -169 -106 -219 10 64 45 32700 4 32766 13 50 2 32766 32766 57 
54161 1983 1 18 10013 10024 10007 -172 -121 -205 11 67 50 32700 2 32766 20 37 15 32766 32766 65 
54161 1983 1 19 10017 10033 10003 -196 -151 -233 9 70 51 0 2 32766 20 37 14 32766 32766 53 
54161 1983 1 20 10029 10043 10019 -205 -158 -234 8 64 48 0 3 32766 45 70 11 32766 32766 70 
54161 1983 1 21 10065 10079 10043 -217 -158 -265 7 61 45 0 3 32766 20 37 15 32766 32766 63 
54161 1983 1 22 10035 10081 9994 -158 -89 -216 10 53 38 0 7 32766 60 90 12 32766 32766 73 
54161 1983 1 23 9950 9994 9919 -93 -47 -127 18 60 42 0 11 32766 63 117 11 32766 32766 73 
54161 1983 1 24 9928 9982 9903 -60 12 -129 21 54 37 0 21 32766 90 150 12 32766 32766 31 
54161 1983 1 25 9953 9996 9904 -74 -20 -123 23 68 46 0 12 32766 45 100 11 32766 32766 76 
54161 1983 1 26 9976 10002 9957 -88 -2 -150 19 64 32 0 9 32766 33 50 11 32766 32766 77 
54161 1983 1 27 9921 9960 9892 -33 32 -82 21 43 34 0 26 32766 73 123 12 32766 32766 72 
54161 1983 1 28 9839 9893 9808 -11 46 -57 29 53 36 0 30 32766 93 150 11 32766 32766 70 
54161 1983 1 29 9920 9976 9823 -70 -13 -100 22 59 35 0 13 32766 50 73 16 32766 32766 74 
54161 1983 1 30 9972 9988 9951 -119 -54 -183 10 46 21 0 11 32766 30 60 13 32766 32766 77 
54161 1983 1 31 9923 9958 9887 -74 -2 -126 12 39 13 0 21 32766 63 110 11 32766 32766 66 
54161 1983 2 1 9967 9987 9925 -105 -53 -151 15 56 35 2 10 32766 33 57 16 32766 32766 61 
54161 1983 2 2 9940 9965 9924 -112 -44 -166 13 54 30 0 9 32766 25 43 12 32766 32766 70 
54161 1983 2 3 9901 9928 9885 -83 -14 -123 14 45 24 0 16 32766 50 130 12 32766 32766 71 
54161 1983 2 4 9865 9902 9843 -55 17 -116 21 53 28 0 13 32766 35 50 11 32766 32766 77 
54161 1983 2 5 9839 9857 9825 -53 -12 -84 33 79 55 3 2 32766 30 57 10 32766 32766 0 
54161 1983 2 6 9893 9920 9857 -114 -47 -167 17 64 36 2 6 32766 40 50 16 32766 32766 61 
54161 1983 2 7 9868 9924 9820 -122 -59 -171 13 56 35 0 9 32766 45 120 12 32766 32766 80 
54161 1983 2 8 9810 9843 9787 -147 -94 -177 10 55 39 0 8 32766 53 87 13 32766 32766 61 
54161 1983 2 9 9854 9884 9831 -161 -116 -197 8 47 23 0 7 32766 53 90 13 32766 32766 73 
54161 1983 2 10 9940 9966 9875 -204 -166 -244 6 47 28 0 5 32766 33 70 2 32766 32766 78 
54161 1983 2 11 9937 9966 9911 -198 -156 -225 8 65 37 3 3 32766 38 50 8 32766 32766 0 
54161 1983 2 12 9982 10002 9955 -227 -196 -256 7 66 44 0 2 32766 33 83 32766 32766 32766 61 
54161 1983 2 13 9993 10003 9982 -190 -127 -258 6 47 26 0 6 32766 28 53 12 32766 32766 83 
54161 1983 2 14 9939 9982 9911 -145 -85 -179 10 51 35 0 6 32766 40 70 2 32766 32766 0 
54161 1983 2 15 9939 9950 9923 -156 -97 -206 9 49 33 0 5 32766 10 47 2 32766 32766 65 
54161 1983 2 16 9917 9955 9885 -128 -75 -179 11 48 34 0 10 32766 45 63 32766 32766 32766 64 
54161 1983 2 17 9855 9885 9833 -152 -102 -169 15 80 46 11 11 32766 83 100 16 32766 32766 0 
54161 1983 2 18 9893 9918 9869 -176 -151 -194 12 77 73 9 8 32766 70 100 16 32766 32766 0 
54161 1983 2 19 9943 9963 9918 -164 -140 -183 13 79 71 10 4 32766 30 60 16 32766 32766 0 
54161 1983 2 20 9995 10016 9963 -170 -131 -212 12 71 54 7 7 32766 45 50 12 32766 32766 86 
54161 1983 2 21 10006 10018 9992 -144 -92 -201 12 63 49 0 7 32766 55 80 11 32766 32766 90 
54161 1983 2 22 9986 9998 9978 -82 -28 -127 21 62 51 0 14 32766 65 100 12 32766 32766 81 
54161 1983 2 23 9995 10010 9987 -103 -44 -153 17 62 42 0 11 32766 53 100 12 32766 32766 90 
54161 1983 2 24 9960 9988 9947 -102 -27 -169 15 53 39 0 12 32766 43 53 14 32766 32766 90 
54161 1983 2 25 9995 10006 9967 -91 -17 -167 16 55 32 0 14 32766 38 63 13 32766 32766 88 
54161 1983 2 26 10014 10027 10000 -65 27 -134 17 48 23 0 20 32766 50 32766 32766 32766 32766 91 
54161 1983 2 27 10005 10021 9993 -36 47 -90 24 54 26 0 25 32766 63 100 12 32766 32766 95 
54161 1983 2 28 9996 10007 9983 -15 59 -74 33 61 33 0 24 32766 45 67 11 32766 32766 69 
54161 1983 3 1 9955 9986 9933 11 64 -34 36 56 36 0 17 32766 25 32766 32766 32766 32766 70 
54161 1983 3 2 9903 9942 9884 -10 45 -52 33 59 38 0 22 32766 45 70 2 32766 32766 44 
54161 1983 3 3 9963 9982 9911 -52 -1 -95 19 47 26 0 28 32766 58 32766 32766 32766 32766 90 
54161 1983 3 4 9971 9994 9940 -50 42 -132 19 50 25 0 22 32766 35 57 13 32766 32766 99 
54161 1983 3 5 9894 9940 9885 -31 43 -107 16 39 9 0 33 32766 50 80 16 32766 32766 97 
54161 1983 3 6 9907 9934 9888 -45 18 -97 16 39 18 0 30 32766 40 110 16 32766 32766 88 
54161 1983 3 7 10014 10032 9934 -83 -21 -142 15 50 26 0 20 32766 43 80 16 32766 32766 96 
54161 1983 3 8 9979 10033 9938 -45 37 -113 14 34 12 0 31 32766 45 80 10 32766 32766 100 
54161 1983 3 9 9878 9940 9844 5 58 -43 30 49 29 0 50 32766 130 32766 32766 32766 32766 81 
54161 1983 3 10 9878 9896 9838 -57 19 -122 21 52 26 3 32 32766 45 32766 32766 32766 32766 87 
54161 1983 3 11 9922 9936 9880 -97 -52 -159 8 27 12 0 19 32766 25 70 15 32766 32766 96 
54161 1983 3 12 9948 9956 9936 -66 -8 -120 12 32 15 0 18 32766 20 53 32766 32766 32766 98 
54161 1983 3 13 9940 9954 9928 -58 -6 -114 18 47 26 0 20 32766 33 70 1 32766 32766 95 
54161 1983 3 14 9897 9930 9858 -44 17 -92 24 53 31 6 14 32766 43 77 1 32766 32766 46 
54161 1983 3 15 9939 9963 9903 -53 23 -128 25 65 30 0 13 32766 25 40 7 32766 32766 64 
54161 1983 3 16 9907 9931 9892 -41 -5 -67 37 81 49 11 3 32766 30 60 32766 32766 32766 0 
54161 1983 3 17 9850 9892 9831 -64 7 -139 18 46 21 0 21 32766 30 63 16 32766 32766 100 
54161 1983 3 18 9887 9912 9844 -27 46 -107 22 46 23 0 27 32766 40 32766 32766 32766 32766 102 
54161 1983 3 19 9849 9877 9829 46 124 -16 32 39 23 0 64 32766 80 32766 32766 32766 32766 0 
54161 1983 3 20 9846 9856 9822 57 118 10 40 46 22 0 71 32766 85 32766 32766 32766 32766 73 
54161 1983 3 21 9890 9911 9849 25 100 -57 38 54 31 0 34 32766 28 47 11 32766 32766 90 
54161 1983 3 22 9880 9902 9856 52 104 18 41 48 27 0 48 32766 43 32766 32766 32766 32766 74 
54161 1983 3 23 9923 9937 9902 8 65 -49 21 33 17 0 42 32766 40 32766 32766 32766 32766 107 
54161 1983 3 24 9935 9948 9923 7 76 -54 28 46 28 0 35 32766 40 60 1 32766 32766 71 
54161 1983 3 25 9943 9954 9936 20 81 -61 24 35 18 0 36 32766 18 50 32766 32766 32766 102 
54161 1983 3 26 9934 9950 9910 43 106 -22 23 29 18 0 40 32766 33 40 7 32766 32766 105 
54161 1983 3 27 9931 9943 9918 64 132 -7 23 25 13 0 54 32766 33 47 32766 32766 32766 100 
54161 1983 3 28 9943 9961 9932 68 143 6 22 24 9 0 82 32766 73 110 32766 32766 32766 101 
54161 1983 3 29 9953 9976 9921 81 153 -1 19 17 10 0 62 32766 38 63 32766 32766 32766 92 
54161 1983 3 30 9882 9924 9851 108 181 33 26 22 4 0 144 32766 110 170 11 32766 32766 103 
54161 1983 3 31 9828 9863 9802 108 174 50 34 27 11 0 144 32766 85 190 32766 32766 32766 26 
54161 1983 4 1 9774 9826 9737 94 170 52 49 45 23 2 95 32766 90 180 32766 32766 32766 77 
54161 1983 4 2 9751 9767 9733 3 56 -48 24 39 16 10 60 32766 125 150 32766 32766 32766 64 
54161 1983 4 3 9740 9750 9732 -3 42 -47 21 36 25 0 59 32766 98 150 32766 32766 32766 55 
54161 1983 4 4 9768 9780 9748 14 95 -54 19 31 15 0 63 32766 95 117 32766 32766 32766 98 
54161 1983 4 5 9739 9781 9718 102 179 15 43 34 17 0 134 32766 88 250 32766 32766 32766 45 
54161 1983 4 6 9772 9839 9715 65 138 1 60 63 41 8 48 32766 78 117 15 32766 32766 0 
54161 1983 4 7 9847 9858 9836 61 154 -25 33 43 11 0 73 32766 70 140 32766 32766 32766 103 
54161 1983 4 8 9806 9850 9773 99 172 41 66 53 10 17 73 32766 90 163 32766 32766 32766 40 
54161 1983 4 9 9863 9885 9783 75 118 36 79 76 40 1 25 32766 60 127 32766 32766 32766 0 
54161 1983 4 10 9837 9873 9811 49 114 -32 50 64 23 0 39 32766 30 70 15 32766 32766 71 
54161 1983 4 11 9823 9859 9782 86 168 -11 30 31 10 0 81 32766 43 77 32766 32766 32766 115 
54161 1983 4 12 9833 9862 9777 91 166 -25 24 22 6 0 80 32766 53 103 11 32766 32766 111 
54161 1983 4 13 9827 9837 9812 170 246 97 39 24 6 0 204 32766 98 180 32766 32766 32766 100 
54161 1983 4 14 9809 9838 9784 101 163 3 63 54 24 15 39 32766 40 107 15 32766 32766 0 
54161 1983 4 15 9798 9824 9782 40 100 -18 33 45 15 32700 78 32766 73 140 32766 32766 32766 102 
54161 1983 4 16 9783 9803 9755 111 204 15 28 25 7 0 174 32766 120 180 32766 32766 32766 114 
54161 1983 4 17 9804 9814 9775 161 218 110 41 24 11 0 269 32766 158 240 11 32766 32766 106 
54161 1983 4 18 9884 9912 9814 136 174 100 49 32 23 0 173 32766 103 250 32766 32766 32766 32 
54161 1983 4 19 9920 9939 9895 84 126 52 19 17 9 0 102 32766 63 87 15 32766 32766 107 
54161 1983 4 20 9879 9905 9859 87 174 -26 17 18 5 0 92 32766 53 87 13 32766 32766 118 
54161 1983 4 21 9769 9859 9720 137 194 84 29 18 8 0 205 32766 150 217 32766 32766 32766 58 
54161 1983 4 22 9688 9731 9660 68 123 34 49 53 12 76 98 32766 103 173 32766 32766 32766 49 
54161 1983 4 23 9711 9723 9697 133 210 45 42 32 7 0 170 32766 115 160 13 32766 32766 98 
54161 1983 4 24 9754 9779 9720 193 283 95 71 34 12 0 214 32766 123 203 32766 32766 32766 107 
54161 1983 4 25 9826 9841 9779 205 268 143 101 44 25 0 168 32766 85 170 32766 32766 32766 95 
54161 1983 4 26 9668 9843 9559 160 194 135 164 90 52 346 26 32766 60 93 7 32766 32766 0 
54161 1983 4 27 9739 9809 9558 130 174 83 87 61 28 33 100 32766 125 160 32766 32766 32766 91 
54161 1983 4 28 9756 9817 9686 146 214 93 102 62 47 32700 62 32766 30 60 32766 32766 32766 62 
54161 1983 4 29 9681 9714 9626 23 132 1 54 76 36 249 42 32766 138 190 32766 32766 32766 27 
54161 1983 4 30 9746 9773 9714 45 87 11 35 42 25 0 114 32766 153 213 32766 32766 32766 93 
54161 1983 5 1 9791 9813 9750 79 141 25 42 40 24 0 86 32766 95 130 14 32766 32766 111 
54161 1983 5 2 9834 9848 9813 142 230 49 61 43 10 0 171 32766 88 173 32766 32766 32766 127 
54161 1983 5 3 9824 9839 9797 190 269 123 87 43 13 0 200 32766 135 207 32766 32766 32766 120 
54161 1983 5 4 9889 9912 9813 146 193 74 60 37 23 0 133 32766 70 203 32766 32766 32766 117 
54161 1983 5 5 9883 9924 9845 143 209 64 70 42 28 0 67 32766 25 77 3 32766 32766 68 
54161 1983 5 6 9771 9853 9709 142 175 115 112 69 52 2 41 32766 33 53 1 32766 32766 46 
54161 1983 5 7 9686 9749 9645 81 136 64 97 89 67 102 8 32766 38 93 32766 32766 32766 0 
54161 1983 5 8 9807 9823 9749 117 176 59 92 70 40 32700 60 32766 45 67 15 32766 32766 122 
54161 1983 5 9 9773 9817 9725 160 246 74 79 47 22 0 141 32766 83 110 32766 32766 32766 98 
54161 1983 5 10 9752 9791 9706 175 210 149 133 67 40 30 96 32766 90 160 32766 32766 32766 37 
54161 1983 5 11 9845 9869 9791 115 153 95 122 91 76 286 28 32766 25 70 32766 32766 32766 0 
54161 1983 5 12 9809 9853 9784 123 148 99 141 99 94 340 11 32766 40 70 32766 32766 32766 0 
54161 1983 5 13 9842 9851 9813 104 157 60 92 74 47 32700 53 32766 45 100 32766 32766 32766 105 
54161 1983 5 14 9837 9852 9816 135 203 77 85 56 29 0 74 32766 65 117 32766 32766 32766 110 
54161 1983 5 15 9850 9875 9814 131 225 49 53 37 15 0 127 32766 75 133 32766 32766 32766 128 
54161 1983 5 16 9851 9866 9832 100 140 61 79 64 35 81 43 32766 53 120 32766 32766 32766 12 
54161 1983 5 17 9863 9885 9834 130 203 39 77 56 26 0 75 32766 40 73 32766 32766 32766 127 
54161 1983 5 18 9759 9839 9708 114 159 95 102 76 47 2 40 32766 80 180 11 32766 32766 9 
54161 1983 5 19 9747 9788 9717 144 212 54 69 47 17 27 111 32766 83 113 13 32766 32766 114 
54161 1983 5 20 9762 9806 9716 177 209 156 80 40 23 32700 140 32766 85 160 13 32766 32766 67 
54161 1983 5 21 9849 9864 9806 149 207 83 86 54 29 0 88 32766 48 57 3 32766 32766 128 
54161 1983 5 22 9870 9882 9855 183 240 105 92 47 26 0 74 32766 10 63 3 32766 32766 130 
54161 1983 5 23 9841 9864 9815 203 270 127 88 40 20 0 110 32766 38 50 32766 32766 32766 130 
54161 1983 5 24 9870 9890 9819 225 285 145 94 36 17 32700 117 32766 35 123 32766 32766 32766 117 
54161 1983 5 25 9874 9896 9844 238 317 132 82 31 13 0 178 32766 55 107 32766 32766 32766 112 
54161 1983 5 26 9794 9850 9763 195 248 169 129 57 28 32700 136 32766 113 177 32766 32766 32766 9 
54161 1983 5 27 9706 9763 9644 192 244 156 148 68 48 32700 130 32766 145 160 32766 32766 32766 58 
54161 1983 5 28 9697 9714 9670 216 286 161 134 58 11 10 162 32766 95 150 32766 32766 32766 117 
54161 1983 5 29 9702 9712 9673 238 302 165 139 52 21 0 117 32766 38 90 32766 32766 32766 122 
54161 1983 5 30 9691 9716 9660 242 305 180 153 53 31 0 127 32766 73 157 32766 32766 32766 109 
54161 1983 5 31 9747 9765 9666 196 257 140 72 32 23 0 192 32766 90 153 32766 32766 32766 141 
54161 1983 6 1 9769 9799 9728 203 273 100 98 44 20 0 92 32766 35 63 32766 32766 32766 97 
54161 1983 6 2 9774 9797 9720 206 263 136 111 49 25 8 119 32766 48 83 3 32766 32766 102 
54161 1983 6 3 9819 9833 9788 200 253 137 123 55 34 32700 92 32766 45 70 1 32766 32766 114 
54161 1983 6 4 9769 9822 9730 159 204 136 140 79 49 59 37 32766 28 57 32766 32766 32766 0 
54161 1983 6 5 9714 9730 9684 136 155 118 151 97 89 415 62 32766 45 87 13 32766 32766 0 
54161 1983 6 6 9731 9744 9716 140 194 103 122 77 45 189 68 32766 65 157 32766 32766 32766 88 
54161 1983 6 7 9732 9745 9719 169 237 102 112 60 40 6 62 32766 28 90 32766 32766 32766 70 
54161 1983 6 8 9737 9766 9722 152 191 130 135 79 61 18 64 32766 65 87 7 32766 32766 55 
54161 1983 6 9 9804 9822 9766 156 211 97 125 73 45 0 63 32766 35 80 32766 32766 32766 101 
54161 1983 6 10 9841 9855 9822 156 201 116 133 77 53 0 42 32766 13 40 32766 32766 32766 49 
54161 1983 6 11 9781 9844 9738 174 210 143 155 78 65 12 36 32766 60 130 32766 32766 32766 19 
54161 1983 6 12 9760 9775 9748 180 223 114 147 73 50 0 81 32766 40 100 32766 32766 32766 121 
54161 1983 6 13 9766 9776 9757 197 260 120 130 60 36 0 77 32766 23 53 14 32766 32766 120 
54161 1983 6 14 9754 9782 9731 202 250 148 147 63 48 0 86 32766 40 60 32766 32766 32766 119 
54161 1983 6 15 9774 9786 9754 220 297 161 173 67 44 32700 95 32766 50 93 32766 32766 32766 75 
54161 1983 6 16 9764 9790 9734 221 295 164 180 69 44 20 115 32766 53 120 32766 32766 32766 88 
54161 1983 6 17 9755 9774 9728 210 266 165 182 74 52 2 84 32766 58 130 32766 32766 32766 58 
54161 1983 6 18 9773 9800 9750 197 255 146 165 72 49 2 114 32766 68 150 32766 32766 32766 130 
54161 1983 6 19 9831 9845 9800 205 267 125 156 67 45 0 75 32766 20 40 32766 32766 32766 123 
54161 1983 6 20 9800 9823 9779 202 248 163 183 79 56 25 57 32766 48 120 32766 32766 32766 43 
54161 1983 6 21 9818 9825 9794 192 241 147 168 77 51 0 60 32766 33 40 32766 32766 32766 103 
54161 1983 6 22 9826 9836 9810 229 292 168 164 61 38 0 83 32766 18 50 32766 32766 32766 116 
54161 1983 6 23 9825 9846 9812 199 253 160 148 63 43 39 67 32766 25 73 32766 32766 32766 62 
54161 1983 6 24 9853 9867 9837 195 253 116 132 61 38 0 83 32766 25 32766 32766 32766 32766 138 
54161 1983 6 25 9800 9841 9763 225 278 140 143 54 36 0 82 32766 23 67 32766 32766 32766 116 
54161 1983 6 26 9757 9769 9747 194 235 157 147 65 43 0 87 32766 43 77 32766 32766 32766 104 
54161 1983 6 27 9740 9766 9723 215 282 122 124 50 32 0 94 32766 38 57 32766 32766 32766 97 
54161 1983 6 28 9750 9762 9731 223 287 182 183 70 42 18 88 32766 48 70 32766 32766 32766 86 
54161 1983 6 29 9784 9794 9762 186 217 161 191 89 74 53 23 32766 23 50 32766 32766 32766 3 
54161 1983 6 30 9791 9798 9781 196 230 155 194 86 71 32700 24 32766 10 37 32766 32766 32766 0 
54161 1983 7 1 9783 9798 9766 217 272 166 207 81 55 0 57 32766 23 50 32766 32766 32766 53 
54161 1983 7 2 9709 9766 9671 232 276 206 215 77 59 6 44 32766 25 60 32766 32766 32766 46 
54161 1983 7 3 9647 9671 9639 165 220 140 167 89 76 39 11 32766 43 53 32766 32766 32766 0 
54161 1983 7 4 9685 9713 9653 181 217 156 174 83 70 12 34 32766 35 50 32766 32766 32766 0 
54161 1983 7 5 9732 9746 9713 184 229 145 172 82 65 14 49 32766 50 60 32766 32766 32766 21 
54161 1983 7 6 9757 9767 9745 203 252 140 172 74 53 0 69 32766 43 67 32766 32766 32766 122 
54161 1983 7 7 9753 9764 9745 216 264 156 188 74 52 40 56 32766 23 60 32766 32766 32766 62 
54161 1983 7 8 9757 9773 9744 211 249 171 211 84 69 13 29 32766 25 47 32766 32766 32766 37 
54161 1983 7 9 9803 9813 9773 221 283 169 213 82 51 32700 64 32766 25 30 32766 32766 32766 94 
54161 1983 7 10 9808 9820 9798 245 306 184 213 70 35 0 90 32766 43 60 32766 32766 32766 127 
54161 1983 7 11 9786 9810 9769 257 320 205 209 66 39 0 124 32766 68 100 32766 32766 32766 128 
54161 1983 7 12 9779 9795 9768 236 284 219 215 74 61 2 73 32766 60 100 32766 32766 32766 20 
54161 1983 7 13 9795 9816 9774 230 285 181 223 81 57 0 62 32766 35 70 32766 32766 32766 74 
54161 1983 7 14 9730 9775 9693 178 234 170 187 92 82 169 9 32766 75 120 32766 32766 32766 0 
54161 1983 7 15 9692 9697 9682 183 230 169 190 91 66 45 30 32766 70 110 32766 32766 32766 20 
54161 1983 7 16 9719 9731 9697 203 259 155 196 83 62 240 103 32766 55 32766 32766 32766 32766 103 
54161 1983 7 17 9757 9778 9731 211 251 175 206 83 65 124 58 32766 33 32766 32766 32766 32766 83 
54161 1983 7 18 9794 9799 9778 233 277 170 207 74 51 32700 60 32766 25 32766 32766 32766 32766 111 
54161 1983 7 19 9782 9799 9763 221 256 181 222 84 67 55 36 32766 23 32766 32766 32766 32766 17 
54161 1983 7 20 9714 9764 9703 196 240 163 197 88 66 121 48 32766 40 80 1 32766 32766 49 
54161 1983 7 21 9717 9728 9703 189 238 161 195 90 73 216 43 32766 30 80 32766 32766 32766 41 
54161 1983 7 22 9737 9749 9716 202 251 161 201 86 63 0 58 32766 40 53 13 32766 32766 110 
54161 1983 7 23 9748 9770 9715 192 225 166 208 93 80 106 17 32766 33 90 32766 32766 32766 25 
54161 1983 7 24 9784 9793 9770 225 277 166 225 84 60 32700 59 32766 18 33 9 32766 32766 117 
54161 1983 7 25 9750 9780 9737 242 290 195 237 80 59 0 78 32766 35 47 32766 32766 32766 126 
54161 1983 7 26 9744 9757 9738 240 295 203 251 84 71 81 82 32766 80 120 32766 32766 32766 32766 
54161 1983 7 27 9797 9815 9755 238 284 186 235 81 57 0 67 32766 20 47 12 32766 32766 134 
54161 1983 7 28 9760 9800 9721 255 307 215 276 85 64 7 67 32766 40 93 11 32766 32766 72 
54161 1983 7 29 9736 9759 9718 240 290 196 276 92 67 220 58 32766 43 110 32766 32766 32766 12 
54161 1983 7 30 9769 9782 9752 257 298 211 293 88 75 32700 52 32766 30 53 32766 32766 32766 45 
54161 1983 7 31 9804 9819 9782 233 269 208 232 82 59 0 64 32766 33 57 32766 32766 32766 116 
54161 1983 8 1 9802 9827 9775 229 277 169 223 81 62 0 44 32766 0 30 32766 32766 32766 40 
54161 1983 8 2 9759 9776 9748 238 278 188 260 88 72 62 53 32766 40 80 32766 32766 32766 94 
54161 1983 8 3 9759 9776 9742 264 302 221 296 86 72 0 68 32766 75 113 32766 32766 32766 71 
54161 1983 8 4 9803 9841 9776 231 272 204 269 95 77 129 32 32766 35 90 32766 32766 32766 11 
54161 1983 8 5 9839 9855 9825 170 215 146 186 95 81 138 10 32766 40 70 2 32766 32766 0 
54161 1983 8 6 9842 9849 9834 151 165 135 167 98 76 106 6 32766 15 32766 32766 32766 32766 0 
54161 1983 8 7 9863 9873 9847 190 244 127 176 81 63 0 60 32766 5 32766 32766 32766 32766 124 
54161 1983 8 8 9867 9874 9860 212 268 145 193 79 52 0 56 32766 8 32766 32766 32766 32766 125 
54161 1983 8 9 9856 9868 9842 242 295 176 245 81 58 0 62 32766 8 32766 32766 32766 32766 125 
54161 1983 8 10 9851 9857 9843 248 293 210 261 84 61 0 55 32766 13 32766 32766 32766 32766 112 
54161 1983 8 11 9860 9873 9845 255 306 203 265 82 57 0 63 32766 8 27 32766 32766 32766 98 
54161 1983 8 12 9837 9853 9817 256 294 215 272 84 66 0 78 32766 50 77 11 32766 32766 123 
54161 1983 8 13 9829 9835 9818 257 304 219 272 83 61 0 62 32766 30 50 11 32766 32766 97 
54161 1983 8 14 9828 9838 9815 268 313 213 275 79 57 0 63 32766 15 40 1 32766 32766 100 
54161 1983 8 15 9783 9820 9760 271 320 214 289 82 59 0 68 32766 18 53 32766 32766 32766 110 
54161 1983 8 16 9787 9803 9762 186 264 161 197 92 73 10 15 32766 30 57 16 32766 32766 12 
54161 1983 8 17 9812 9836 9792 184 242 119 155 75 48 0 59 32766 35 60 32766 32766 32766 125 
54161 1983 8 18 9862 9873 9836 203 250 118 144 62 43 0 73 32766 18 40 3 32766 32766 126 
54161 1983 8 19 9853 9871 9841 198 250 127 163 72 49 0 53 32766 33 40 5 32766 32766 89 
54161 1983 8 20 9836 9846 9822 211 276 137 182 75 46 0 70 32766 25 43 1 32766 32766 124 
54161 1983 8 21 9837 9847 9828 211 261 156 188 77 56 0 72 32766 30 50 1 32766 32766 123 
54161 1983 8 22 9831 9839 9819 212 270 135 185 75 48 0 61 32766 10 37 3 32766 32766 112 
54161 1983 8 23 9806 9824 9789 217 268 155 200 78 57 32700 44 32766 10 37 7 32766 32766 81 
54161 1983 8 24 9790 9801 9778 222 275 158 195 75 43 0 73 32766 20 40 1 32766 32766 122 
54161 1983 8 25 9813 9822 9789 228 288 161 188 69 47 0 75 32766 28 43 3 32766 32766 117 
54161 1983 8 26 9817 9822 9811 236 287 197 196 68 45 0 71 32766 25 37 7 32766 32766 70 
54161 1983 8 27 9806 9819 9791 204 230 176 206 87 67 25 30 32766 20 43 32766 32766 32766 5 
54161 1983 8 28 9764 9798 9741 197 221 183 227 99 86 122 15 32766 23 23 7 32766 32766 0 
54161 1983 8 29 9747 9754 9739 220 264 185 221 85 61 141 67 32766 48 93 32766 32766 32766 86 
54161 1983 8 30 9760 9775 9746 209 258 167 213 86 63 64 58 32766 50 32766 32766 32766 32766 75 
54161 1983 8 31 9814 9821 9775 213 271 161 195 79 50 0 67 32766 33 32766 32766 32766 32766 120 
54161 1983 9 1 9823 9834 9811 212 273 176 218 88 58 108 68 32766 20 32766 32766 32766 32766 46 
54161 1983 9 2 9790 9824 9783 194 235 168 211 94 70 200 29 32766 30 32766 32766 32766 32766 16 
54161 1983 9 3 9820 9836 9798 197 254 146 180 81 50 0 55 32766 50 32766 32766 32766 32766 118 
54161 1983 9 4 9866 9876 9836 209 276 148 195 81 45 0 66 32766 45 63 32766 32766 32766 109 
54161 1983 9 5 9865 9878 9850 216 276 157 176 69 44 0 65 32766 23 37 7 32766 32766 111 
54161 1983 9 6 9865 9874 9853 202 234 172 195 83 67 32700 31 32766 18 40 32766 32766 32766 31 
54161 1983 9 7 9885 9898 9869 207 262 166 196 82 57 32700 50 32766 28 60 32766 32766 32766 66 
54161 1983 9 8 9869 9894 9849 190 244 132 178 83 58 0 40 32766 23 37 5 32766 32766 80 
54161 1983 9 9 9830 9851 9821 184 195 171 201 95 83 135 20 32766 8 23 9 32766 32766 0 
54161 1983 9 10 9803 9823 9789 180 236 158 197 96 65 86 31 32766 13 50 32766 32766 32766 29 
54161 1983 9 11 9795 9800 9785 202 256 166 201 86 61 46 35 32766 20 50 13 32766 32766 55 
54161 1983 9 12 9811 9819 9796 205 266 157 196 83 52 0 45 32766 20 40 32766 32766 32766 101 
54161 1983 9 13 9819 9834 9804 188 231 146 156 74 34 0 66 32766 43 63 32766 32766 32766 98 
54161 1983 9 14 9798 9821 9785 180 231 124 145 70 52 0 52 32766 45 32766 32766 32766 32766 97 
54161 1983 9 15 9800 9812 9786 171 227 136 151 79 50 32700 47 32766 35 67 32766 32766 32766 64 
54161 1983 9 16 9839 9851 9812 181 256 102 127 64 36 0 60 32766 30 47 32766 32766 32766 104 
54161 1983 9 17 9829 9858 9805 183 223 148 158 76 64 2 47 32766 45 67 32766 32766 32766 42 
54161 1983 9 18 9844 9867 9827 186 250 131 175 83 57 39 3 32766 48 87 32766 32766 32766 6 
54161 1983 9 19 9889 9904 9867 150 199 118 143 85 48 31 52 32766 33 43 15 32766 32766 56 
54161 1983 9 20 9905 9927 9888 136 212 64 93 64 28 0 44 32766 15 30 15 32766 32766 108 
54161 1983 9 21 9874 9890 9858 165 232 102 101 55 34 0 50 32766 23 30 32766 32766 32766 90 
54161 1983 9 22 9857 9871 9844 182 258 109 123 61 30 0 60 32766 25 50 11 32766 32766 103 
54161 1983 9 23 9816 9844 9785 172 228 126 154 79 63 0 33 32766 38 50 32766 32766 32766 45 
54161 1983 9 24 9799 9835 9753 111 157 87 99 76 52 137 67 32766 45 97 15 32766 32766 79 
54161 1983 9 25 9867 9884 9835 90 153 26 66 61 32 0 50 32766 30 70 13 32766 32766 101 
54161 1983 9 26 9917 9940 9884 112 162 42 64 49 30 0 47 32766 28 57 1 32766 32766 97 
54161 1983 9 27 9956 9976 9940 91 155 23 65 59 30 0 43 32766 18 50 1 32766 32766 93 
54161 1983 9 28 9903 9952 9877 91 152 21 66 60 30 0 37 32766 28 40 3 32766 32766 92 
54161 1983 9 29 9884 9893 9873 109 171 66 76 60 35 32700 51 32766 30 77 13 32766 32766 97 
54161 1983 9 30 9888 9893 9878 96 152 54 72 65 23 14 46 32766 35 53 15 32766 32766 99 
54161 1983 10 1 9868 9899 9835 107 177 49 77 62 29 0 51 32766 40 60 32766 32766 32766 58 
54161 1983 10 2 9879 9897 9840 101 162 56 90 76 41 8 38 32766 25 50 32766 32766 32766 91 
54161 1983 10 3 9843 9883 9817 116 196 49 82 62 32 0 56 32766 45 107 13 32766 32766 101 
54161 1983 10 4 9845 9872 9816 109 140 85 67 52 21 0 68 32766 65 120 13 32766 32766 85 
54161 1983 10 5 9912 9927 9872 77 143 13 58 58 29 0 57 32766 38 60 15 32766 32766 102 
54161 1983 10 6 9929 9956 9907 56 125 -9 44 53 22 0 41 32766 35 60 16 32766 32766 104 
54161 1983 10 7 9929 9959 9904 78 152 -6 44 44 19 0 40 32766 23 47 32766 32766 32766 93 
54161 1983 10 8 9887 9908 9871 116 174 70 70 52 36 0 43 32766 20 40 9 32766 32766 16 
54161 1983 10 9 9866 9884 9852 140 196 83 106 68 49 0 58 32766 50 117 32766 32766 32766 65 
54161 1983 10 10 9942 9971 9884 76 142 29 60 59 25 39 44 32766 33 70 15 32766 32766 74 
54161 1983 10 11 9974 10000 9947 44 106 -27 39 49 24 0 35 32766 28 50 13 32766 32766 99 
54161 1983 10 12 9884 9947 9853 90 164 13 49 44 24 0 57 32766 55 110 32766 32766 32766 90 
54161 1983 10 13 9860 9888 9834 106 170 49 63 54 19 0 57 32766 43 60 15 32766 32766 97 
54161 1983 10 14 9883 9900 9869 132 209 59 55 37 23 0 87 32766 75 103 13 32766 32766 99 
54161 1983 10 15 9868 9890 9854 127 180 88 74 50 30 0 77 32766 63 103 32766 32766 32766 94 
54161 1983 10 16 9911 9964 9880 52 158 11 39 45 21 0 54 32766 48 107 15 32766 32766 94 
54161 1983 10 17 10002 10013 9964 -3 52 -61 26 45 27 0 37 32766 13 60 15 32766 32766 100 
54161 1983 10 18 9981 10015 9930 17 75 -44 28 43 19 0 24 32766 5 20 32766 32766 32766 88 
54161 1983 10 19 9898 9930 9883 64 123 10 32 35 15 0 41 32766 25 63 13 32766 32766 80 
54161 1983 10 20 9911 9933 9888 69 135 20 41 44 25 0 34 32766 23 60 13 32766 32766 98 
54161 1983 10 21 9869 9903 9839 68 120 44 42 42 31 32700 63 32766 65 100 32766 32766 32766 64 
54161 1983 10 22 9974 9984 9903 -15 53 -36 38 69 32 32700 17 32766 18 67 1 32766 32766 34 
54161 1983 10 23 9973 9984 9964 -19 38 -69 26 52 28 0 22 32766 15 80 32766 32766 32766 93 
54161 1983 10 24 9986 9993 9979 -3 72 -67 26 47 21 0 11 32766 20 40 14 32766 32766 94 
54161 1983 10 25 9969 9995 9936 40 113 -30 30 39 21 0 38 32766 23 60 32766 32766 32766 84 
54161 1983 10 26 9901 9936 9880 56 98 37 74 81 37 38 11 32766 38 77 32766 32766 32766 29 
54161 1983 10 27 9927 9938 9911 36 101 -17 49 64 36 0 24 32766 18 57 32766 32766 32766 93 
54161 1983 10 28 9968 10020 9909 -3 43 -38 30 50 22 0 25 32766 30 70 16 32766 32766 87 
54161 1983 10 29 10046 10072 10020 -33 27 -90 22 48 30 0 20 32766 5 20 3 32766 32766 93 
54161 1983 10 30 9987 10031 9968 -27 10 -53 33 65 44 0 12 32766 0 37 5 32766 32766 0 
54161 1983 10 31 9941 9975 9909 -18 44 -66 32 64 33 0 21 32766 25 60 32766 32766 32766 85 
54161 1983 11 1 9873 9909 9858 30 101 -29 53 72 44 0 21 32766 48 80 32766 32766 32766 64 
54161 1983 11 2 9892 9939 9829 35 77 4 36 46 21 0 35 32766 23 60 16 32766 32766 68 
54161 1983 11 3 9943 9958 9935 9 76 -44 23 38 16 0 24 32766 5 60 32766 32766 32766 88 
54161 1983 11 4 9935 9950 9920 45 113 -10 27 33 20 0 27 32766 10 30 32766 32766 32766 63 
54161 1983 11 5 9947 9961 9925 39 85 10 28 36 20 0 44 32766 25 47 32766 32766 32766 59 
54161 1983 11 6 9970 9983 9961 24 93 -64 33 48 29 0 17 32766 0 17 32766 32766 32766 85 
54161 1983 11 7 9972 9983 9961 39 116 -23 35 45 25 0 19 32766 0 17 32766 32766 32766 81 
54161 1983 11 8 9957 9975 9935 55 131 -10 36 42 21 0 26 32766 15 33 9 32766 32766 84 
54161 1983 11 9 9906 9935 9886 77 134 28 56 53 39 0 46 32766 55 97 32766 32766 32766 61 
54161 1983 11 10 9802 9886 9775 37 85 -11 69 85 61 60 8 32766 53 117 32766 32766 32766 0 
54161 1983 11 11 9804 9830 9787 -39 -5 -60 39 85 74 26 25 32766 63 90 32766 32766 32766 0 
54161 1983 11 12 9895 9930 9830 -63 -45 -89 32 85 76 13 18 32766 33 53 1 32766 32766 0 
54161 1983 11 13 9946 9957 9931 -60 -18 -113 30 76 60 0 7 32766 15 40 32766 32766 32766 84 
54161 1983 11 14 9906 9951 9865 -15 48 -68 35 63 45 0 14 32766 33 50 7 32766 32766 79 
54161 1983 11 15 9836 9870 9801 -27 17 -79 33 63 47 1 18 32766 58 100 32766 32766 32766 5 
54161 1983 11 16 9843 9870 9831 -94 -62 -115 18 59 43 32700 12 32766 25 60 32766 32766 32766 66 
54161 1983 11 17 9845 9859 9832 -90 -53 -135 24 78 66 3 8 32766 65 100 32766 32766 32766 0 
54161 1983 11 18 9889 9932 9834 -65 -19 -103 17 48 29 0 15 32766 33 70 32766 32766 32766 81 
54161 1983 11 19 9950 9965 9932 -24 45 -81 27 51 40 0 16 32766 20 40 32766 32766 32766 77 
54161 1983 11 20 9998 10023 9946 -49 -3 -96 25 60 42 0 15 32766 30 63 32766 32766 32766 78 
54161 1983 11 21 10000 10018 9985 -59 -5 -112 23 62 32 0 10 32766 3 40 32766 32766 32766 77 
54161 1983 11 22 9964 10003 9937 -17 57 -79 22 44 22 0 24 32766 40 87 32766 32766 32766 80 
54161 1983 11 23 9907 9937 9883 1 52 -26 32 51 34 0 26 32766 50 97 32766 32766 32766 60 
54161 1983 11 24 9936 9951 9924 -80 -21 -123 18 53 37 0 13 32766 35 80 32766 32766 32766 76 
54161 1983 11 25 9936 9964 9906 -104 -63 -145 15 56 31 0 10 32766 45 70 32766 32766 32766 75 
54161 1983 11 26 9990 10006 9963 -104 -43 -155 15 55 30 0 11 32766 30 57 13 32766 32766 78 
54161 1983 11 27 10033 10047 10004 -48 17 -105 21 49 33 0 11 32766 20 47 32766 32766 32766 75 
54161 1983 11 28 9977 10041 9937 1 81 -73 30 51 23 0 25 32766 63 103 32766 32766 32766 73 
54161 1983 11 29 9885 9937 9862 14 61 -34 37 54 40 0 55 32766 115 153 32766 32766 32766 67 
54161 1983 11 30 9904 9916 9886 -70 -27 -105 21 57 32 2 17 32766 40 70 32766 32766 32766 70 
54161 1983 12 1 9853 9915 9789 -33 47 -109 20 48 21 0 30 32766 95 130 32766 32766 32766 76 
54161 1983 12 2 9829 9897 9771 -12 26 -55 24 42 28 0 42 32766 60 140 32766 32766 32766 69 
54161 1983 12 3 9967 9986 9897 -90 -38 -123 14 46 33 0 13 32766 33 60 15 32766 32766 76 
54161 1983 12 4 9916 9983 9891 -54 3 -105 22 51 38 0 16 32766 48 100 32766 32766 32766 41 
54161 1983 12 5 9971 9982 9911 -99 -47 -140 18 64 39 0 6 32766 8 30 32766 32766 32766 74 
54161 1983 12 6 9970 9980 9962 -56 14 -110 21 53 31 0 16 32766 23 50 32766 32766 32766 71 
54161 1983 12 7 9964 9972 9956 -46 -2 -76 25 58 40 0 12 32766 25 50 32766 32766 32766 73 
54161 1983 12 8 9967 9980 9951 -66 -5 -121 26 71 45 0 4 32766 0 3 32766 32766 32766 42 
54161 1983 12 9 9881 9951 9835 -35 24 -92 28 61 36 0 11 32766 20 47 32766 32766 32766 38 
54161 1983 12 10 9844 9859 9831 -75 0 -103 29 81 58 6 8 32766 43 80 32766 32766 32766 23 
54161 1983 12 11 9890 9904 9859 -121 -80 -174 21 86 80 4 4 32766 5 33 32766 32766 32766 25 
54161 1983 12 12 9856 9896 9839 -66 -18 -125 26 68 54 1 7 32766 28 47 32766 32766 32766 0 
54161 1983 12 13 9948 9987 9875 -129 -62 -159 19 81 69 2 2 32766 10 40 1 32766 32766 52 
54161 1983 12 14 9964 10002 9924 -140 -103 -203 14 69 53 0 5 32766 30 32766 32766 32766 32766 69 
54161 1983 12 15 9957 9986 9904 -154 -102 -193 12 61 44 0 4 32766 23 32766 32766 32766 32766 71 
54161 1983 12 16 9955 9968 9940 -162 -118 -207 10 60 44 0 4 32766 23 32766 32766 32766 32766 68 
54161 1983 12 17 9984 10004 9967 -180 -117 -236 9 60 40 0 5 32766 38 80 12 32766 32766 69 
54161 1983 12 18 9944 9970 9931 -123 -65 -166 14 58 51 0 8 32766 40 60 11 32766 32766 52 
54161 1983 12 19 9970 9978 9959 -125 -51 -191 17 72 52 0 4 32766 20 37 13 32766 32766 71 
54161 1983 12 20 9966 9985 9946 -82 -9 -144 18 57 38 0 10 32766 38 60 10 32766 32766 70 
54161 1983 12 21 9943 9958 9921 -65 -36 -86 29 77 44 2 6 32766 28 57 9 32766 32766 0 
54161 1983 12 22 9937 9957 9915 -158 -79 -185 12 61 33 0 4 32766 25 63 13 32766 32766 44 
54161 1983 12 23 9931 9962 9897 -162 -110 -223 9 50 32 0 6 32766 43 73 32766 32766 32766 30 
54161 1983 12 24 9947 9987 9893 -173 -118 -194 10 62 37 2 5 32766 30 57 16 32766 32766 51 
54161 1983 12 25 9949 9989 9923 -149 -87 -205 10 54 36 0 5 32766 45 60 8 32766 32766 63 
54161 1983 12 26 9970 9999 9921 -183 -113 -224 10 69 50 0 2 32766 33 43 9 32766 32766 58 
54161 1983 12 27 10023 10048 9999 -200 -147 -234 9 72 51 0 2 32766 23 43 1 32766 32766 46 
54161 1983 12 28 10068 10078 10048 -217 -166 -262 8 72 55 0 2 32766 23 40 15 32766 32766 67 
54161 1983 12 29 10066 10086 10040 -204 -158 -249 9 77 65 0 2 32766 8 23 16 32766 32766 58 
54161 1983 12 30 9987 10040 9965 -174 -108 -224 10 67 41 0 2 32766 23 63 12 32766 32766 48 
54161 1983 12 31 9944 9965 9936 -151 -85 -197 11 58 44 0 6 32766 38 70 12 32766 32766 69 
54161 1984 1 1 9961 9968 9947 -153 -104 -191 12 65 43 0 3 32766 18 27 2 32766 32766 72 
54161 1984 1 2 9980 9988 9967 -174 -122 -214 11 71 51 0 3 32766 25 33 1 32766 32766 68 
54161 1984 1 3 10001 10021 9987 -190 -148 -227 10 71 53 0 4 32766 25 50 16 32766 32766 67 
