V01000 V04001 V04002 V04003 V10004 V10201 V10202 V12001 V12052 V12053 V13004 V13003 V13007 V13201 V13241 V13242 V11002 V11042 V11212 V11041 V11043 V14032
56080 2004 1 4 7129 7151 7104 -78 31 -163 16 52 18 0 10 32766 12 33 5 47 6 62 
56080 2004 1 5 7134 7153 7120 -45 55 -106 13 38 6 0 26 32766 33 116 13 197 13 62 
56080 2004 1 6 7144 7168 7105 -75 61 -172 11 37 11 0 20 32766 14 73 16 114 16 64 
56080 2004 1 7 7135 7152 7106 -72 22 -135 18 51 27 0 14 32766 11 60 16 113 16 49 
56080 2004 1 8 7144 7157 7116 -74 53 -164 14 48 13 0 15 32766 9 46 1 69 16 85 
56080 2004 1 9 7136 7162 7099 -63 33 -140 16 44 24 0 12 32766 12 31 1 45 16 30 
56080 2004 1 10 7152 7164 7132 -82 44 -161 12 42 10 0 18 32766 10 94 14 165 14 62 
56080 2004 1 11 7154 7173 7131 -80 28 -169 11 39 11 0 20 32766 25 94 14 152 13 39 
56080 2004 1 12 7162 7188 7131 -87 50 -180 10 39 9 0 16 32766 11 35 1 52 16 82 
56080 2004 1 13 7096 7146 7057 -63 82 -152 11 32 9 0 18 32766 19 40 3 62 5 85 
56080 2004 1 14 7093 7113 7072 -72 -12 -104 18 52 21 32700 15 32766 26 61 5 91 6 36 
56080 2004 1 15 7113 7123 7094 -100 -10 -160 21 73 34 15 12 32766 8 65 16 97 16 81 
56080 2004 1 16 7104 7133 7074 -91 29 -183 13 51 13 0 18 32766 11 94 13 151 14 77 
56080 2004 1 17 7089 7121 7058 -97 30 -160 16 60 27 0 17 32766 32 79 16 117 16 66 
56080 2004 1 18 7117 7135 7080 -96 9 -135 19 65 32 32700 10 32766 17 51 16 72 16 69 
56080 2004 1 19 7118 7133 7098 -111 -33 -159 16 65 31 0 8 32766 10 35 8 54 11 51 
56080 2004 1 20 7136 7154 7110 -119 -37 -172 18 70 37 19 7 32766 11 33 16 62 15 67 
56080 2004 1 21 7131 7149 7102 -140 -23 -221 11 57 19 0 11 32766 9 50 1 74 1 79 
56080 2004 1 22 7112 7126 7091 -123 -14 -209 10 48 10 0 16 32766 15 70 16 112 16 90 
56080 2004 1 23 7148 7167 7125 -131 -10 -224 8 45 7 0 17 32766 10 62 15 98 14 89 
56080 2004 1 24 7127 7163 7084 -128 22 -229 8 44 8 0 13 32766 15 44 5 70 6 89 
56080 2004 1 25 7078 7100 7054 -80 10 -130 12 39 18 0 13 32766 11 36 16 50 16 69 
56080 2004 1 26 7117 7134 7079 -98 19 -176 13 47 18 0 16 32766 11 54 15 83 16 82 
56080 2004 1 27 7108 7140 7068 -92 38 -183 13 45 15 0 15 32766 12 47 4 72 5 91 
56080 2004 1 28 7069 7090 7036 -83 28 -171 14 46 25 0 17 32766 8 74 16 109 16 74 
56080 2004 1 29 7064 7083 7038 -69 70 -172 11 39 9 0 23 32766 9 65 14 118 12 84 
56080 2004 1 30 7063 7076 7035 -35 76 -114 15 36 9 0 28 32766 21 62 16 91 15 59 
56080 2004 1 31 7084 7102 7038 -84 -12 -138 22 67 49 5 15 32766 24 77 16 112 16 35 
56080 2004 2 1 7087 7114 7061 -119 -74 -146 17 68 50 1 11 32766 23 80 16 124 1 9 
56080 2004 2 2 7103 7123 7081 -128 -63 -165 14 62 40 32700 12 32766 19 51 16 75 1 65 
56080 2004 2 3 7104 7128 7079 -118 -38 -172 11 49 13 0 13 32766 16 63 1 95 1 80 
56080 2004 2 4 7107 7120 7087 -120 -33 -202 7 33 10 0 18 32766 21 57 16 93 16 92 
56080 2004 2 5 7132 7144 7106 -137 -34 -222 8 47 11 0 16 32766 18 79 1 112 1 90 
56080 2004 2 6 7154 7169 7125 -137 -36 -215 8 40 12 0 15 32766 11 54 16 81 1 74 
56080 2004 2 7 7166 7184 7138 -130 -23 -212 7 37 10 0 13 32766 16 48 1 73 1 76 
56080 2004 2 8 7133 7162 7107 -115 14 -218 6 26 9 0 22 32766 22 60 13 111 13 96 
56080 2004 2 9 7137 7153 7114 -83 55 -178 8 29 11 0 18 32766 9 63 16 124 16 77 
56080 2004 2 10 7136 7169 7096 -52 99 -153 11 32 8 0 30 32766 15 64 16 90 16 86 
56080 2004 2 11 7184 7207 7128 -58 42 -138 14 41 13 0 22 32766 16 50 2 73 4 76 
56080 2004 2 12 7222 7241 7198 -66 18 -128 9 29 5 0 29 32766 27 97 15 144 14 53 
56080 2004 2 13 7175 7229 7133 -59 100 -164 6 19 6 0 30 32766 14 49 12 90 13 96 
56080 2004 2 14 7127 7159 7076 -33 120 -157 9 23 5 0 40 32766 23 77 11 123 11 96 
56080 2004 2 15 7119 7156 7093 -50 40 -136 14 35 17 0 31 32766 21 83 16 119 16 72 
56080 2004 2 16 7186 7205 7156 -35 24 -98 23 52 22 32700 22 32766 16 52 10 90 11 53 
56080 2004 2 17 7143 7178 7107 -59 77 -148 12 42 7 0 31 32766 19 55 16 88 16 92 
56080 2004 2 18 7094 7136 7038 -33 131 -164 9 24 6 0 44 32766 22 87 10 138 10 90 
56080 2004 2 19 7059 7081 7027 -11 128 -98 18 34 10 0 40 32766 24 79 6 122 6 85 
56080 2004 2 20 7128 7147 7081 -36 12 -72 30 65 41 14 19 32766 19 68 5 101 6 49 
56080 2004 2 21 7153 7173 7115 -29 47 -94 23 54 10 0 28 32766 19 76 11 105 11 84 
56080 2004 2 22 7141 7159 7115 -34 65 -117 14 37 6 0 41 32766 29 108 14 168 15 84 
56080 2004 2 23 7127 7147 7109 -47 41 -120 17 43 15 0 29 32766 27 63 16 107 16 73 
56080 2004 2 24 7141 7161 7117 -41 23 -103 16 42 14 0 27 32766 25 103 16 166 16 34 
56080 2004 2 25 7137 7162 7111 -47 39 -129 14 35 14 0 25 32766 16 58 1 85 16 31 
56080 2004 2 26 7131 7147 7108 -26 80 -110 18 40 11 0 35 32766 23 57 15 104 15 93 
56080 2004 2 27 7088 7132 7053 -8 121 -85 16 33 8 0 41 32766 18 49 1 90 2 100 
56080 2004 2 28 7094 7117 7045 6 126 -71 20 37 6 0 42 32766 17 77 11 128 13 71 
56080 2004 2 29 7101 7127 7062 -39 35 -92 32 72 37 13 25 32766 23 70 5 100 6 66 
56080 2004 3 1 7098 7117 7069 -31 25 -65 30 65 29 0 23 32766 16 76 16 113 16 33 
56080 2004 3 2 7119 7161 7098 -58 7 -100 19 55 11 0 29 32766 52 136 14 206 14 31 
56080 2004 3 3 7143 7183 7103 -60 28 -143 9 30 6 0 36 32766 24 91 16 154 15 94 
56080 2004 3 4 7117 7134 7084 -45 40 -130 8 21 8 0 41 32766 34 90 15 135 14 57 
56080 2004 3 5 7146 7162 7116 -49 60 -140 14 41 9 0 42 32766 30 77 16 116 1 89 
56080 2004 3 6 7177 7190 7149 -41 50 -89 17 39 14 0 28 32766 13 61 16 94 16 70 
56080 2004 3 7 7199 7210 7183 -41 27 -92 19 46 25 0 20 32766 4 43 3 62 3 25 
56080 2004 3 8 7218 7252 7171 -15 128 -115 15 36 6 0 54 32766 9 24 11 53 12 106 
56080 2004 3 9 7130 7180 7078 55 201 -72 15 19 5 0 82 32766 14 79 14 139 15 89 
56080 2004 3 10 7113 7133 7069 27 157 -36 27 41 12 0 56 32766 35 99 16 138 16 72 
56080 2004 3 11 7139 7151 7114 -10 65 -40 34 59 37 3 21 32766 22 57 16 80 16 52 
56080 2004 3 12 7131 7154 7094 21 142 -83 23 46 5 0 53 32766 27 79 13 133 14 82 
56080 2004 3 13 7164 7182 7123 16 111 -62 25 43 12 0 43 32766 20 57 1 83 1 74 
56080 2004 3 14 7171 7199 7132 24 169 -90 18 38 4 0 60 32766 16 112 13 169 13 79 
56080 2004 3 15 7135 7166 7084 32 187 -94 18 33 2 0 76 32766 38 102 10 162 16 82 
56080 2004 3 16 7127 7149 7080 21 180 -68 22 42 4 0 53 32766 19 83 14 146 14 59 
56080 2004 3 17 7147 7183 7105 40 165 -74 21 37 6 0 60 32766 26 100 13 161 14 56 
56080 2004 3 18 7132 7156 7087 45 178 -59 29 41 8 0 54 32766 15 69 16 99 16 80 
56080 2004 3 19 7141 7167 7121 15 84 -18 37 54 32 32700 36 32766 43 75 5 100 5 23 
56080 2004 3 20 7130 7149 7103 -5 32 -37 40 69 45 76 38 32766 22 63 5 89 5 59 
56080 2004 3 21 7117 7148 7084 -1 93 -62 36 64 24 0 25 32766 12 63 16 90 1 49 
56080 2004 3 22 7127 7138 7108 -2 69 -47 42 71 38 0 18 32766 11 40 16 64 15 22 
56080 2004 3 23 7098 7151 7051 9 117 -40 45 74 34 32700 26 32766 21 95 16 141 16 65 
56080 2004 3 24 7122 7135 7098 -23 19 -43 40 78 58 5 15 32766 28 61 16 85 16 17 
56080 2004 3 25 7125 7139 7100 16 90 -32 42 65 34 0 26 32766 27 58 5 85 6 46 
56080 2004 3 26 7126 7149 7102 7 47 -8 47 74 52 1 26 32766 11 58 16 81 16 8 
56080 2004 3 27 7139 7163 7098 34 156 -48 40 62 11 0 44 32766 28 77 11 127 13 69 
56080 2004 3 28 7142 7157 7117 39 110 -3 50 66 25 17 37 32766 10 72 1 122 2 62 
56080 2004 3 29 7170 7192 7134 20 89 -31 28 41 19 0 42 32766 25 85 5 123 4 77 
56080 2004 3 30 7147 7178 7113 23 106 -37 34 54 11 32700 43 32766 16 47 7 75 6 97 
56080 2004 3 31 7133 7166 7109 9 83 -50 27 48 11 0 41 32766 30 109 15 165 15 35 
56080 2004 4 1 7176 7198 7147 18 129 -72 22 43 5 0 59 32766 21 76 16 128 16 95 
56080 2004 4 2 7176 7190 7152 29 124 -47 26 40 12 0 49 32766 16 61 16 90 16 83 
56080 2004 4 3 7203 7227 7171 36 148 -60 26 41 9 0 56 32766 24 72 5 106 5 86 
56080 2004 4 4 7152 7195 7116 57 178 -45 28 39 8 0 65 32766 14 72 15 108 1 94 
56080 2004 4 5 7152 7168 7127 50 150 -33 27 38 11 0 61 32766 24 76 16 137 16 61 
56080 2004 4 6 7166 7193 7138 27 95 -18 38 56 22 5 32 32766 25 82 16 136 16 3 
56080 2004 4 7 7213 7227 7193 -25 24 -82 37 74 53 13 23 32766 20 63 16 98 16 24 
56080 2004 4 8 7166 7216 7123 2 91 -32 44 73 36 2 26 32766 20 115 12 180 12 49 
56080 2004 4 9 7119 7148 7092 33 120 -42 39 60 15 32700 47 32766 22 74 16 127 16 94 
56080 2004 4 10 7132 7146 7109 40 134 -35 36 52 19 0 44 32766 18 58 6 89 6 77 
56080 2004 4 11 7148 7169 7122 37 124 -28 42 55 28 32700 42 32766 24 58 4 87 4 61 
56080 2004 4 12 7166 7178 7141 21 81 -9 50 70 41 19 20 32766 24 80 5 115 5 9 
56080 2004 4 13 7178 7195 7158 -7 30 -28 51 87 75 4 3 32766 22 71 16 97 16 4 
56080 2004 4 14 7191 7206 7171 -14 35 -40 45 82 52 37 16 32766 16 50 16 80 4 50 
56080 2004 4 15 7184 7204 7153 3 66 -54 37 65 27 0 28 32766 18 48 5 72 5 97 
56080 2004 4 16 7165 7180 7140 19 88 -36 38 59 15 0 37 32766 18 63 5 108 6 72 
56080 2004 4 17 7147 7170 7123 31 106 -36 33 52 15 0 46 32766 17 60 2 110 16 105 
56080 2004 4 18 7145 7156 7129 47 156 -45 32 46 10 0 56 32766 17 64 14 98 15 116 
56080 2004 4 19 7152 7173 7124 79 197 -39 31 40 8 0 85 32766 22 69 10 106 11 118 
56080 2004 4 20 7144 7156 7125 107 218 -10 33 34 5 0 89 32766 13 69 15 115 16 120 
56080 2004 4 21 7157 7179 7110 109 242 -2 38 37 8 0 92 32766 21 80 3 121 2 97 
56080 2004 4 22 7160 7175 7136 92 165 62 45 40 17 32700 76 32766 48 79 16 120 16 44 
56080 2004 4 23 7158 7178 7130 81 172 1 58 60 24 32700 59 32766 22 56 8 103 7 113 
56080 2004 4 24 7120 7159 7074 102 218 -10 66 58 22 0 72 32766 17 63 3 112 5 106 
56080 2004 4 25 7150 7181 7090 46 160 23 70 83 47 256 11 32766 25 87 4 129 5 16 
56080 2004 4 26 7196 7217 7169 66 162 -3 53 63 16 0 55 32766 15 55 16 91 15 98 
56080 2004 4 27 7157 7189 7116 88 196 -10 48 52 11 0 77 32766 11 65 12 123 11 114 
56080 2004 4 28 7119 7134 7090 105 217 1 53 51 11 0 84 32766 27 61 3 98 3 121 
56080 2004 4 29 7136 7151 7105 93 169 60 65 58 32 18 58 32766 37 78 5 110 6 54 
56080 2004 4 30 7123 7148 7095 79 158 25 79 74 46 28 49 32766 17 58 5 90 5 67 
56080 2004 5 1 7111 7130 7079 79 158 41 80 78 49 3 36 32766 26 82 5 112 5 23 
56080 2004 5 2 7156 7195 7104 -26 42 -49 44 87 70 156 13 32766 37 76 16 109 16 0 
56080 2004 5 3 7206 7222 7189 -40 6 -81 35 77 53 2 14 32766 21 50 9 78 2 38 
56080 2004 5 4 7204 7223 7179 -1 82 -68 35 63 24 1 41 32766 19 68 14 109 14 108 
56080 2004 5 5 7179 7204 7139 46 136 -32 43 57 15 0 54 32766 19 64 3 94 4 117 
56080 2004 5 6 7160 7167 7144 41 98 8 53 65 34 32700 40 32766 17 75 16 108 14 15 
56080 2004 5 7 7162 7179 7138 64 151 -26 36 48 12 0 73 32766 24 79 14 140 16 122 
56080 2004 5 8 7125 7159 7081 100 218 -19 42 43 10 0 88 32766 26 61 10 101 10 113 
56080 2004 5 9 7117 7128 7087 110 212 18 54 45 17 0 74 32766 31 85 5 136 6 69 
56080 2004 5 10 7150 7164 7125 81 145 56 72 68 32 3 33 32766 25 76 3 115 3 8 
56080 2004 5 11 7157 7173 7135 80 156 34 53 55 23 32700 58 32766 21 61 1 97 16 77 
56080 2004 5 12 7154 7172 7115 61 143 10 55 62 28 38 37 32766 13 66 2 122 3 55 
56080 2004 5 13 7133 7173 7090 67 135 12 72 76 37 11 41 32766 19 61 9 92 8 53 
56080 2004 5 14 7140 7163 7104 59 113 8 71 78 46 129 19 32766 31 82 16 139 16 56 
56080 2004 5 15 7182 7188 7159 53 123 0 54 66 18 1 58 32766 22 95 16 138 1 96 
56080 2004 5 16 7203 7226 7170 56 141 -4 43 55 14 0 59 32766 20 64 15 117 14 90 
56080 2004 5 17 7179 7200 7154 68 153 -11 47 53 16 0 68 32766 28 87 11 126 13 101 
56080 2004 5 18 7198 7218 7166 77 162 -11 46 49 17 0 75 32766 19 60 16 86 1 124 
56080 2004 5 19 7152 7187 7116 90 190 -10 44 47 13 0 71 32766 14 60 5 95 5 101 
56080 2004 5 20 7141 7149 7126 85 174 6 50 49 15 3 63 32766 14 90 3 164 3 84 
56080 2004 5 21 7131 7154 7099 100 195 -1 50 48 12 0 77 32766 20 66 4 109 3 97 
56080 2004 5 22 7143 7151 7113 111 154 71 62 48 22 0 63 32766 32 79 9 117 9 42 
56080 2004 5 23 7152 7170 7121 102 200 1 56 53 15 0 81 32766 22 55 5 95 5 115 
56080 2004 5 24 7149 7157 7128 100 159 62 81 67 31 32700 42 32766 17 52 5 78 6 24 
56080 2004 5 25 7167 7189 7133 85 146 34 66 62 36 21 56 32766 26 72 16 95 15 57 
56080 2004 5 26 7131 7148 7112 108 149 77 69 54 40 32700 46 32766 24 52 5 75 16 17 
56080 2004 5 27 7170 7184 7148 115 179 32 72 57 28 32700 69 32766 16 71 16 116 16 101 
56080 2004 5 28 7161 7199 7113 107 219 36 84 70 30 71 53 32766 20 75 16 116 9 71 
56080 2004 5 29 7182 7213 7147 55 90 41 73 80 73 61 20 32766 43 81 16 130 16 0 
56080 2004 5 30 7230 7250 7210 71 121 17 63 65 31 0 45 32766 23 53 16 96 16 81 
56080 2004 5 31 7192 7224 7171 67 112 20 71 73 51 10 19 32766 13 41 10 63 8 0 
56080 2004 6 1 7179 7200 7149 106 210 15 76 66 22 0 32766 24 16 43 5 66 5 115 
56080 2004 6 2 7147 7178 7118 125 194 72 76 59 22 0 32766 44 16 62 5 93 6 56 
56080 2004 6 3 7155 7168 7126 80 135 49 77 73 41 18 32766 31 32 60 16 83 5 0 
56080 2004 6 4 7193 7201 7163 76 130 24 65 66 33 68 32766 30 14 60 16 83 16 39 
56080 2004 6 5 7184 7206 7160 82 157 25 74 70 31 40 32766 30 30 66 1 98 16 65 
56080 2004 6 6 7192 7200 7174 90 149 39 57 55 15 0 32766 43 36 97 16 144 16 94 
56080 2004 6 7 7200 7215 7179 72 145 -6 56 59 28 32700 32766 42 34 69 12 69 12 96 
56080 2004 6 8 7184 7207 7160 76 168 -5 63 64 25 2 32766 27 10 68 3 95 2 91 
56080 2004 6 9 7185 7191 7171 62 115 21 80 84 54 49 32766 11 16 43 5 69 6 15 
56080 2004 6 10 7184 7206 7155 104 185 55 83 67 35 0 32766 29 20 60 6 90 7 60 
56080 2004 6 11 7165 7184 7146 123 198 75 95 68 39 32700 32766 30 13 69 5 121 5 64 
56080 2004 6 12 7173 7185 7158 104 134 90 100 80 64 26 32766 18 30 63 16 92 16 0 
56080 2004 6 13 7188 7199 7173 101 145 80 94 77 44 5 32766 14 14 48 16 65 15 11 
56080 2004 6 14 7180 7194 7162 88 142 49 85 77 51 12 32766 12 11 69 16 108 16 24 
56080 2004 6 15 7169 7189 7140 115 194 28 64 57 11 0 32766 48 27 73 15 132 15 111 
56080 2004 6 16 7149 7172 7130 117 187 46 69 54 24 32700 32766 33 20 65 10 104 10 96 
56080 2004 6 17 7160 7167 7137 87 159 57 82 74 38 32700 32766 35 24 68 5 114 5 44 
56080 2004 6 18 7163 7175 7136 78 173 36 80 76 33 40 32766 39 24 93 16 146 15 93 
56080 2004 6 19 7155 7168 7130 93 185 10 65 62 22 1 32766 33 21 71 12 107 15 104 
56080 2004 6 20 7152 7172 7126 118 207 13 60 53 18 0 32766 37 13 54 6 80 5 121 
56080 2004 6 21 7132 7147 7111 129 223 44 70 53 14 32700 32766 56 16 77 10 114 16 107 
56080 2004 6 22 7121 7137 7096 113 213 38 84 67 29 40 32766 37 25 72 3 119 4 68 
56080 2004 6 23 7138 7147 7119 94 142 71 92 79 47 154 32766 9 21 58 16 82 16 21 
56080 2004 6 24 7146 7157 7125 111 197 28 87 70 27 0 32766 33 12 73 5 107 5 111 
56080 2004 6 25 7145 7162 7119 144 232 53 89 59 24 0 32766 40 18 53 6 79 6 91 
56080 2004 6 26 7119 7140 7089 148 233 81 112 69 38 0 32766 34 15 51 8 79 7 72 
56080 2004 6 27 7140 7149 7108 139 180 121 136 86 64 153 32766 28 9 51 16 73 16 0 
56080 2004 6 28 7149 7154 7137 137 174 122 133 85 69 15 32766 15 26 65 16 92 16 10 
56080 2004 6 29 7161 7168 7148 120 140 109 125 90 78 75 32766 6 21 56 16 76 16 0 
56080 2004 6 30 7185 7199 7158 99 160 54 93 77 51 91 32766 26 22 63 16 98 16 53 
56080 2004 7 1 7186 7200 7164 120 196 40 89 69 30 0 32766 30 14 39 8 65 10 65 
56080 2004 7 2 7185 7193 7173 122 188 90 99 70 32 30 32766 47 14 112 15 176 16 90 
56080 2004 7 3 7163 7183 7126 125 232 37 78 62 14 1 32766 31 25 86 2 127 2 116 
56080 2004 7 4 7168 7183 7151 127 188 91 97 68 39 61 32766 41 19 88 4 140 1 84 
56080 2004 7 5 7178 7196 7154 107 193 36 84 71 29 0 32766 38 17 59 11 101 6 94 
56080 2004 7 6 7161 7176 7137 138 225 34 73 55 15 0 32766 46 15 55 5 78 4 133 
56080 2004 7 7 7168 7184 7146 143 227 52 82 58 23 0 32766 50 19 57 5 84 5 122 
56080 2004 7 8 7153 7175 7131 137 209 56 87 60 31 32700 32766 45 24 60 5 106 5 72 
56080 2004 7 9 7165 7171 7141 98 164 78 93 78 43 208 32766 23 29 66 16 91 16 45 
56080 2004 7 10 7172 7190 7148 108 193 16 70 60 16 0 32766 43 16 44 3 76 4 132 
56080 2004 7 11 7164 7179 7145 120 213 19 71 56 18 0 32766 50 22 59 16 92 15 125 
56080 2004 7 12 7177 7189 7157 127 192 60 79 58 24 0 32766 45 18 58 1 91 15 126 
56080 2004 7 13 7179 7196 7160 114 195 34 80 64 28 32700 32766 46 16 56 3 88 3 95 
56080 2004 7 14 7162 7178 7149 78 134 66 94 88 59 162 32766 22 24 57 16 83 16 0 
56080 2004 7 15 7151 7167 7124 109 182 51 94 75 34 36 32766 26 12 46 15 64 16 89 
56080 2004 7 16 7145 7155 7131 107 151 88 102 80 56 106 32766 19 21 56 16 93 16 28 
56080 2004 7 17 7140 7158 7125 107 159 74 91 73 48 1 32766 28 28 72 15 111 15 88 
56080 2004 7 18 7141 7155 7121 107 169 55 92 73 38 32700 32766 37 21 75 16 105 16 72 
56080 2004 7 19 7138 7152 7121 107 189 34 86 71 34 0 32766 42 20 72 16 107 1 93 
56080 2004 7 20 7126 7142 7102 133 224 34 85 62 28 0 32766 44 15 40 5 55 6 122 
56080 2004 7 21 7135 7147 7109 155 239 97 106 65 17 0 32766 45 16 57 5 84 4 110 
56080 2004 7 22 7150 7160 7127 160 252 97 128 73 36 1 32766 40 16 80 5 112 5 104 
56080 2004 7 23 7165 7175 7145 148 215 110 135 83 52 339 32766 39 19 75 12 129 12 42 
56080 2004 7 24 7154 7174 7133 165 212 134 142 78 56 6 32766 41 23 63 16 89 16 55 
56080 2004 7 25 7142 7153 7132 141 182 129 141 88 66 78 32766 18 15 67 16 94 16 3 
56080 2004 7 26 7175 7182 7153 124 164 107 120 84 56 91 32766 5 17 37 1 56 16 14 
56080 2004 7 27 7176 7187 7158 138 209 75 104 71 35 0 32766 38 13 65 6 90 5 104 
56080 2004 7 28 7165 7182 7133 129 218 59 107 76 36 17 32766 34 17 64 6 94 5 92 
56080 2004 7 29 7198 7210 7161 97 131 68 91 76 60 290 32766 31 18 84 16 124 16 15 
56080 2004 7 30 7182 7205 7159 138 227 66 88 64 16 0 32766 32 13 28 4 52 14 111 
56080 2004 7 31 7164 7186 7133 140 235 51 96 65 28 0 32766 40 18 48 16 82 16 112 
56080 2004 8 1 7141 7158 7115 149 243 59 87 58 13 0 32766 49 13 45 5 66 5 114 
56080 2004 8 2 7142 7152 7120 155 248 81 108 65 31 32700 32766 44 12 63 8 95 8 90 
56080 2004 8 3 7150 7158 7136 150 234 79 115 72 35 84 32766 42 14 59 2 94 3 101 
56080 2004 8 4 7159 7173 7134 160 252 98 123 70 31 0 32766 38 10 44 5 64 5 124 
56080 2004 8 5 7159 7168 7144 172 258 108 114 64 25 32700 32766 46 18 46 5 76 5 99 
56080 2004 8 6 7180 7195 7156 145 233 67 106 68 19 0 32766 50 17 55 5 80 5 104 
56080 2004 8 7 7167 7191 7136 150 245 64 92 61 17 0 32766 51 21 57 5 83 5 126 
56080 2004 8 8 7151 7163 7130 142 237 68 113 72 36 22 32766 47 12 69 3 103 3 91 
56080 2004 8 9 7153 7161 7133 153 219 90 125 75 44 0 32766 38 14 48 16 73 16 42 
56080 2004 8 10 7161 7174 7131 136 213 108 119 77 57 0 32766 39 41 59 16 84 16 41 
56080 2004 8 11 7164 7179 7149 145 201 118 128 78 59 0 32766 35 25 65 16 86 16 0 
56080 2004 8 12 7188 7202 7166 143 217 105 121 75 47 32700 32766 30 23 53 16 81 16 36 
56080 2004 8 13 7169 7189 7141 161 247 117 134 75 41 12 32766 17 18 87 16 140 16 55 
56080 2004 8 14 7183 7190 7166 122 156 111 122 85 72 67 32766 22 31 78 16 99 1 9 
56080 2004 8 15 7207 7220 7183 103 136 80 99 80 58 132 32766 23 21 66 16 93 15 4 
56080 2004 8 16 7200 7219 7170 112 215 42 84 69 27 32700 32766 30 15 44 11 72 11 80 
56080 2004 8 17 7184 7203 7168 108 191 34 88 72 39 32700 32766 35 15 94 14 139 14 103 
56080 2004 8 18 7173 7196 7149 112 194 44 92 72 45 96 32766 52 14 81 1 127 16 100 
56080 2004 8 19 7159 7172 7143 79 130 67 94 89 63 229 32766 14 19 75 16 111 16 0 
56080 2004 8 20 7164 7181 7137 102 205 31 90 76 33 32700 32766 21 15 42 16 62 16 80 
56080 2004 8 21 7164 7173 7150 138 200 101 110 72 43 1 32766 23 13 54 4 86 3 45 
56080 2004 8 22 7174 7188 7147 131 205 66 104 73 38 0 32766 29 20 51 6 77 5 82 
56080 2004 8 23 7176 7184 7161 134 185 99 107 71 41 0 32766 29 16 46 5 71 5 4 
56080 2004 8 24 7178 7190 7166 111 132 98 110 84 72 6 32766 19 28 52 15 79 16 0 
56080 2004 8 25 7173 7206 7131 123 206 56 86 66 25 0 32766 29 17 44 9 70 9 84 
56080 2004 8 26 7157 7177 7131 122 189 85 99 72 37 33 32766 32 10 78 16 117 16 74 
56080 2004 8 27 7153 7172 7127 99 148 81 96 80 52 70 32766 21 12 33 16 54 8 38 
56080 2004 8 28 7166 7178 7135 107 197 52 99 78 45 33 32766 26 16 59 16 84 15 71 
56080 2004 8 29 7178 7192 7160 126 181 96 101 70 44 2 32766 23 21 36 16 59 16 62 
56080 2004 8 30 7168 7187 7140 112 202 47 92 74 31 32700 32766 22 14 60 15 83 16 42 
56080 2004 8 31 7173 7183 7153 126 190 94 106 74 46 1 32766 26 16 42 3 65 16 18 
56080 2004 9 1 7166 7183 7141 145 219 99 116 74 39 22 32766 27 12 52 7 80 7 96 
56080 2004 9 2 7162 7172 7143 149 216 113 122 74 46 0 32766 33 19 61 16 91 16 64 
56080 2004 9 3 7184 7194 7168 123 145 94 115 80 71 32700 32766 24 15 75 16 118 16 0 
56080 2004 9 4 7186 7196 7177 112 131 104 110 83 71 32700 32766 20 19 44 16 66 16 0 
56080 2004 9 5 7187 7201 7161 122 206 82 102 74 41 32700 32766 25 18 91 16 129 16 65 
56080 2004 9 6 7217 7235 7189 91 118 70 91 79 61 9 32766 28 26 57 16 79 16 3 
56080 2004 9 7 7208 7223 7200 58 100 33 83 89 71 31 32766 7 13 30 10 39 11 0 
56080 2004 9 8 7222 7238 7195 79 161 24 67 68 24 59 32766 26 13 61 1 100 2 107 
56080 2004 9 9 7204 7218 7184 70 158 13 65 71 30 12 32766 26 14 101 11 148 12 66 
56080 2004 9 10 7194 7220 7168 67 159 -7 66 72 28 1 32766 25 16 78 13 123 13 92 
56080 2004 9 11 7187 7204 7163 75 184 16 70 72 27 6 32766 29 21 70 11 110 11 105 
56080 2004 9 12 7197 7216 7177 46 106 15 74 87 62 53 32766 11 11 60 15 87 15 0 
56080 2004 9 13 7212 7235 7182 64 156 -3 58 67 13 0 32766 30 20 72 16 117 16 97 
56080 2004 9 14 7183 7202 7154 70 190 -23 51 59 11 0 32766 35 15 70 15 114 15 115 
56080 2004 9 15 7158 7183 7119 86 222 -13 65 64 13 0 32766 31 11 61 4 93 6 113 
56080 2004 9 16 7175 7188 7146 92 193 25 83 75 36 6 32766 36 16 67 5 94 5 77 
56080 2004 9 17 7205 7222 7181 79 132 38 84 79 56 164 32766 21 19 69 16 102 16 22 
56080 2004 9 18 7197 7222 7168 78 129 41 83 79 55 6 32766 16 19 46 3 67 2 45 
56080 2004 9 19 7206 7218 7182 64 81 55 80 83 66 56 32766 16 12 47 6 70 5 0 
56080 2004 9 20 7228 7243 7210 81 136 48 80 75 42 32700 32766 16 18 48 16 65 15 22 
56080 2004 9 21 7217 7238 7190 78 152 36 82 79 50 32700 32766 20 17 78 16 116 16 18 
56080 2004 9 22 7195 7225 7158 98 195 42 83 71 30 0 32766 21 16 63 5 101 6 75 
56080 2004 9 23 7167 7184 7154 84 140 68 87 79 59 3 32766 16 34 70 16 104 16 0 
56080 2004 9 24 7196 7213 7178 56 92 11 76 83 65 80 32766 18 22 55 16 77 1 6 
56080 2004 9 25 7213 7226 7198 88 162 46 79 72 40 32700 32766 22 17 70 16 106 16 57 
56080 2004 9 26 7219 7233 7203 77 112 38 84 80 61 108 32766 13 15 46 13 86 5 13 
56080 2004 9 27 7222 7249 7192 82 143 49 80 74 47 1 32766 21 19 53 16 81 16 73 
56080 2004 9 28 7173 7204 7148 105 180 64 75 64 22 4 32766 28 18 93 16 146 15 68 
56080 2004 9 29 7169 7189 7131 97 185 60 89 77 46 37 32766 16 14 97 15 139 16 72 
56080 2004 9 30 7232 7260 7188 29 68 2 65 86 77 6 32766 34 29 62 16 92 16 0 
56080 2004 10 1 7262 7280 7232 35 125 -8 51 69 27 0 42 32766 19 43 1 63 16 98 
56080 2004 10 2 7233 7259 7201 44 130 -8 53 69 23 0 38 32766 19 53 16 70 15 86 
56080 2004 10 3 7202 7232 7173 48 145 -20 55 68 19 0 35 32766 13 46 5 69 4 71 
56080 2004 10 4 7186 7199 7171 29 79 7 63 84 51 14 8 32766 25 67 16 98 15 0 
56080 2004 10 5 7214 7228 7199 39 79 11 64 80 52 1 17 32766 14 38 12 59 1 23 
56080 2004 10 6 7221 7241 7192 42 117 -4 52 68 29 0 31 32766 14 54 12 107 11 56 
56080 2004 10 7 7203 7226 7170 40 149 -35 44 62 16 0 37 32766 20 38 5 60 5 104 
56080 2004 10 8 7169 7200 7132 56 189 -33 50 62 13 0 41 32766 12 37 5 46 6 106 
56080 2004 10 9 7175 7204 7146 33 109 -8 63 82 42 26 15 32766 19 52 4 76 16 19 
56080 2004 10 10 7221 7233 7198 47 117 9 57 68 36 12 31 32766 15 56 16 77 15 68 
56080 2004 10 11 7226 7245 7201 43 105 2 57 70 42 3 28 32766 19 76 11 99 11 51 
56080 2004 10 12 7194 7221 7163 44 135 -11 58 74 34 32700 27 32766 13 59 6 93 7 67 
56080 2004 10 13 7196 7214 7171 49 111 15 61 72 40 32700 22 32766 7 40 5 59 5 9 
56080 2004 10 14 7202 7218 7185 52 131 16 68 79 44 72 26 32766 6 14 5 30 16 54 
56080 2004 10 15 7199 7217 7179 44 63 35 68 82 67 4 7 32766 22 52 5 87 5 0 
56080 2004 10 16 7181 7197 7161 41 103 11 65 81 51 31 26 32766 14 52 5 79 6 31 
56080 2004 10 17 7208 7228 7189 35 138 -26 50 68 19 0 32 32766 12 30 3 53 3 101 
56080 2004 10 18 7194 7218 7163 49 161 -16 52 66 13 0 40 32766 18 59 10 101 11 89 
56080 2004 10 19 7183 7206 7158 66 158 6 64 69 26 0 31 32766 11 48 1 76 16 70 
56080 2004 10 20 7190 7222 7165 14 80 -16 55 81 59 0 18 32766 30 75 16 109 16 38 
56080 2004 10 21 7220 7236 7200 17 54 -13 49 71 59 32700 15 32766 14 56 16 83 15 0 
56080 2004 10 22 7195 7228 7165 31 99 -6 49 64 46 0 28 32766 26 57 16 77 16 53 
56080 2004 10 23 7202 7219 7184 19 65 -4 52 75 42 12 20 32766 14 49 16 66 16 24 
56080 2004 10 24 7216 7228 7195 12 122 -62 37 63 15 0 28 32766 11 45 1 65 16 100 
56080 2004 10 25 7249 7266 7226 -2 79 -47 40 68 33 0 19 32766 14 36 9 55 6 51 
56080 2004 10 26 7226 7267 7181 13 104 -57 44 69 34 0 20 32766 15 40 3 75 11 66 
56080 2004 10 27 7168 7203 7139 26 126 -41 44 66 23 0 23 32766 11 37 11 57 11 74 
56080 2004 10 28 7154 7171 7125 22 145 -52 41 65 15 0 32 32766 20 54 16 78 16 90 
56080 2004 10 29 7161 7175 7146 25 109 -14 55 76 39 32700 20 32766 14 46 7 75 7 32 
56080 2004 10 30 7170 7185 7151 27 83 11 53 71 31 4 23 32766 25 61 15 103 16 54 
56080 2004 10 31 7209 7229 7184 -7 97 -77 23 49 11 0 31 32766 17 67 14 107 14 95 
56080 2004 11 1 7193 7218 7160 -9 107 -85 24 49 10 0 29 32766 13 53 1 81 2 95 
56080 2004 11 2 7179 7193 7152 -3 111 -82 26 51 12 0 28 32766 13 48 5 70 5 96 
56080 2004 11 3 7172 7189 7143 3 111 -75 29 54 14 0 22 32766 11 32 6 58 4 82 
56080 2004 11 4 7196 7213 7169 -8 104 -73 25 51 11 0 32 32766 14 63 15 105 15 91 
56080 2004 11 5 7204 7224 7177 -12 107 -91 21 46 12 0 28 32766 16 50 11 80 11 96 
56080 2004 11 6 7169 7197 7139 -6 122 -95 21 46 9 0 28 32766 11 53 16 71 15 96 
56080 2004 11 7 7169 7187 7143 5 111 -62 25 46 11 0 22 32766 14 49 16 73 16 86 
56080 2004 11 8 7151 7182 7112 14 119 -64 27 48 11 0 36 32766 19 78 10 112 11 94 
56080 2004 11 9 7139 7168 7120 10 80 -21 37 56 28 0 29 32766 25 87 16 135 15 56 
56080 2004 11 10 7149 7185 7110 -8 85 -61 31 59 19 0 23 32766 23 56 16 85 15 69 
56080 2004 11 11 7166 7196 7138 -16 95 -81 27 56 14 0 23 32766 14 60 16 86 11 89 
56080 2004 11 12 7153 7186 7131 -13 63 -48 36 66 30 8 16 32766 15 46 1 70 1 58 
56080 2004 11 13 7171 7186 7148 -27 32 -60 37 74 48 32700 10 32766 13 50 16 72 15 34 
56080 2004 11 14 7200 7216 7184 -32 24 -66 30 65 31 32700 15 32766 13 60 5 84 4 52 
56080 2004 11 15 7206 7222 7179 -46 26 -96 25 63 15 0 19 32766 18 50 5 83 1 77 
56080 2004 11 16 7198 7215 7172 -63 22 -123 17 51 11 0 22 32766 13 60 16 95 14 90 
56080 2004 11 17 7191 7208 7170 -74 48 -147 13 43 10 0 14 32766 13 26 3 43 4 91 
56080 2004 11 18 7172 7194 7140 -50 70 -139 14 41 11 0 16 32766 15 41 1 61 16 79 
56080 2004 11 19 7175 7188 7156 -52 48 -113 18 48 17 0 16 32766 9 51 16 70 16 79 
56080 2004 11 20 7197 7218 7170 -44 71 -113 19 50 14 0 17 32766 18 36 2 65 16 82 
56080 2004 11 21 7170 7197 7133 -30 101 -129 17 44 12 0 27 32766 29 83 11 122 10 69 
56080 2004 11 22 7181 7195 7159 -25 48 -76 27 54 27 0 21 32766 16 78 16 120 16 62 
56080 2004 11 23 7173 7197 7150 -22 38 -58 33 64 31 0 14 32766 24 49 5 68 4 43 
56080 2004 11 24 7198 7229 7175 -78 -17 -133 26 75 53 34 14 32766 19 58 16 85 15 57 
56080 2004 11 25 7224 7241 7207 -123 16 -194 15 64 23 1 10 32766 9 28 16 44 16 86 
56080 2004 11 26 7212 7238 7182 -85 20 -168 19 62 29 0 11 32766 12 32 16 49 16 58 
56080 2004 11 27 7198 7217 7168 -63 57 -143 19 56 20 0 14 32766 12 27 15 43 15 88 
56080 2004 11 28 7209 7226 7194 -62 56 -138 19 57 8 0 17 32766 8 80 16 124 16 84 
56080 2004 11 29 7197 7227 7155 -57 78 -152 17 50 13 0 17 32766 6 31 9 51 8 86 
56080 2004 11 30 7171 7191 7144 -37 98 -117 23 55 14 0 15 32766 8 27 9 38 9 86 
56080 2004 12 1 7130 7163 7095 -29 101 -113 26 57 19 0 26 32766 10 34 11 50 12 86 
56080 2004 12 2 7158 7190 7119 -52 33 -101 32 77 38 0 10 32766 17 34 9 53 9 43 
56080 2004 12 3 7218 7237 7190 -46 43 -84 31 73 22 22 8 32766 5 34 9 49 10 66 
56080 2004 12 4 7176 7224 7128 -69 61 -157 21 62 21 0 10 32766 7 17 3 23 3 80 
56080 2004 12 5 7157 7190 7123 -51 43 -123 25 64 27 0 15 32766 9 50 16 80 16 57 
56080 2004 12 6 7219 7235 7189 -68 8 -127 18 56 15 32700 16 32766 10 43 16 61 14 71 
56080 2004 12 7 7222 7245 7189 -89 35 -163 13 48 8 0 14 32766 9 28 12 42 12 85 
56080 2004 12 8 7162 7202 7125 -75 100 -170 14 48 8 0 14 32766 8 27 2 38 2 85 
56080 2004 12 9 7179 7209 7150 -41 41 -123 19 46 14 0 16 32766 9 30 1 48 1 60 
56080 2004 12 10 7183 7204 7160 -73 27 -143 18 54 17 0 11 32766 9 34 16 50 16 68 
56080 2004 12 11 7196 7210 7177 -73 52 -157 14 48 10 0 17 32766 9 46 15 74 13 86 
56080 2004 12 12 7200 7222 7169 -68 80 -157 15 45 12 0 16 32766 8 26 2 34 3 80 
56080 2004 12 13 7163 7193 7130 -41 98 -115 19 47 12 0 14 32766 6 18 8 24 16 62 
56080 2004 12 14 7159 7178 7133 -46 74 -132 16 46 11 0 17 32766 11 33 1 54 16 61 
56080 2004 12 15 7164 7184 7137 -58 53 -126 18 49 17 0 12 32766 3 16 11 19 10 48 
56080 2004 12 16 7153 7174 7135 -55 60 -138 18 52 20 0 15 32766 5 59 16 76 16 71 
56080 2004 12 17 7155 7180 7125 -37 75 -139 16 45 9 0 20 32766 14 47 15 80 2 73 
56080 2004 12 18 7134 7162 7102 -46 87 -132 16 43 12 0 18 32766 8 40 3 76 1 82 
56080 2004 12 19 7096 7116 7066 -39 97 -122 18 46 13 0 20 32766 14 63 16 83 16 65 
56080 2004 12 20 7049 7106 7008 -35 56 -89 29 63 31 0 8 32766 10 25 16 38 16 33 
56080 2004 12 21 7060 7088 7022 -34 29 -56 33 69 40 0 15 32766 15 44 16 64 16 51 
56080 2004 12 22 7104 7116 7083 -57 -34 -70 33 81 58 7 6 32766 15 38 10 55 11 2 
56080 2004 12 23 7109 7131 7089 -62 40 -105 28 73 28 4 7 32766 9 33 1 57 1 55 
56080 2004 12 24 7113 7128 7089 -71 32 -124 22 63 26 0 10 32766 7 18 2 27 2 73 
56080 2004 12 25 7112 7130 7085 -86 -14 -143 21 67 40 0 12 32766 24 79 16 111 16 64 
56080 2004 12 26 7134 7152 7119 -97 -66 -112 21 72 48 4 3 32766 19 54 5 88 5 16 
56080 2004 12 27 7144 7162 7127 -128 -57 -181 15 68 39 5 6 32766 15 35 5 54 5 59 
56080 2004 12 28 7103 7142 7072 -108 10 -201 12 52 14 0 13 32766 12 63 12 105 13 73 
56080 2004 12 29 7091 7118 7066 -76 18 -128 16 51 17 0 17 32766 28 94 12 133 12 48 
56080 2004 12 30 7158 7183 7117 -159 -80 -212 10 57 35 32700 9 32766 21 39 16 63 16 76 
56080 2004 12 31 7159 7181 7132 -119 12 -192 13 53 26 0 10 32766 11 24 1 34 1 80 
56080 2005 1 1 7126 7152 7112 -80 39 -158 17 54 23 0 10 32766 7 24 1 36 16 42 
56080 2005 1 2 7094 7128 7058 -45 132 -141 20 49 11 0 24 32766 10 76 13 145 12 75 
56080 2005 1 3 7130 7147 7098 -53 90 -131 19 52 14 0 19 32766 5 85 16 137 16 75 
