V01000 V04001 V04002 V04003 V10004 V10201 V10202 V12001 V12052 V12053 V13004 V13003 V13007 V13201 V13241 V13242 V11002 V11042 V11212 V11041 V11043 V14032
54823 1985 1 8 10235 10280 10208 -29 24 -74 29 60 37 0 8 32766 15 33 10 61 11 47 
54823 1985 1 9 10200 10225 10193 -15 8 -31 32 58 28 0 13 32766 28 50 4 90 1 65 
54823 1985 1 10 10123 10198 10084 4 58 -44 23 36 27 0 26 32766 35 73 10 104 10 80 
54823 1985 1 11 10124 10157 10090 -4 37 -55 34 58 30 0 13 32766 18 47 14 75 14 62 
54823 1985 1 12 10218 10253 10157 -54 -1 -66 24 58 26 2 11 32766 23 53 3 83 3 75 
54823 1985 1 13 10236 10250 10227 -53 -26 -81 16 39 22 0 16 32766 18 70 16 110 14 77 
54823 1985 1 14 10196 10240 10143 -3 47 -56 17 28 19 0 28 32766 50 77 11 123 10 79 
54823 1985 1 15 10138 10183 10100 12 67 -20 24 37 28 0 46 32766 58 93 10 162 9 78 
54823 1985 1 16 10183 10203 10168 -13 52 -64 27 50 34 0 18 32766 18 77 4 115 4 50 
54823 1985 1 17 10200 10220 10182 -23 12 -31 40 78 51 1 7 32766 20 33 5 36 14 0 
54823 1985 1 18 10156 10197 10122 -8 49 -25 51 88 66 32700 3 32766 15 67 11 120 10 0 
54823 1985 1 19 10189 10215 10144 -14 22 -45 41 76 47 32700 9 32766 25 50 4 67 3 61 
54823 1985 1 20 10204 10230 10181 3 84 -61 28 52 17 0 6 32766 8 30 5 42 4 75 
54823 1985 1 21 10150 10187 10128 34 55 15 44 57 31 0 15 32766 10 23 12 31 12 0 
54823 1985 1 22 10205 10249 10147 2 28 -24 42 66 50 0 34 32766 53 103 4 140 3 43 
54823 1985 1 23 10254 10266 10242 -33 -4 -50 32 68 50 1 19 32766 35 60 4 88 3 4 
54823 1985 1 24 10258 10280 10240 -31 9 -52 41 84 60 4 9 32766 18 40 11 59 10 44 
54823 1985 1 25 10207 10242 10187 -15 27 -43 40 74 59 0 20 32766 33 70 10 117 10 77 
54823 1985 1 26 10200 10211 10186 -22 -4 -42 46 88 79 32700 5 32766 18 43 4 63 2 0 
54823 1985 1 27 10266 10291 10212 -28 -2 -45 36 72 37 32700 11 32766 33 50 3 81 1 67 
54823 1985 1 28 10243 10280 10209 -19 32 -63 35 62 47 0 16 32766 33 80 11 123 10 83 
54823 1985 1 29 10286 10304 10217 -41 5 -65 29 62 29 3 21 32766 45 63 10 106 4 83 
54823 1985 1 30 10238 10303 10179 -25 32 -77 18 36 19 0 24 32766 53 87 10 142 11 87 
54823 1985 1 31 10109 10179 10078 40 94 4 38 47 30 0 33 32766 68 107 10 177 10 83 
54823 1985 2 1 10090 10108 10076 60 117 -5 30 35 15 0 41 32766 33 43 10 62 10 93 
54823 1985 2 2 10070 10102 10045 64 112 37 31 33 22 0 60 32766 43 57 4 101 9 87 
54823 1985 2 3 10084 10113 10053 61 132 -3 29 34 16 0 38 32766 20 57 10 99 9 90 
54823 1985 2 4 10038 10060 10022 87 124 34 52 46 28 0 42 32766 35 57 10 103 9 11 
54823 1985 2 5 10046 10062 10029 71 126 42 68 69 44 0 41 32766 55 100 11 164 10 88 
54823 1985 2 6 10114 10132 10062 35 63 23 66 85 68 32700 22 32766 25 47 4 63 2 19 
54823 1985 2 7 10121 10139 10107 42 117 -16 58 75 37 0 23 32766 18 63 13 83 12 60 
54823 1985 2 8 10082 10109 10060 46 81 15 58 70 48 32700 17 32766 10 33 16 43 14 6 
54823 1985 2 9 10058 10075 10042 25 86 -6 63 86 44 6 13 32766 25 57 13 92 13 33 
54823 1985 2 10 10143 10162 10074 26 74 -16 55 77 40 0 27 32766 18 57 4 74 3 85 
54823 1985 2 11 10112 10159 10076 26 65 -14 53 74 51 11 32766 32766 35 74 10 135 10 0 
54823 1985 2 12 10101 10143 10056 45 76 13 53 65 40 0 31 32766 38 70 10 123 10 77 
54823 1985 2 13 10172 10202 10143 0 51 -42 36 61 29 0 29 32766 35 80 4 127 3 81 
54823 1985 2 14 10108 10163 10073 27 94 -23 46 66 35 0 13 32766 25 53 3 79 2 35 
54823 1985 2 15 10109 10151 10078 15 56 -3 49 73 60 0 18 32766 25 57 4 92 2 26 
54823 1985 2 16 10235 10259 10151 -31 9 -50 28 58 38 32700 35 32766 65 90 4 133 3 61 
54823 1985 2 17 10285 10307 10256 -61 -37 -69 25 66 54 1 17 32766 75 97 4 136 3 19 
54823 1985 2 18 10216 10276 10169 -60 -23 -85 27 70 56 32700 12 32766 58 80 5 110 4 51 
54823 1985 2 19 10169 10200 10144 -61 -37 -73 32 83 66 11 4 32766 20 70 4 107 4 0 
54823 1985 2 20 10186 10203 10165 -41 -6 -68 28 65 38 32700 13 32766 15 47 6 67 4 82 
54823 1985 2 21 10229 10246 10187 -50 -27 -75 19 44 28 0 16 32766 25 50 13 85 16 29 
54823 1985 2 22 10218 10241 10193 -42 12 -90 17 39 25 0 17 32766 15 33 4 50 12 79 
54823 1985 2 23 10239 10262 10194 -52 -13 -87 14 34 22 0 27 32766 33 90 4 128 2 94 
54823 1985 2 24 10272 10286 10251 -22 17 -58 15 29 25 0 26 32766 25 53 4 91 3 35 
54823 1985 2 25 10255 10274 10236 3 47 -28 27 44 31 0 21 32766 13 40 4 56 2 58 
54823 1985 2 26 10233 10258 10211 25 77 -23 30 43 26 0 19 32766 18 33 3 42 2 69 
54823 1985 2 27 10184 10230 10154 26 54 0 41 56 32 0 13 32766 10 30 14 47 14 0 
54823 1985 2 28 10122 10156 10094 30 47 11 53 70 47 2 9 32766 13 40 14 50 13 0 
54823 1985 3 1 10136 10153 10114 21 35 8 59 84 70 32700 13 32766 23 50 4 77 2 0 
54823 1985 3 2 10179 10193 10153 6 45 -23 38 62 35 0 27 32766 48 67 4 95 4 70 
54823 1985 3 3 10190 10203 10179 36 99 -19 39 54 31 0 23 32766 23 60 11 99 10 31 
54823 1985 3 4 10216 10243 10193 28 87 -12 47 65 39 0 25 32766 38 83 3 130 4 52 
54823 1985 3 5 10213 10240 10177 -14 23 -42 27 49 25 0 47 32766 70 107 4 134 3 48 
54823 1985 3 6 10200 10211 10184 -18 2 -36 47 87 62 1 3 32766 20 67 4 88 4 0 
54823 1985 3 7 10199 10211 10180 27 72 -12 61 84 66 0 2 32766 18 37 4 50 2 6 
54823 1985 3 8 10238 10287 10196 33 73 14 57 72 29 21 17 32766 25 70 2 128 2 24 
54823 1985 3 9 10298 10318 10270 -6 35 -46 21 36 26 0 42 32766 38 57 4 76 3 96 
54823 1985 3 10 10294 10307 10273 3 42 -29 33 53 38 0 20 32766 20 43 4 55 3 0 
54823 1985 3 11 10251 10293 10214 40 99 -3 45 58 27 0 29 32766 30 73 10 105 10 85 
54823 1985 3 12 10198 10221 10167 71 123 34 49 51 24 0 71 32766 55 100 10 149 10 93 
54823 1985 3 13 10277 10303 10199 33 81 6 31 40 16 0 54 32766 45 110 4 153 3 86 
54823 1985 3 14 10299 10319 10274 39 97 -25 23 29 15 0 35 32766 15 30 15 54 16 106 
54823 1985 3 15 10274 10303 10248 51 114 -21 31 37 18 0 34 32766 20 37 4 61 4 79 
54823 1985 3 16 10218 10254 10179 83 139 37 36 34 20 0 46 32766 15 40 11 73 11 83 
54823 1985 3 17 10197 10211 10177 85 119 49 50 45 31 0 48 32766 20 43 14 55 15 44 
54823 1985 3 18 10193 10210 10181 81 117 32 58 55 41 0 27 32766 15 40 12 56 12 0 
54823 1985 3 19 10189 10217 10166 97 146 37 65 55 41 0 32 32766 18 47 11 66 11 67 
54823 1985 3 20 10194 10211 10169 73 120 55 66 66 48 32700 34 32766 30 73 2 108 3 14 
54823 1985 3 21 10198 10229 10166 70 144 6 48 55 17 0 52 32766 15 47 4 76 4 96 
54823 1985 3 22 10138 10176 10103 109 162 65 29 22 15 0 86 32766 30 70 11 105 10 88 
54823 1985 3 23 10099 10119 10070 134 190 94 64 43 23 0 87 32766 58 80 9 145 9 101 
54823 1985 3 24 10089 10115 10065 120 174 71 61 45 29 32700 95 32766 43 83 8 147 8 28 
54823 1985 3 25 10153 10170 10115 80 135 24 47 49 15 11 66 32766 28 70 4 97 2 111 
54823 1985 3 26 10098 10153 10049 76 125 46 41 41 22 0 44 32766 18 73 9 123 9 8 
54823 1985 3 27 10024 10060 10004 85 155 34 69 63 45 0 47 32766 50 73 10 112 10 78 
54823 1985 3 28 10138 10183 10032 79 117 60 35 32 13 0 69 32766 40 67 4 103 2 51 
54823 1985 3 29 10195 10209 10172 75 135 -2 21 21 12 0 76 32766 30 53 15 95 13 109 
54823 1985 3 30 10194 10210 10174 89 150 28 26 24 14 0 71 32766 35 43 16 87 2 112 
54823 1985 3 31 10201 10231 10175 126 189 67 27 19 12 0 89 32766 25 53 10 84 9 113 
54823 1985 4 1 10133 10184 10091 142 182 112 53 33 19 0 126 58 70 123 11 210 9 103 
54823 1985 4 2 10082 10102 10067 139 180 124 78 50 31 32700 105 45 55 93 10 179 9 20 
54823 1985 4 3 10123 10150 10074 65 140 28 68 69 38 19 31 29 40 87 4 136 6 24 
54823 1985 4 4 10136 10157 10114 90 162 14 52 47 27 0 56 25 13 47 13 62 12 106 
54823 1985 4 5 10125 10148 10094 143 216 62 69 45 20 0 80 42 38 63 10 102 11 105 
54823 1985 4 6 10059 10117 10021 153 210 112 81 47 37 0 99 36 50 73 11 130 10 109 
54823 1985 4 7 9981 10029 9954 171 242 123 95 52 24 0 104 54 60 100 10 156 10 110 
54823 1985 4 8 9983 10000 9963 210 272 124 93 41 15 0 134 59 38 77 12 146 10 110 
54823 1985 4 9 10035 10057 9983 116 225 72 106 79 19 0 59 37 45 90 4 139 3 67 
54823 1985 4 10 10098 10115 10056 111 166 77 60 51 11 0 114 82 78 117 4 195 3 96 
54823 1985 4 11 10151 10172 10115 100 168 32 41 37 12 0 122 65 55 100 3 149 2 119 
54823 1985 4 12 10124 10153 10093 123 207 44 55 38 27 0 90 53 25 57 4 81 3 105 
54823 1985 4 13 10091 10105 10073 150 198 114 76 46 15 0 91 38 20 60 12 89 11 76 
54823 1985 4 14 10081 10093 10063 175 231 126 71 37 24 0 78 34 15 40 14 63 11 80 
54823 1985 4 15 10093 10108 10066 166 237 114 100 56 34 79 74 45 33 143 15 241 14 52 
54823 1985 4 16 10099 10123 10068 137 201 78 109 72 27 0 56 26 15 50 16 86 16 101 
54823 1985 4 17 10089 10117 10047 152 213 96 69 41 28 32700 84 33 18 47 2 77 2 117 
54823 1985 4 18 9976 10048 9951 191 239 172 94 43 33 0 148 75 63 110 10 211 10 103 
54823 1985 4 19 10069 10096 9999 176 232 123 65 32 26 0 98 51 23 50 3 81 2 117 
54823 1985 4 20 10072 10098 10037 200 253 147 87 39 27 0 122 68 45 73 10 130 10 111 
54823 1985 4 21 10011 10042 9977 217 272 172 94 39 20 0 140 70 50 90 10 163 10 92 
54823 1985 4 22 10013 10036 9971 201 257 141 51 23 8 0 134 74 25 93 3 199 2 106 
54823 1985 4 23 10038 10068 9990 176 224 115 52 27 15 0 127 92 25 77 4 138 2 104 
54823 1985 4 24 9990 10029 9953 229 289 148 78 27 15 0 177 85 68 96 10 188 8 96 
54823 1985 4 25 10053 10082 9965 157 262 130 117 65 37 155 47 28 33 83 2 165 1 0 
54823 1985 4 26 10096 10108 10077 143 210 96 73 47 26 0 82 43 35 53 14 92 13 113 
54823 1985 4 27 10062 10109 10003 172 232 88 74 39 20 0 104 61 30 70 11 126 9 115 
54823 1985 4 28 10014 10049 9964 193 228 162 79 36 12 0 144 72 45 102 10 189 9 112 
54823 1985 4 29 9958 10018 9926 250 294 192 120 38 22 0 207 95 83 103 9 220 9 109 
54823 1985 4 30 9966 9985 9928 258 288 234 153 46 36 0 179 74 58 127 10 231 9 107 
54823 1985 5 1 9997 10017 9979 267 333 180 176 54 30 0 148 72 48 77 10 127 10 115 
54823 1985 5 2 9994 10006 9966 266 317 220 210 63 40 52 138 75 30 70 11 139 9 67 
54823 1985 5 3 9985 10012 9968 196 223 183 209 92 76 122 9 4 25 57 6 97 6 0 
54823 1985 5 4 9963 9985 9948 169 199 156 180 93 90 8 9 17 25 63 4 83 2 0 
54823 1985 5 5 10009 10061 9958 136 165 113 146 94 85 18 18 20 55 99 4 179 3 0 
54823 1985 5 6 10089 10105 10061 146 203 103 111 69 39 28 70 47 13 53 3 88 3 116 
54823 1985 5 7 10082 10097 10067 206 263 143 131 55 38 0 101 49 48 67 10 106 11 116 
54823 1985 5 8 10055 10078 10029 228 268 197 155 56 40 0 128 57 40 80 10 137 9 114 
54823 1985 5 9 10041 10055 10016 226 274 180 159 59 42 0 89 39 15 43 11 61 8 104 
54823 1985 5 10 10032 10057 9998 234 286 192 182 64 45 0 99 50 43 57 11 112 11 112 
54823 1985 5 11 10003 10017 9987 230 273 181 184 66 53 80 72 43 18 60 10 86 10 55 
54823 1985 5 12 9993 10030 9968 198 233 155 205 89 77 314 44 40 50 97 4 137 2 0 
54823 1985 5 13 10062 10079 10030 156 192 138 105 61 36 1 97 74 63 97 4 168 3 122 
54823 1985 5 14 10072 10083 10054 146 180 111 112 68 46 4 42 34 20 60 4 83 3 0 
54823 1985 5 15 10108 10125 10082 177 236 122 151 76 44 32700 78 32 35 67 4 90 3 97 
54823 1985 5 16 10155 10171 10125 209 256 155 167 70 47 0 69 28 18 40 3 65 2 92 
54823 1985 5 17 10142 10159 10118 188 226 152 120 56 30 18 68 45 28 37 2 58 2 38 
54823 1985 5 18 10070 10127 10028 159 207 124 145 81 61 42 20 11 30 60 4 83 3 44 
54823 1985 5 19 10012 10036 9995 207 253 164 141 59 39 0 100 39 38 87 15 134 15 115 
54823 1985 5 20 10051 10064 10018 179 225 121 94 47 35 0 32766 59 28 60 16 115 16 130 
54823 1985 5 21 10081 10097 10066 208 270 128 98 42 24 0 100 46 23 37 5 65 12 122 
54823 1985 5 22 10053 10074 10026 225 280 172 111 42 25 0 108 55 25 67 12 119 9 121 
54823 1985 5 23 10027 10044 10007 234 284 193 132 47 32 0 97 44 38 43 10 88 10 121 
54823 1985 5 24 9991 10012 9963 259 317 203 174 52 40 0 125 68 40 67 10 142 10 118 
54823 1985 5 25 10021 10055 9974 216 286 156 174 66 52 32700 72 62 50 110 4 184 3 36 
54823 1985 5 26 10009 10049 9985 179 217 139 164 80 68 0 38 31 20 60 4 94 4 0 
54823 1985 5 27 9988 10001 9972 234 280 172 166 61 40 32700 59 22 13 30 10 58 9 72 
54823 1985 5 28 10027 10047 9989 195 257 170 150 66 47 0 63 48 43 73 4 120 2 18 
54823 1985 5 29 10043 10059 10025 175 216 142 140 70 55 11 53 34 35 57 4 96 3 5 
54823 1985 5 30 10026 10038 10014 178 218 150 171 85 65 23 42 20 25 50 3 98 3 66 
54823 1985 5 31 10028 10049 9998 188 253 142 160 76 51 0 64 35 23 50 4 82 3 100 
54823 1985 6 1 10017 10034 9997 225 282 167 168 63 43 32700 82 41 23 73 4 116 4 113 
54823 1985 6 2 10020 10034 9999 263 327 179 156 48 27 0 116 53 38 63 10 114 10 129 
54823 1985 6 3 10041 10070 10008 246 303 207 189 62 42 185 101 65 43 67 10 117 13 50 
54823 1985 6 4 10086 10104 10070 224 279 172 143 56 26 0 117 68 50 73 4 116 3 117 
54823 1985 6 5 10059 10084 10021 237 290 188 166 57 40 0 81 41 20 48 4 81 4 100 
54823 1985 6 6 9973 10027 9937 248 280 225 159 51 44 0 100 63 45 70 10 126 10 61 
54823 1985 6 7 9910 9946 9866 269 328 211 160 47 25 0 159 57 70 83 10 172 9 125 
54823 1985 6 8 9878 9896 9869 304 353 258 173 40 29 0 190 91 63 99 10 198 9 113 
54823 1985 6 9 9956 9983 9886 263 327 211 172 53 29 0 110 64 30 50 10 113 1 50 
54823 1985 6 10 9973 9984 9961 279 345 217 187 50 30 0 116 55 28 57 4 105 2 103 
54823 1985 6 11 10003 10017 9984 251 307 199 213 69 42 0 32766 52 38 53 4 92 2 101 
54823 1985 6 12 10015 10025 10001 285 350 220 146 40 16 0 118 64 15 47 10 103 10 123 
54823 1985 6 13 10001 10028 9970 288 363 250 164 43 19 0 195 112 70 111 10 178 10 113 
54823 1985 6 14 10015 10038 9994 230 277 197 185 67 49 0 95 52 53 80 3 125 2 58 
54823 1985 6 15 9998 10012 9973 235 287 193 190 67 52 32700 69 42 23 63 4 96 3 50 
54823 1985 6 16 10000 10013 9982 222 254 194 215 81 65 84 37 25 18 60 10 130 9 8 
54823 1985 6 17 10000 10016 9981 255 299 200 219 68 51 0 58 23 13 40 9 32766 32766 89 
54823 1985 6 18 10005 10029 9987 270 318 237 214 62 40 0 100 46 33 50 11 102 8 102 
54823 1985 6 19 9999 10016 9976 277 317 237 191 52 36 0 115 63 38 73 10 137 9 116 
54823 1985 6 20 9980 9998 9962 281 325 240 168 45 30 0 132 74 33 60 10 110 9 110 
54823 1985 6 21 9969 9981 9949 284 339 235 202 53 37 126 147 93 38 107 12 195 11 101 
54823 1985 6 22 9995 10005 9969 284 334 237 212 56 37 0 102 51 25 70 4 117 4 118 
54823 1985 6 23 9995 10016 9969 272 333 224 172 50 29 0 134 77 33 63 4 99 2 107 
54823 1985 6 24 9967 9984 9941 298 352 234 180 44 29 0 127 59 20 40 4 68 2 127 
54823 1985 6 25 9956 9973 9940 308 365 262 197 46 30 0 150 85 43 63 9 126 9 119 
54823 1985 6 26 9951 9967 9932 296 332 257 204 50 37 0 114 61 33 52 11 94 10 111 
54823 1985 6 27 9927 9947 9905 295 360 217 207 52 32 0 138 74 25 63 3 109 3 125 
54823 1985 6 28 9949 9967 9912 298 333 257 230 55 46 0 97 55 20 40 10 79 2 86 
54823 1985 6 29 9964 9973 9947 282 317 267 248 65 50 32700 76 48 13 40 13 72 13 28 
54823 1985 6 30 9973 9987 9949 297 351 249 232 58 29 32700 98 52 18 50 2 90 1 84 
54823 1985 7 1 9970 9986 9958 293 319 259 215 53 45 32700 67 55 23 43 4 79 10 0 
54823 1985 7 2 9957 9976 9938 291 326 252 217 55 37 32700 82 52 30 50 12 100 11 27 
54823 1985 7 3 9954 9963 9936 266 322 224 213 63 37 1 91 53 18 93 8 183 10 72 
54823 1985 7 4 9967 9980 9946 232 267 189 232 82 54 103 49 41 28 80 2 141 1 31 
54823 1985 7 5 9975 9992 9965 260 320 200 218 66 44 0 71 34 28 47 10 83 10 121 
54823 1985 7 6 9965 9976 9947 286 335 233 236 62 42 0 109 51 40 60 11 114 10 128 
54823 1985 7 7 9963 9976 9944 280 340 234 238 64 52 0 92 58 30 77 10 130 10 102 
54823 1985 7 8 9952 9972 9928 288 332 247 253 65 49 32700 78 52 18 53 11 102 10 73 
54823 1985 7 9 9914 9947 9884 282 327 244 296 78 61 110 94 51 28 67 9 144 9 80 
54823 1985 7 10 9942 9953 9916 290 340 239 268 69 46 0 69 31 18 37 5 62 1 84 
54823 1985 7 11 9940 9966 9927 257 308 223 273 83 59 503 81 41 30 77 4 118 3 2 
54823 1985 7 12 9930 9934 9916 228 265 201 239 87 70 13 31 25 15 50 3 77 2 39 
54823 1985 7 13 9948 9956 9930 268 320 218 263 76 54 0 65 27 8 37 13 58 13 115 
54823 1985 7 14 9988 10015 9956 280 342 225 266 72 42 3 78 44 23 83 10 163 1 84 
54823 1985 7 15 9977 9998 9950 270 305 231 270 76 71 112 49 31 10 37 4 66 8 27 
54823 1985 7 16 9956 9968 9935 270 293 250 289 82 68 1 33 31 30 40 10 74 10 4 
54823 1985 7 17 9927 9952 9904 281 335 235 251 68 41 0 87 45 20 60 8 105 9 124 
54823 1985 7 18 9918 9938 9896 300 348 269 250 60 42 0 121 64 45 59 11 108 10 127 
54823 1985 7 19 9963 9978 9938 291 354 236 265 68 44 0 88 30 28 63 4 111 4 114 
54823 1985 7 20 9991 9995 9963 323 367 285 267 57 36 0 132 59 35 53 9 107 10 116 
54823 1985 7 21 10021 10032 9994 310 353 255 287 65 52 0 104 56 28 57 12 99 11 120 
54823 1985 7 22 10011 10029 9987 313 350 274 286 63 50 0 95 57 33 63 12 131 12 78 
54823 1985 7 23 9989 10008 9966 302 340 273 297 69 56 0 90 59 33 77 4 138 2 95 
54823 1985 7 24 9950 9987 9922 270 304 250 290 82 65 19 30 23 28 97 10 160 9 21 
54823 1985 7 25 9944 9957 9933 246 273 215 266 86 72 134 41 34 18 47 15 91 14 39 
54823 1985 7 26 9948 9964 9935 259 310 219 273 83 54 0 70 30 23 53 4 93 4 102 
54823 1985 7 27 9989 10000 9950 267 310 230 274 80 60 0 72 44 28 50 3 87 2 107 
54823 1985 7 28 10022 10034 10000 265 316 218 271 79 62 0 79 49 40 63 3 106 2 104 
54823 1985 7 29 10015 10030 9999 261 290 238 304 90 67 365 75 35 10 50 4 82 3 16 
54823 1985 7 30 9994 10015 9970 264 296 236 298 87 73 270 61 33 13 33 8 61 8 24 
54823 1985 7 31 9987 10004 9973 277 320 241 295 80 56 0 53 33 10 37 9 80 11 90 
54823 1985 8 1 9976 9992 9943 285 322 247 301 78 53 0 67 34 23 47 4 73 4 111 
54823 1985 8 2 9948 9959 9929 279 327 238 284 78 54 0 69 40 23 40 12 78 10 109 
54823 1985 8 3 9942 9973 9916 287 338 214 270 70 38 37 88 47 18 123 12 213 11 99 
54823 1985 8 4 9953 9960 9917 283 334 227 248 65 46 7 93 61 25 90 5 150 5 126 
54823 1985 8 5 9950 9966 9924 311 355 267 295 66 48 0 96 53 35 50 9 96 8 117 
54823 1985 8 6 9913 9932 9904 301 326 267 318 75 61 56 71 44 35 87 10 157 10 22 
54823 1985 8 7 9933 9939 9915 281 321 257 306 81 57 32700 43 23 15 23 12 39 12 81 
54823 1985 8 8 9955 9964 9939 301 354 255 285 69 38 0 62 24 8 30 12 72 10 99 
54823 1985 8 9 9979 9984 9954 307 349 270 294 68 46 32700 77 38 20 47 4 80 3 94 
54823 1985 8 10 9976 9988 9955 294 337 265 280 69 47 0 74 47 13 57 8 112 7 104 
54823 1985 8 11 9968 9982 9949 294 333 269 284 70 51 0 69 44 25 57 10 104 10 64 
54823 1985 8 12 9971 9980 9955 292 332 265 282 70 48 32700 68 30 23 57 11 97 10 92 
54823 1985 8 13 9975 9991 9960 272 311 243 273 77 54 32700 56 55 20 40 16 79 15 56 
54823 1985 8 14 9941 9965 9931 270 317 236 246 72 41 2 80 38 23 43 3 70 2 109 
54823 1985 8 15 9961 9972 9936 283 328 240 229 60 46 0 70 45 25 43 11 76 12 98 
54823 1985 8 16 9987 10000 9964 290 341 236 268 68 45 0 82 40 20 40 4 70 3 113 
54823 1985 8 17 9999 10006 9988 281 327 247 279 74 56 5 57 41 23 73 9 136 8 54 
54823 1985 8 18 9998 10012 9981 265 311 237 271 80 55 29 67 53 35 67 4 101 3 72 
54823 1985 8 19 9973 9993 9956 246 287 235 290 94 75 52 41 38 33 63 1 108 16 62 
54823 1985 8 20 10026 10041 9989 233 257 220 249 88 67 28 29 35 40 63 5 102 4 3 
54823 1985 8 21 10044 10053 10031 228 272 194 232 84 70 32700 65 42 45 73 5 112 4 84 
54823 1985 8 22 10042 10052 10033 243 298 216 272 90 69 330 61 29 18 47 12 98 10 41 
54823 1985 8 23 10057 10071 10047 258 313 225 291 88 59 4 51 19 20 37 4 61 9 88 
54823 1985 8 24 10051 10068 10031 282 335 239 279 75 53 32700 73 37 18 60 9 94 9 107 
54823 1985 8 25 10021 10045 10005 285 316 245 264 68 59 0 69 39 30 37 8 80 7 79 
54823 1985 8 26 10029 10038 10011 275 309 255 307 84 67 119 47 23 20 37 8 66 8 40 
54823 1985 8 27 10016 10041 9994 261 315 226 297 89 63 2 51 34 23 63 10 110 13 80 
54823 1985 8 28 10034 10049 10018 226 257 202 234 86 67 123 34 32 25 47 4 87 3 22 
54823 1985 8 29 10038 10048 10026 229 251 216 243 87 74 67 22 17 13 37 5 64 4 0 
54823 1985 8 30 10035 10043 10027 210 236 192 228 91 75 29 4 9 33 50 4 86 3 0 
54823 1985 8 31 10036 10048 10023 207 252 171 196 80 63 104 47 41 30 100 4 146 3 16 
54823 1985 9 1 10050 10061 10035 218 260 194 196 77 55 3 51 18 23 70 4 101 4 46 
54823 1985 9 2 10051 10062 10045 200 221 187 213 92 72 2 11 15 20 43 4 65 3 0 
54823 1985 9 3 10054 10064 10044 228 288 188 225 83 58 0 40 13 10 30 11 61 11 75 
54823 1985 9 4 10053 10069 10036 249 293 207 236 76 55 0 40 28 10 40 11 69 11 63 
54823 1985 9 5 10022 10042 10009 233 261 213 249 87 65 88 14 13 10 37 10 43 11 26 
54823 1985 9 6 10025 10034 10016 239 289 192 233 80 61 0 54 20 15 37 3 36 11 104 
54823 1985 9 7 10047 10062 10033 253 300 206 234 74 53 0 54 33 20 40 4 62 5 95 
54823 1985 9 8 10041 10052 10029 261 302 240 246 73 55 32700 47 29 25 47 3 79 4 31 
54823 1985 9 9 10073 10093 10042 187 247 166 206 96 86 169 0 35 25 50 2 105 2 0 
54823 1985 9 10 10088 10099 10080 174 185 163 193 97 94 29 3 18 15 43 2 72 3 0 
54823 1985 9 11 10075 10089 10066 205 260 168 196 83 52 1 40 17 15 37 3 55 2 72 
54823 1985 9 12 10103 10115 10072 208 228 194 190 78 66 2 15 11 20 33 3 48 4 0 
54823 1985 9 13 10127 10142 10115 181 203 155 181 87 76 27 16 15 8 40 2 77 16 0 
54823 1985 9 14 10135 10146 10125 151 169 142 160 94 85 101 0 3 35 50 3 86 3 0 
54823 1985 9 15 10128 10138 10115 156 172 141 170 96 93 218 0 1 38 67 4 98 3 0 
54823 1985 9 16 10144 10159 10132 172 196 156 183 93 86 193 2 9 25 47 4 91 3 0 
54823 1985 9 17 10118 10143 10099 145 170 121 154 93 86 154 0 5 25 67 4 104 3 0 
54823 1985 9 18 10108 10121 10096 174 208 150 171 87 73 32700 18 13 30 40 6 73 4 0 
54823 1985 9 19 10092 10110 10079 188 239 160 169 80 46 0 30 17 18 30 4 57 3 43 
54823 1985 9 20 10097 10112 10083 213 278 150 150 63 35 0 55 18 15 30 10 59 10 99 
54823 1985 9 21 10139 10157 10112 195 225 165 177 78 61 10 29 18 25 50 4 65 1 0 
54823 1985 9 22 10163 10180 10153 184 238 149 154 75 47 0 46 25 30 63 4 95 4 66 
54823 1985 9 23 10132 10163 10100 165 225 138 154 83 49 51 28 25 18 67 9 147 13 52 
54823 1985 9 24 10154 10174 10127 156 203 125 135 78 41 1 40 31 23 40 16 72 16 78 
54823 1985 9 25 10168 10188 10155 168 228 109 117 65 28 0 44 22 15 23 14 52 16 106 
54823 1985 9 26 10154 10167 10142 188 240 149 137 64 46 0 52 25 25 57 10 101 10 74 
54823 1985 9 27 10129 10157 10098 189 232 137 134 61 58 0 53 25 35 77 10 148 10 65 
54823 1985 9 28 10129 10141 10105 179 217 136 134 66 54 0 69 30 33 93 10 167 10 70 
54823 1985 9 29 10123 10149 10095 172 233 131 99 54 25 2 54 32 13 40 14 71 13 87 
54823 1985 9 30 10133 10165 10090 162 195 115 77 43 27 0 79 46 43 70 3 124 4 108 
54823 1985 10 1 10164 10182 10142 165 241 99 79 45 19 0 68 35 23 53 12 97 10 107 
54823 1985 10 2 10139 10156 10119 199 258 150 93 40 26 0 90 31 40 67 10 123 9 106 
54823 1985 10 3 10105 10125 10087 207 262 164 90 38 23 0 106 47 28 73 11 145 10 105 
54823 1985 10 4 10103 10113 10096 208 257 172 106 44 31 0 75 30 20 50 10 104 9 101 
54823 1985 10 5 10100 10117 10080 178 249 115 142 71 41 0 45 27 8 27 2 53 2 96 
54823 1985 10 6 10059 10085 10034 217 284 160 118 49 19 0 83 52 35 70 10 126 10 101 
54823 1985 10 7 10045 10058 10038 233 272 212 131 46 33 0 87 38 35 73 10 121 9 48 
54823 1985 10 8 10055 10067 10041 222 294 170 161 64 32 0 55 14 8 37 10 80 10 90 
54823 1985 10 9 10073 10091 10057 195 236 155 191 85 54 0 18 14 15 30 15 40 14 20 
54823 1985 10 10 10063 10074 10050 212 267 171 200 81 54 4 34 19 15 33 4 49 2 72 
54823 1985 10 11 10082 10097 10058 211 246 180 199 80 64 0 32 20 38 63 4 102 4 11 
54823 1985 10 12 10114 10133 10078 117 215 105 132 96 77 434 36 72 38 127 4 171 1 0 
54823 1985 10 13 10139 10161 10121 140 206 79 111 74 31 0 28 12 0 23 16 40 2 89 
54823 1985 10 14 10135 10151 10127 153 179 134 121 70 50 32700 19 15 5 37 12 61 10 0 
54823 1985 10 15 10105 10130 10085 148 183 135 144 86 63 63 15 4 10 30 5 15 12 0 
54823 1985 10 16 10173 10207 10101 110 140 99 86 66 52 46 37 32 38 83 2 145 2 5 
54823 1985 10 17 10201 10228 10180 104 133 82 77 62 42 0 22 15 0 27 2 51 2 25 
54823 1985 10 18 10169 10187 10154 109 148 76 78 62 37 0 25 10 5 27 2 40 1 48 
54823 1985 10 19 10187 10203 10162 116 145 95 93 69 49 32700 16 7 13 33 11 39 4 0 
54823 1985 10 20 10221 10239 10203 117 161 85 97 71 49 0 27 18 13 47 12 75 12 50 
54823 1985 10 21 10195 10220 10162 137 175 110 106 68 52 0 44 27 50 73 10 132 10 96 
54823 1985 10 22 10162 10179 10142 164 220 122 116 64 41 0 55 17 35 70 11 122 10 95 
54823 1985 10 23 10115 10142 10100 180 231 148 117 57 40 0 54 27 35 70 10 134 10 87 
54823 1985 10 24 10131 10143 10116 160 217 113 131 74 44 0 27 14 0 27 15 38 16 74 
54823 1985 10 25 10158 10174 10143 137 178 100 141 90 75 0 9 12 3 27 13 44 13 37 
54823 1985 10 26 10159 10171 10145 169 220 140 120 64 39 0 39 13 23 47 10 87 10 70 
54823 1985 10 27 10156 10171 10143 156 208 123 129 74 41 0 33 14 13 30 5 47 1 36 
54823 1985 10 28 10122 10145 10107 150 189 122 135 81 58 0 12 9 5 23 16 35 16 26 
54823 1985 10 29 10128 10142 10115 158 209 121 136 77 52 0 25 19 18 37 4 58 2 67 
54823 1985 10 30 10141 10157 10126 149 207 100 135 82 53 0 17 5 8 23 10 36 10 62 
54823 1985 10 31 10188 10215 10134 105 168 80 81 64 37 139 72 42 40 87 2 127 1 95 
54823 1985 11 1 10232 10248 10215 73 117 34 72 72 49 0 26 23 23 43 3 75 3 87 
54823 1985 11 2 10220 10233 10203 91 150 39 71 64 41 0 28 21 13 43 10 73 12 89 
54823 1985 11 3 10194 10217 10178 128 172 95 88 60 46 0 38 28 20 70 10 123 10 76 
54823 1985 11 4 10193 10215 10172 125 167 95 103 72 53 0 22 11 8 47 4 74 3 33 
54823 1985 11 5 10150 10179 10135 130 149 118 120 80 56 1 16 5 13 27 11 39 11 0 
54823 1985 11 6 10148 10161 10143 108 146 59 120 93 74 0 8 10 20 37 4 56 4 24 
54823 1985 11 7 10158 10164 10149 99 142 57 115 94 79 0 8 4 3 27 4 38 16 16 
54823 1985 11 8 10198 10216 10162 32 111 15 57 75 42 75 21 20 28 77 16 141 15 41 
54823 1985 11 9 10138 10190 10106 27 76 -24 34 49 24 0 22 19 38 64 12 126 13 89 
54823 1985 11 10 10093 10110 10080 64 110 18 37 39 26 0 32 32766 20 50 9 77 10 89 
54823 1985 11 11 10140 10155 10088 25 62 1 30 41 31 0 35 32766 35 60 4 96 3 86 
54823 1985 11 12 10144 10162 10126 55 124 2 48 55 36 0 26 32766 18 47 10 88 10 82 
54823 1985 11 13 10171 10190 10141 55 93 29 41 46 31 0 34 32766 28 63 4 92 3 85 
54823 1985 11 14 10149 10160 10141 87 143 40 52 47 37 0 41 32766 30 57 11 98 10 85 
54823 1985 11 15 10146 10162 10133 94 160 31 58 51 27 0 30 32766 25 77 10 134 10 75 
54823 1985 11 16 10153 10180 10115 56 104 33 51 56 29 0 27 32766 35 50 16 97 16 62 
54823 1985 11 17 10157 10182 10140 50 109 2 36 42 24 0 50 32766 25 67 13 104 10 89 
54823 1985 11 18 10093 10144 10044 97 141 41 48 38 29 0 53 32766 50 73 9 144 9 85 
54823 1985 11 19 10078 10104 10039 89 139 38 52 45 29 0 47 32766 25 83 10 178 10 84 
54823 1985 11 20 10068 10098 10042 130 183 60 50 33 27 0 75 32766 58 103 11 194 9 82 
54823 1985 11 21 10043 10053 10027 144 177 117 102 63 30 4 36 32766 18 50 8 96 8 0 
54823 1985 11 22 10104 10165 10043 84 127 41 107 95 87 32 0 32766 25 107 4 162 3 0 
54823 1985 11 23 10180 10198 10162 55 92 20 60 69 43 0 16 32766 30 67 4 110 2 24 
54823 1985 11 24 10201 10224 10185 51 87 11 44 52 23 0 32 32766 18 47 3 77 2 85 
54823 1985 11 25 10141 10186 10122 90 136 42 52 45 33 0 59 32766 60 90 10 153 10 85 
54823 1985 11 26 10143 10164 10133 95 142 60 79 68 52 0 27 32766 20 57 10 99 9 74 
54823 1985 11 27 10155 10181 10134 40 83 4 74 91 77 0 8 32766 8 37 15 51 14 0 
54823 1985 11 28 10245 10268 10179 22 50 -2 33 46 25 0 30 32766 25 47 4 82 1 83 
54823 1985 11 29 10230 10265 10201 34 73 -17 23 30 13 0 22 32766 45 70 10 122 10 63 
54823 1985 11 30 10201 10232 10168 8 56 -37 31 53 23 0 27 32766 35 57 11 90 10 80 
54823 1985 12 1 10172 10204 10116 31 55 5 27 37 19 0 41 32766 38 73 10 133 10 80 
54823 1985 12 2 10161 10209 10108 53 98 -15 29 33 23 0 42 32766 65 90 10 193 10 82 
54823 1985 12 3 10109 10134 10087 82 123 50 48 44 31 0 62 32766 45 110 10 209 10 61 
54823 1985 12 4 10154 10176 10134 35 83 -2 58 76 54 0 18 32766 30 53 4 78 3 53 
54823 1985 12 5 10184 10218 10146 13 47 -9 47 71 44 0 21 32766 60 97 4 144 3 65 
54823 1985 12 6 10229 10252 10199 -18 7 -42 36 68 51 32700 16 32766 38 100 4 153 3 6 
54823 1985 12 7 10270 10292 10211 -77 -11 -114 26 70 45 75 27 32766 35 73 2 127 2 43 
54823 1985 12 8 10264 10293 10236 -110 -73 -145 15 59 35 0 6 32766 18 30 4 44 4 80 
54823 1985 12 9 10248 10263 10231 -95 -49 -128 18 61 43 0 8 32766 18 43 1 75 2 69 
54823 1985 12 10 10251 10273 10231 -94 -58 -125 18 61 45 0 7 32766 25 37 4 50 3 42 
54823 1985 12 11 10235 10261 10206 -72 -10 -122 21 62 34 0 10 32766 28 43 12 64 12 80 
54823 1985 12 12 10174 10220 10140 -13 32 -60 27 48 34 0 16 32766 38 67 10 132 9 79 
54823 1985 12 13 10152 10190 10123 21 59 -9 39 55 41 0 14 32766 30 50 10 78 9 47 
54823 1985 12 14 10229 10245 10190 -23 13 -49 31 62 35 0 14 32766 15 47 3 69 2 72 
54823 1985 12 15 10227 10241 10219 -43 -7 -76 23 53 34 0 10 32766 15 33 12 46 4 78 
54823 1985 12 16 10195 10220 10186 -21 20 -46 23 45 31 0 14 32766 20 43 11 59 10 83 
54823 1985 12 17 10205 10229 10188 -15 35 -44 30 56 28 0 10 32766 18 43 5 59 5 62 
54823 1985 12 18 10221 10238 10198 -21 7 -54 31 60 41 0 14 32766 23 73 3 98 2 73 
54823 1985 12 19 10263 10281 10238 -14 37 -54 29 53 31 0 9 32766 23 30 5 39 4 78 
54823 1985 12 20 10284 10299 10271 -7 55 -50 32 60 26 0 8 32766 10 27 13 41 12 54 
54823 1985 12 21 10252 10278 10235 13 38 -4 44 66 46 0 9 32766 33 47 11 72 11 6 
54823 1985 12 22 10246 10259 10235 -2 17 -15 52 86 69 32700 6 32766 20 33 11 59 10 9 
54823 1985 12 23 10266 10286 10252 -19 33 -61 37 71 45 0 8 32766 23 37 13 52 13 71 
54823 1985 12 24 10194 10252 10175 6 31 -16 45 70 51 0 14 32766 45 100 10 184 9 59 
54823 1985 12 25 10234 10257 10197 7 46 -22 52 82 55 0 10 32766 20 40 4 53 2 27 
54823 1985 12 26 10200 10237 10184 26 78 -29 51 70 50 0 9 32766 23 50 11 78 10 38 
54823 1985 12 27 10201 10219 10191 35 81 -3 52 68 39 0 11 32766 10 30 13 41 13 58 
54823 1985 12 28 10170 10197 10147 54 80 15 65 73 59 0 6 32766 13 40 10 58 10 0 
54823 1985 12 29 10139 10154 10127 24 52 3 67 92 79 6 20 32766 20 27 3 44 2 0 
54823 1985 12 30 10165 10183 10142 11 42 -12 52 80 55 64 14 32766 25 60 4 116 3 71 
54823 1985 12 31 10201 10225 10183 -16 12 -28 30 55 38 0 19 32766 28 50 4 80 4 70 
54823 1986 1 1 10203 10217 10195 -39 -2 -66 24 53 38 0 32766 32766 28 57 4 95 4 79 
54823 1986 1 2 10156 10198 10108 1 47 -55 37 61 31 0 20 32766 53 107 10 176 9 64 
54823 1986 1 3 10178 10256 10115 -11 63 -72 30 47 21 0 38 32766 55 90 16 173 9 73 
54823 1986 1 4 10283 10309 10256 -99 -71 -127 8 27 18 0 14 32766 30 53 2 112 1 82 
54823 1986 1 5 10225 10281 10197 -51 7 -92 13 30 23 0 18 32766 35 70 12 116 11 81 
54823 1986 1 6 10140 10199 10098 10 65 -34 21 32 21 0 26 32766 45 60 10 101 10 73 
54823 1986 1 7 10150 10214 10093 -14 28 -30 37 68 41 3 20 32766 28 63 1 140 1 39 
