V01000 V04001 V04002 V04003 V10004 V10201 V10202 V12001 V12052 V12053 V13004 V13003 V13007 V13201 V13241 V13242 V11002 V11042 V11212 V11041 V11043 V14032
54161 1986 1 4 9947 9967 9907 -246 -214 -268 6 66 56 3 6 32766 45 87 1 32766 32766 51 
54161 1986 1 5 9901 9959 9866 -256 -217 -302 6 71 62 0 2 32766 38 73 12 32766 32766 71 
54161 1986 1 6 9835 9866 9811 -187 -129 -258 10 65 54 0 5 32766 53 103 11 32766 32766 71 
54161 1986 1 7 9868 9884 9823 -187 -140 -225 10 71 57 0 4 32766 33 67 12 32766 32766 73 
54161 1986 1 8 9914 9949 9884 -210 -169 -249 9 73 68 32700 1 32766 35 60 12 32766 32766 63 
54161 1986 1 9 9989 10019 9949 -211 -176 -248 9 78 69 3 2 32766 30 53 12 32766 32766 62 
54161 1986 1 10 10030 10039 10019 -215 -167 -249 9 77 63 0 1 32766 20 40 11 32766 32766 61 
54161 1986 1 11 10025 10039 10015 -186 -142 -230 9 66 53 0 4 32766 28 40 8 32766 32766 67 
54161 1986 1 12 9962 10015 9937 -153 -87 -190 15 74 55 2 3 32766 45 80 13 32766 32766 0 
54161 1986 1 13 9933 9949 9912 -169 -126 -226 12 69 60 0 4 32766 40 80 11 32766 32766 71 
54161 1986 1 14 9912 9929 9903 -128 -64 -183 15 65 44 0 6 32766 23 67 12 32766 32766 79 
54161 1986 1 15 9873 9907 9847 -92 -47 -132 20 65 51 0 9 32766 35 60 8 32766 32766 54 
54161 1986 1 16 9840 9876 9818 -59 -29 -128 30 73 50 0 8 32766 58 117 11 32766 32766 33 
54161 1986 1 17 9944 9966 9876 -135 -86 -171 16 75 52 0 2 32766 23 40 10 32766 32766 70 
54161 1986 1 18 9938 9977 9894 -101 -45 -156 20 70 53 0 7 32766 28 60 9 32766 32766 70 
54161 1986 1 19 9958 10012 9893 -121 -68 -162 18 73 55 0 6 32766 35 63 2 32766 32766 50 
54161 1986 1 20 10064 10089 10012 -212 -161 -243 7 66 46 0 2 32766 28 63 2 32766 32766 73 
54161 1986 1 21 9991 10064 9954 -202 -142 -245 9 69 61 0 3 32766 35 80 12 32766 32766 73 
54161 1986 1 22 9869 9952 9841 -149 -91 -201 14 69 52 0 5 32766 40 70 12 32766 32766 69 
54161 1986 1 23 9886 9933 9824 -149 -124 -163 12 63 45 2 6 32766 15 47 4 32766 32766 66 
54161 1986 1 24 9941 9974 9912 -158 -113 -196 13 68 53 0 3 32766 30 80 12 32766 32766 65 
54161 1986 1 25 10005 10020 9976 -196 -155 -239 9 69 48 0 3 32766 15 57 13 32766 32766 70 
54161 1986 1 26 9973 9998 9955 -200 -145 -234 8 63 46 0 5 32766 35 60 13 32766 32766 79 
54161 1986 1 27 9877 9955 9827 -136 -73 -211 13 56 43 0 10 32766 78 133 11 32766 32766 29 
54161 1986 1 28 9925 9948 9830 -131 -78 -186 16 74 47 32700 5 32766 23 80 12 32766 32766 70 
54161 1986 1 29 9920 9949 9895 -122 -64 -148 19 75 57 7 4 32766 33 77 2 32766 32766 0 
54161 1986 1 30 9988 10004 9924 -212 -145 -260 6 54 35 32700 5 32766 15 70 1 32766 32766 75 
54161 1986 1 31 9950 9986 9937 -197 -153 -232 8 62 54 0 3 32766 33 70 12 32766 32766 77 
54161 1986 2 1 9938 9952 9926 -198 -151 -246 8 62 49 0 3 32766 30 50 11 32766 32766 79 
54161 1986 2 2 9910 9930 9896 -209 -167 -253 8 66 54 0 3 32766 28 70 12 32766 32766 84 
54161 1986 2 3 9923 9936 9905 -188 -137 -240 9 63 53 0 4 32766 35 80 12 32766 32766 82 
54161 1986 2 4 9940 9955 9929 -181 -127 -227 10 64 54 0 4 32766 33 73 12 32766 32766 77 
54161 1986 2 5 9970 9979 9955 -169 -121 -201 11 65 52 0 4 32766 28 63 12 32766 32766 82 
54161 1986 2 6 9975 9984 9971 -161 -108 -191 12 64 55 0 5 32766 25 53 11 32766 32766 78 
54161 1986 2 7 9951 9972 9940 -149 -95 -196 12 61 47 0 6 32766 33 67 11 32766 32766 79 
54161 1986 2 8 9952 9996 9924 -133 -82 -166 15 67 59 0 4 32766 45 80 15 32766 32766 77 
54161 1986 2 9 10008 10020 9997 -140 -68 -200 14 70 42 0 7 32766 30 90 12 32766 32766 85 
54161 1986 2 10 9974 9995 9959 -106 -46 -153 17 62 47 0 8 32766 25 63 11 32766 32766 84 
54161 1986 2 11 9923 9959 9903 -94 -39 -144 19 62 44 0 8 32766 38 80 12 32766 32766 85 
54161 1986 2 12 9860 9904 9823 -47 7 -96 25 56 50 0 10 32766 43 93 11 32766 32766 50 
54161 1986 2 13 9853 9900 9813 -76 -20 -119 27 79 50 32700 9 32766 25 60 8 32766 32766 0 
54161 1986 2 14 9963 9994 9901 -117 -74 -156 17 68 46 32700 9 32766 28 70 2 32766 32766 81 
54161 1986 2 15 10010 10021 9996 -133 -78 -190 13 62 26 0 8 32766 18 50 16 32766 32766 92 
54161 1986 2 16 9979 10001 9957 -93 -23 -143 16 52 36 0 12 32766 33 63 10 32766 32766 71 
54161 1986 2 17 9977 9998 9953 -64 -11 -124 20 54 34 0 12 32766 20 30 9 32766 32766 77 
54161 1986 2 18 9910 9953 9887 -53 -21 -85 34 81 61 1 4 32766 3 27 9 32766 32766 0 
54161 1986 2 19 9947 9985 9904 -78 -40 -106 25 73 50 12 9 32766 23 67 16 32766 32766 79 
54161 1986 2 20 9968 9994 9939 -110 -34 -181 17 67 42 0 9 32766 25 63 12 32766 32766 88 
54161 1986 2 21 9903 9939 9880 -80 -20 -151 20 59 39 0 7 32766 23 47 15 32766 32766 95 
54161 1986 2 22 9865 9902 9812 -102 -60 -132 16 56 26 32700 12 32766 45 100 16 32766 32766 76 
54161 1986 2 23 9943 9959 9903 -130 -67 -177 16 70 46 32700 6 32766 15 57 15 32766 32766 73 
54161 1986 2 24 9964 9977 9958 -101 -30 -163 17 60 39 0 13 32766 33 63 13 32766 32766 94 
54161 1986 2 25 9953 9975 9932 -86 -27 -120 19 61 32 3 13 32766 38 87 12 32766 32766 34 
54161 1986 2 26 9952 9967 9937 -154 -106 -186 14 70 56 4 7 32766 23 93 12 32766 32766 41 
54161 1986 2 27 9980 9999 9967 -112 -53 -167 22 82 77 1 5 32766 18 57 16 32766 32766 49 
54161 1986 2 28 9999 10008 9994 -103 -46 -159 19 69 45 1 10 32766 25 50 1 32766 32766 95 
54161 1986 3 1 9946 9996 9911 -83 -12 -136 18 58 32 0 15 32766 33 57 12 32766 32766 100 
54161 1986 3 2 9891 9934 9869 -54 11 -100 23 54 49 0 19 32766 38 80 12 32766 32766 95 
54161 1986 3 3 9920 9954 9863 -47 14 -108 20 47 24 0 24 32766 33 70 8 32766 32766 94 
54161 1986 3 4 9827 9890 9793 -9 51 -54 30 54 33 0 35 32766 63 117 16 32766 32766 95 
54161 1986 3 5 9955 9980 9892 -48 1 -96 25 60 37 0 16 32766 20 50 1 32766 32766 94 
54161 1986 3 6 9945 9994 9906 11 70 -41 32 49 39 0 36 32766 43 110 11 32766 32766 96 
54161 1986 3 7 10018 10051 9982 -11 30 -55 33 60 35 0 20 32766 25 60 5 32766 32766 92 
54161 1986 3 8 9958 9982 9945 -49 -21 -57 36 84 65 29 19 32766 28 80 2 32766 32766 0 
54161 1986 3 9 9901 9977 9844 -64 -50 -80 32 84 74 30 32766 32766 58 97 3 32766 32766 0 
54161 1986 3 10 9889 9907 9844 -80 -39 -136 23 69 48 21 21 32766 40 107 16 32766 32766 101 
54161 1986 3 11 9837 9890 9807 -36 -6 -81 36 73 55 14 11 32766 40 80 8 32766 32766 0 
54161 1986 3 12 9838 9881 9798 -17 -2 -38 47 85 74 3 12 32766 43 93 12 32766 32766 10 
54161 1986 3 13 9916 9937 9881 -35 33 -106 30 64 40 0 15 32766 20 47 12 32766 32766 103 
54161 1986 3 14 9820 9914 9775 7 48 -48 37 54 39 32700 23 32766 65 123 10 32766 32766 25 
54161 1986 3 15 9789 9830 9752 -37 31 -55 24 52 32 10 30 32766 88 160 11 32766 32766 58 
54161 1986 3 16 9921 9940 9832 -33 11 -70 32 68 41 4 16 32766 38 100 16 32766 32766 91 
54161 1986 3 17 9910 9942 9878 -8 48 -55 34 61 37 0 19 32766 33 57 12 32766 32766 107 
54161 1986 3 18 9815 9880 9784 12 41 -13 36 54 35 0 23 32766 23 37 8 32766 32766 27 
54161 1986 3 19 9802 9839 9778 -8 10 -13 51 88 68 9 7 32766 38 70 15 32766 32766 0 
54161 1986 3 20 9886 9904 9841 3 50 -46 44 72 41 1 18 32766 23 43 15 32766 32766 100 
54161 1986 3 21 9907 9912 9896 19 63 -14 47 68 47 32700 22 32766 18 50 12 32766 32766 74 
54161 1986 3 22 9902 9915 9885 20 72 -16 45 65 42 0 32766 32766 18 40 12 32766 32766 100 
54161 1986 3 23 9916 9926 9892 3 42 -32 34 56 32 0 28 32766 28 50 2 32766 32766 109 
54161 1986 3 24 9916 9933 9895 19 65 -34 39 58 37 0 27 32766 20 47 8 32766 32766 108 
54161 1986 3 25 9904 9911 9893 24 75 -3 40 57 25 32700 39 32766 28 60 15 32766 32766 90 
54161 1986 3 26 9917 9934 9903 28 70 -31 43 60 36 32700 33 32766 28 77 15 32766 32766 100 
54161 1986 3 27 9909 9934 9879 15 66 -18 42 65 26 36 36 32766 30 67 5 32766 32766 63 
54161 1986 3 28 9861 9879 9848 1 43 -21 53 87 57 67 21 32766 25 50 3 32766 32766 37 
54161 1986 3 29 9842 9869 9814 35 92 -13 51 68 26 0 28 32766 38 73 11 32766 32766 106 
54161 1986 3 30 9816 9823 9803 24 72 -21 40 57 31 0 34 32766 43 90 13 32766 32766 84 
54161 1986 3 31 9832 9857 9809 36 105 -27 44 58 33 0 37 32766 35 77 12 32766 32766 104 
54161 1986 4 1 9848 9894 9791 46 95 -5 45 56 28 0 50 32766 48 70 11 32766 32766 109 
54161 1986 4 2 9871 9913 9817 71 144 -11 51 51 25 0 49 32766 48 73 10 32766 32766 91 
54161 1986 4 3 9822 9839 9804 91 132 44 55 48 16 0 87 32766 88 153 11 32766 32766 80 
54161 1986 4 4 9831 9854 9817 63 111 26 39 43 19 0 61 32766 30 80 14 32766 32766 78 
54161 1986 4 5 9832 9849 9815 7 75 -19 43 67 38 32700 46 32766 40 137 13 32766 32766 95 
54161 1986 4 6 9876 9913 9835 6 50 -42 26 42 25 0 42 32766 43 70 15 32766 32766 113 
54161 1986 4 7 9850 9917 9773 69 147 -14 33 34 18 0 79 32766 58 110 10 32766 32766 106 
54161 1986 4 8 9745 9784 9715 113 147 65 56 41 24 0 133 32766 103 200 11 32766 32766 0 
54161 1986 4 9 9789 9812 9745 57 98 25 69 74 36 67 19 32766 25 63 10 32766 32766 0 
54161 1986 4 10 9831 9842 9800 19 68 -35 28 43 20 0 60 32766 55 120 13 32766 32766 113 
54161 1986 4 11 9847 9865 9832 16 72 -38 27 41 20 0 54 32766 45 93 15 32766 32766 119 
54161 1986 4 12 9850 9876 9836 52 120 -15 40 46 29 0 61 32766 45 67 12 32766 32766 125 
54161 1986 4 13 9861 9883 9826 93 189 4 47 42 19 0 77 32766 33 57 7 32766 32766 112 
54161 1986 4 14 9845 9895 9813 107 163 44 55 43 27 0 109 32766 83 190 11 32766 32766 92 
54161 1986 4 15 9905 9915 9897 -7 46 -49 23 42 13 7 49 32766 33 90 16 32766 32766 119 
54161 1986 4 16 9831 9904 9785 23 85 -51 36 48 22 0 39 32766 35 113 11 32766 32766 54 
54161 1986 4 17 9768 9798 9754 72 141 11 50 55 19 0 68 32766 38 123 12 32766 32766 109 
54161 1986 4 18 9739 9779 9699 138 221 49 58 39 18 0 157 32766 100 173 10 32766 32766 80 
54161 1986 4 19 9805 9816 9731 43 168 2 79 93 38 254 20 32766 33 143 11 32766 32766 0 
54161 1986 4 20 9838 9858 9814 25 73 -4 49 67 44 32700 29 32766 60 107 11 32766 32766 65 
54161 1986 4 21 9887 9905 9858 45 100 -12 51 62 33 32700 43 32766 23 70 10 32766 32766 87 
54161 1986 4 22 9844 9888 9822 42 64 30 71 86 58 40 6 32766 20 53 9 32766 32766 0 
54161 1986 4 23 9850 9867 9828 53 93 21 70 79 48 37 27 32766 20 60 13 32766 32766 49 
54161 1986 4 24 9842 9880 9814 41 66 27 74 91 65 22 7 32766 10 53 12 32766 32766 0 
54161 1986 4 25 9894 9909 9881 73 138 6 75 77 39 0 39 32766 8 43 11 32766 32766 104 
54161 1986 4 26 9835 9886 9797 102 143 54 72 59 40 0 43 32766 20 67 11 32766 32766 40 
54161 1986 4 27 9781 9816 9755 94 139 57 72 62 40 31 57 32766 33 93 16 32766 32766 75 
54161 1986 4 28 9855 9864 9816 99 172 20 68 61 25 0 74 32766 30 87 12 32766 32766 113 
54161 1986 4 29 9866 9888 9855 136 207 67 57 39 17 0 108 32766 55 120 11 32766 32766 114 
54161 1986 4 30 9872 9896 9843 159 236 95 58 35 14 0 160 32766 53 143 11 32766 32766 108 
54161 1986 5 1 9841 9861 9815 151 218 82 73 45 21 0 120 32766 40 80 12 32766 32766 124 
54161 1986 5 2 9847 9865 9809 165 251 69 74 44 17 0 113 32766 28 80 13 32766 32766 125 
54161 1986 5 3 9853 9869 9828 202 284 126 66 30 15 0 170 32766 53 137 12 32766 32766 115 
54161 1986 5 4 9840 9862 9813 213 293 126 77 32 16 0 161 32766 45 90 12 32766 32766 126 
54161 1986 5 5 9797 9826 9765 218 293 140 84 34 20 0 175 32766 53 93 11 32766 32766 112 
54161 1986 5 6 9732 9774 9695 218 299 138 89 35 20 0 200 32766 70 113 11 32766 32766 118 
54161 1986 5 7 9732 9778 9669 126 216 85 70 47 40 0 103 32766 53 110 16 32766 32766 57 
54161 1986 5 8 9767 9788 9752 37 92 -2 56 72 41 101 21 32766 30 57 2 32766 32766 0 
54161 1986 5 9 9812 9836 9778 67 138 -11 51 54 25 0 72 32766 38 107 12 32766 32766 129 
54161 1986 5 10 9811 9832 9793 101 152 36 48 42 17 0 79 32766 33 83 11 32766 32766 121 
54161 1986 5 11 9808 9818 9794 105 175 53 67 58 20 32700 68 32766 33 90 12 32766 32766 71 
54161 1986 5 12 9786 9821 9743 145 226 77 84 54 24 11 89 32766 38 80 11 32766 32766 77 
54161 1986 5 13 9700 9743 9689 140 185 110 106 67 50 32700 68 32766 55 117 9 32766 32766 37 
54161 1986 5 14 9704 9723 9692 94 136 72 108 91 71 19 7 32766 43 90 16 32766 32766 0 
54161 1986 5 15 9775 9800 9723 88 113 64 97 86 73 39 12 32766 43 70 2 32766 32766 0 
54161 1986 5 16 9805 9816 9791 96 149 38 99 85 59 0 28 32766 13 47 16 32766 32766 46 
54161 1986 5 17 9806 9812 9792 137 204 70 91 62 29 0 79 32766 38 120 13 32766 32766 80 
54161 1986 5 18 9812 9831 9788 142 223 75 79 56 16 0 124 32766 45 110 12 32766 32766 122 
54161 1986 5 19 9790 9798 9780 128 190 49 62 44 22 32700 83 32766 40 83 15 32766 32766 99 
54161 1986 5 20 9810 9824 9797 120 167 80 78 56 38 32700 73 32766 38 80 16 32766 32766 70 
54161 1986 5 21 9814 9823 9804 138 207 66 82 54 27 32700 78 32766 25 93 14 32766 32766 76 
54161 1986 5 22 9823 9840 9804 147 216 76 72 47 22 0 89 32766 15 60 13 32766 32766 123 
54161 1986 5 23 9745 9812 9705 169 242 122 107 56 38 10 73 32766 35 67 2 32766 32766 32 
54161 1986 5 24 9821 9851 9734 149 207 88 82 50 28 18 98 32766 48 100 16 32766 32766 121 
54161 1986 5 25 9847 9870 9820 168 247 67 74 43 18 0 115 32766 33 67 32766 32766 32766 128 
54161 1986 5 26 9818 9833 9799 206 276 115 67 30 14 0 155 32766 45 83 32766 32766 32766 130 
54161 1986 5 27 9790 9812 9755 211 274 153 93 38 29 32700 191 32766 78 140 11 32766 32766 116 
54161 1986 5 28 9754 9782 9722 211 288 147 135 58 15 3 181 32766 83 140 10 32766 32766 132 
54161 1986 5 29 9744 9757 9724 220 296 144 130 53 22 0 121 32766 30 100 32766 32766 32766 135 
54161 1986 5 30 9726 9735 9704 206 246 161 90 39 15 1 164 32766 38 110 32766 32766 32766 116 
54161 1986 5 31 9776 9792 9722 183 251 91 106 53 35 0 94 32766 13 60 16 32766 32766 116 
54161 1986 6 1 9779 9794 9763 215 279 160 125 50 32 2 88 35 13 80 32766 32766 32766 80 
54161 1986 6 2 9753 9770 9733 207 258 156 165 68 48 0 76 41 35 70 11 32766 32766 70 
54161 1986 6 3 9782 9804 9740 179 226 124 154 76 50 220 91 58 25 70 3 32766 32766 87 
54161 1986 6 4 9835 9851 9804 180 227 145 151 74 51 0 68 35 25 53 4 32766 32766 98 
54161 1986 6 5 9859 9872 9844 197 252 129 153 68 45 0 84 47 15 63 9 32766 32766 130 
54161 1986 6 6 9841 9858 9823 216 287 142 152 61 35 0 82 37 8 33 11 32766 32766 115 
54161 1986 6 7 9803 9828 9765 245 317 167 146 50 29 0 136 63 40 77 11 32766 32766 127 
54161 1986 6 8 9795 9827 9741 208 254 170 131 55 29 32 115 70 23 83 1 32766 32766 122 
54161 1986 6 9 9827 9839 9809 206 262 107 69 30 16 0 88 57 8 37 8 32766 32766 134 
54161 1986 6 10 9832 9840 9814 238 297 157 95 33 21 0 123 61 13 50 7 32766 32766 137 
54161 1986 6 11 9859 9877 9840 249 317 185 105 36 14 0 160 84 43 80 11 32766 32766 132 
54161 1986 6 12 9860 9870 9845 255 313 184 128 40 31 0 177 92 43 110 12 32766 32766 133 
54161 1986 6 13 9861 9870 9853 235 280 194 137 48 37 0 117 70 38 90 12 32766 32766 68 
54161 1986 6 14 9846 9873 9819 218 270 173 164 64 43 7 60 42 15 50 12 32766 32766 50 
54161 1986 6 15 9781 9820 9754 225 264 181 176 65 52 0 53 27 18 43 11 32766 32766 24 
54161 1986 6 16 9736 9766 9713 188 218 171 183 85 71 26 13 9 15 37 5 32766 32766 1 
54161 1986 6 17 9712 9719 9707 167 199 141 157 83 57 15 28 28 23 47 5 32766 32766 0 
54161 1986 6 18 9751 9776 9721 160 183 135 159 88 70 43 16 15 23 80 2 32766 32766 0 
54161 1986 6 19 9796 9811 9776 205 265 145 160 68 46 0 67 29 10 30 16 32766 32766 103 
54161 1986 6 20 9782 9794 9774 199 250 165 184 80 60 25 31 16 20 73 10 32766 32766 27 
54161 1986 6 21 9784 9790 9775 208 271 141 173 74 44 0 62 32 5 40 1 32766 32766 99 
54161 1986 6 22 9801 9811 9786 237 292 172 189 66 42 1 79 32 5 40 8 32766 32766 116 
54161 1986 6 23 9798 9816 9775 245 294 205 206 68 46 1 76 45 8 53 9 32766 32766 100 
54161 1986 6 24 9772 9787 9746 255 304 204 204 64 43 0 132 60 53 107 11 32766 32766 134 
54161 1986 6 25 9739 9764 9716 253 311 197 211 67 48 0 121 77 50 80 10 32766 32766 127 
54161 1986 6 26 9741 9754 9729 266 316 206 229 67 53 4 95 41 53 80 10 32766 32766 114 
54161 1986 6 27 9732 9747 9718 250 282 223 219 70 54 0 73 45 35 70 10 32766 32766 9 
54161 1986 6 28 9624 9724 9586 190 233 177 203 92 63 307 21 29 38 67 10 32766 32766 0 
54161 1986 6 29 9636 9676 9596 181 194 167 192 93 85 142 5 2 33 87 12 32766 32766 0 
54161 1986 6 30 9744 9787 9676 168 183 147 167 88 78 10 13 17 35 53 2 32766 32766 0 
54161 1986 7 1 9812 9825 9787 186 243 120 166 78 57 0 65 36 25 53 2 32766 32766 140 
54161 1986 7 2 9805 9818 9789 219 280 154 185 72 46 0 54 32 8 23 13 32766 32766 116 
54161 1986 7 3 9793 9796 9786 240 288 174 187 64 43 0 80 35 18 43 11 32766 32766 120 
54161 1986 7 4 9813 9828 9796 229 266 193 202 73 56 17 54 35 15 40 10 32766 32766 65 
54161 1986 7 5 9792 9810 9774 200 233 178 191 82 60 87 25 12 0 37 10 32766 32766 0 
54161 1986 7 6 9791 9796 9782 186 228 167 189 88 50 72 31 18 10 47 12 32766 32766 17 
54161 1986 7 7 9820 9829 9795 194 249 153 188 84 55 0 42 12 8 27 12 32766 32766 81 
54161 1986 7 8 9825 9838 9805 210 244 183 210 85 63 68 44 19 10 67 10 32766 32766 33 
54161 1986 7 9 9820 9829 9811 229 273 187 210 76 56 226 94 53 18 67 9 32766 32766 86 
54161 1986 7 10 9826 9835 9817 215 270 180 212 83 48 23 47 34 13 43 10 32766 32766 76 
54161 1986 7 11 9813 9825 9799 205 244 181 214 90 64 196 39 31 5 73 12 32766 32766 24 
54161 1986 7 12 9795 9806 9778 214 245 187 226 89 69 96 16 0 0 23 16 32766 32766 28 
54161 1986 7 13 9767 9794 9741 214 271 179 220 88 61 140 72 42 8 50 11 32766 32766 67 
54161 1986 7 14 9711 9752 9686 205 234 184 218 90 80 611 60 53 35 80 9 32766 32766 7 
54161 1986 7 15 9756 9779 9715 199 247 162 194 84 54 101 36 31 23 57 10 32766 32766 79 
54161 1986 7 16 9770 9785 9748 225 267 165 206 76 59 0 39 20 18 37 5 32766 32766 75 
54161 1986 7 17 9733 9756 9718 193 235 183 209 94 79 389 25 26 10 60 1 32766 32766 0 
54161 1986 7 18 9780 9787 9756 209 260 159 209 86 56 0 46 15 10 27 10 32766 32766 91 
54161 1986 7 19 9794 9800 9782 230 277 199 235 84 51 252 68 44 3 67 9 32766 32766 63 
54161 1986 7 20 9807 9819 9789 237 278 197 243 83 61 35 36 25 13 40 11 32766 32766 100 
54161 1986 7 21 9782 9804 9758 228 274 193 236 86 67 395 88 80 15 87 10 32766 32766 32 
54161 1986 7 22 9763 9777 9750 219 265 185 220 85 63 35 49 26 10 40 9 32766 32766 69 
54161 1986 7 23 9776 9787 9758 213 241 192 222 88 73 4 24 19 25 40 9 32766 32766 20 
54161 1986 7 24 9783 9790 9768 235 278 192 227 79 59 0 58 46 23 40 9 32766 32766 112 
54161 1986 7 25 9795 9811 9784 234 267 200 241 85 66 68 31 26 5 43 12 32766 32766 24 
54161 1986 7 26 9770 9785 9763 232 257 216 243 85 70 1 29 19 15 53 12 32766 32766 36 
54161 1986 7 27 9770 9777 9757 221 249 205 238 90 74 123 31 41 40 77 11 32766 32766 21 
54161 1986 7 28 9776 9785 9765 226 265 194 247 90 73 403 65 64 55 90 11 32766 32766 15 
54161 1986 7 29 9760 9784 9742 222 252 208 251 94 87 725 56 32766 30 97 14 32766 32766 0 
54161 1986 7 30 9769 9799 9740 213 252 190 217 86 62 369 63 48 15 43 10 32766 32766 67 
54161 1986 7 31 9820 9826 9800 212 250 162 202 81 61 0 42 32 5 27 16 32766 32766 28 
54161 1986 8 1 9824 9830 9809 218 253 195 213 83 58 3 29 21 3 23 3 32766 32766 36 
54161 1986 8 2 9825 9846 9803 195 247 161 194 86 56 192 41 24 25 73 2 32766 32766 46 
54161 1986 8 3 9830 9848 9809 200 238 189 209 90 70 142 22 15 18 50 1 32766 32766 12 
54161 1986 8 4 9786 9811 9772 204 250 154 171 73 52 0 65 45 35 60 1 32766 32766 127 
54161 1986 8 5 9778 9783 9772 197 246 141 170 75 51 0 54 39 13 50 15 32766 32766 133 
54161 1986 8 6 9797 9804 9782 203 254 145 174 75 49 0 61 33 3 37 12 32766 32766 125 
54161 1986 8 7 9803 9814 9792 205 261 164 181 77 51 4 49 19 18 60 12 32766 32766 99 
54161 1986 8 8 9793 9802 9779 220 263 172 208 79 63 36 61 41 38 57 9 32766 32766 99 
54161 1986 8 9 9794 9807 9774 189 225 175 202 93 78 138 6 33 33 90 11 32766 32766 0 
54161 1986 8 10 9796 9814 9773 205 250 179 214 89 64 167 36 5 18 43 9 32766 32766 31 
54161 1986 8 11 9773 9787 9763 221 271 175 227 86 65 4 41 23 38 60 12 32766 32766 85 
54161 1986 8 12 9697 9763 9658 213 231 193 201 80 71 42 23 25 53 100 10 32766 32766 0 
54161 1986 8 13 9685 9715 9648 206 250 163 187 79 50 0 68 42 43 87 12 32766 32766 106 
54161 1986 8 14 9757 9786 9717 226 278 165 192 71 44 0 76 44 38 73 11 32766 32766 129 
54161 1986 8 15 9806 9825 9787 231 272 190 193 69 59 0 72 43 60 100 12 32766 32766 115 
54161 1986 8 16 9825 9833 9814 202 248 171 195 83 59 0 41 31 35 80 11 32766 32766 69 
54161 1986 8 17 9816 9842 9800 212 271 164 213 86 53 32700 40 34 20 40 16 32766 32766 64 
54161 1986 8 18 9829 9842 9808 210 257 175 191 78 49 85 55 22 30 53 11 32766 32766 87 
54161 1986 8 19 9803 9839 9783 171 203 154 147 76 68 0 35 45 30 47 2 32766 32766 0 
54161 1986 8 20 9778 9791 9766 186 241 131 148 71 43 0 72 33 28 60 4 32766 32766 105 
54161 1986 8 21 9778 9790 9769 191 237 135 155 71 53 0 55 40 25 60 4 32766 32766 100 
54161 1986 8 22 9816 9835 9790 192 242 143 144 66 43 0 67 40 20 50 4 32766 32766 101 
54161 1986 8 23 9836 9845 9824 181 219 150 167 80 57 1 30 17 13 37 1 32766 32766 50 
54161 1986 8 24 9826 9834 9813 200 249 148 178 77 56 32700 41 42 25 53 9 32766 32766 79 
54161 1986 8 25 9825 9836 9815 212 267 170 175 71 41 41 83 33 48 90 10 32766 32766 124 
54161 1986 8 26 9817 9824 9795 223 272 174 201 75 54 32700 78 41 55 93 12 32766 32766 115 
54161 1986 8 27 9819 9825 9811 216 260 174 198 78 44 3 51 30 20 50 11 32766 32766 121 
54161 1986 8 28 9802 9827 9768 195 234 150 171 77 56 0 43 26 30 67 2 32766 32766 74 
54161 1986 8 29 9708 9768 9688 166 197 150 163 86 70 85 11 27 65 107 2 32766 32766 0 
54161 1986 8 30 9754 9783 9707 184 237 136 156 76 48 2 54 22 33 67 13 32766 32766 112 
54161 1986 8 31 9805 9831 9783 192 250 146 168 77 53 0 35 20 5 33 12 32766 32766 62 
54161 1986 9 1 9851 9864 9833 205 255 144 170 72 45 0 51 35 20 40 4 32766 32766 87 
54161 1986 9 2 9814 9844 9795 175 204 150 169 85 60 15 18 4 23 70 2 32766 32766 0 
54161 1986 9 3 9795 9801 9786 194 241 156 191 85 61 40 33 12 10 37 8 32766 32766 47 
54161 1986 9 4 9823 9846 9803 181 240 154 186 90 59 59 22 11 20 37 16 32766 32766 14 
54161 1986 9 5 9866 9879 9846 168 181 159 180 95 90 14 9 13 23 40 13 32766 32766 0 
54161 1986 9 6 9878 9894 9863 185 242 138 170 81 50 0 40 18 18 70 13 32766 32766 81 
54161 1986 9 7 9861 9871 9846 181 235 135 181 87 57 0 34 26 23 67 12 32766 32766 49 
54161 1986 9 8 9819 9853 9794 166 185 150 178 95 85 185 10 8 23 43 9 32766 32766 2 
54161 1986 9 9 9818 9826 9800 173 226 121 168 86 53 0 36 25 8 43 1 32766 32766 73 
54161 1986 9 10 9825 9846 9812 182 247 130 159 78 51 0 44 23 28 70 12 32766 32766 108 
54161 1986 9 11 9863 9871 9846 142 187 84 97 63 35 0 52 50 15 77 2 32766 32766 99 
54161 1986 9 12 9860 9869 9851 149 207 96 106 65 36 0 47 38 18 53 1 32766 32766 102 
54161 1986 9 13 9871 9879 9857 163 230 97 118 67 34 0 55 36 20 37 1 32766 32766 110 
54161 1986 9 14 9874 9884 9863 172 247 97 130 69 42 0 46 23 8 30 12 32766 32766 113 
54161 1986 9 15 9859 9870 9844 182 247 132 136 66 42 0 53 41 18 57 8 32766 32766 88 
54161 1986 9 16 9821 9854 9789 139 220 74 137 85 53 95 30 37 33 73 16 32766 32766 32 
54161 1986 9 17 9820 9826 9811 73 121 53 83 82 53 30 30 54 23 87 10 32766 32766 35 
54161 1986 9 18 9820 9847 9797 107 182 40 112 87 61 59 15 5 40 80 12 32766 32766 24 
54161 1986 9 19 9877 9895 9847 149 227 84 127 78 46 0 45 10 18 40 11 32766 32766 108 
54161 1986 9 20 9894 9915 9877 170 234 109 133 71 42 0 39 33 8 30 4 32766 32766 101 
54161 1986 9 21 9831 9876 9802 169 238 104 132 71 39 0 42 22 5 27 1 32766 32766 104 
54161 1986 9 22 9800 9823 9772 132 173 77 88 60 24 5 58 36 55 120 12 32766 32766 73 
54161 1986 9 23 9854 9882 9822 100 164 26 85 70 44 32700 42 39 38 67 12 32766 32766 71 
54161 1986 9 24 9892 9897 9882 134 207 87 118 78 51 0 40 34 33 60 12 32766 32766 100 
54161 1986 9 25 9896 9906 9885 150 224 80 103 64 35 0 49 8 25 50 12 32766 32766 107 
54161 1986 9 26 9883 9925 9859 125 160 78 119 82 53 29 16 16 33 90 16 32766 32766 17 
54161 1986 9 27 9950 9963 9925 66 124 23 61 67 30 32700 43 35 28 57 15 32766 32766 108 
54161 1986 9 28 9907 9947 9886 107 187 29 61 50 22 0 52 35 33 73 12 32766 32766 106 
54161 1986 9 29 9889 9912 9875 116 189 66 73 57 27 0 53 31 28 60 16 32766 32766 104 
54161 1986 9 30 9945 9957 9912 94 161 31 71 63 35 0 45 37 23 47 2 32766 32766 104 
54161 1986 10 1 9965 9980 9954 119 191 44 82 62 35 0 48 32766 23 37 2 32766 32766 104 
54161 1986 10 2 9927 9955 9912 126 205 59 95 68 35 0 43 32766 13 33 16 32766 32766 95 
54161 1986 10 3 9931 9937 9918 142 229 72 97 63 33 0 41 32766 20 30 11 32766 32766 92 
54161 1986 10 4 9926 9944 9913 160 233 93 106 61 32 0 43 140 28 43 11 32766 32766 73 
54161 1986 10 5 9941 9962 9911 106 162 65 88 69 45 0 45 26 20 50 16 32766 32766 91 
54161 1986 10 6 9966 9982 9950 89 149 23 62 57 28 0 37 24 8 40 2 32766 32766 103 
54161 1986 10 7 9926 9954 9906 98 169 16 67 58 32 0 28 26 8 23 2 32766 32766 90 
54161 1986 10 8 9895 9911 9881 117 180 49 73 55 40 0 37 22 33 47 1 32766 32766 56 
54161 1986 10 9 9916 9930 9889 86 137 53 61 55 38 0 56 30 33 60 2 32766 32766 18 
54161 1986 10 10 9928 9936 9922 85 154 29 60 57 29 0 48 45 48 63 3 32766 32766 82 
54161 1986 10 11 9936 9947 9922 72 152 11 56 59 29 0 54 13 23 50 2 32766 32766 100 
54161 1986 10 12 9926 9941 9907 92 172 -1 61 56 28 0 28 36 8 23 9 32766 32766 98 
54161 1986 10 13 9858 9907 9827 110 180 13 70 56 27 0 52 15 30 80 12 32766 32766 97 
54161 1986 10 14 9913 9934 9839 33 121 3 45 59 35 3 35 39 35 87 1 32766 32766 97 
54161 1986 10 15 9929 9939 9914 25 81 -29 37 53 29 0 21 29 18 33 16 32766 32766 73 
54161 1986 10 16 9974 9995 9931 -3 38 -43 30 52 30 0 24 14 20 50 16 32766 32766 68 
54161 1986 10 17 10035 10055 9996 -14 39 -55 30 55 35 0 28 38 13 50 16 32766 32766 98 
54161 1986 10 18 10033 10037 10026 13 78 -50 31 49 24 0 17 32 10 33 16 32766 32766 98 
54161 1986 10 19 10025 10055 9985 38 98 -29 34 46 19 0 25 32766 20 40 8 32766 32766 83 
54161 1986 10 20 9935 9985 9916 75 108 49 62 59 35 32700 35 30 53 117 12 32766 32766 0 
54161 1986 10 21 9975 9999 9923 17 64 0 46 68 42 0 21 16 35 67 1 32766 32766 44 
54161 1986 10 22 9986 10002 9960 17 85 -51 35 53 29 0 23 12 35 80 12 32766 32766 96 
54161 1986 10 23 9901 9960 9863 64 126 -6 50 52 28 0 41 29 53 97 11 32766 32766 70 
54161 1986 10 24 9871 9882 9862 100 152 66 82 68 46 0 50 20 55 120 11 32766 32766 71 
54161 1986 10 25 9848 9885 9818 75 113 3 52 47 19 32700 66 34 75 147 13 32766 32766 76 
54161 1986 10 26 9856 9893 9834 -7 44 -46 19 34 17 0 47 39 68 143 12 32766 32766 89 
54161 1986 10 27 9845 9859 9829 -26 18 -67 20 41 34 0 27 32766 55 100 13 32766 32766 88 
54161 1986 10 28 9878 9904 9845 -22 19 -66 25 49 27 0 28 32766 53 97 12 32766 32766 83 
54161 1986 10 29 9938 9958 9904 -44 2 -88 22 51 21 0 23 32766 23 57 13 32766 32766 91 
54161 1986 10 30 9946 9962 9931 -19 44 -79 22 43 26 0 30 32766 53 107 11 32766 32766 84 
54161 1986 10 31 9872 9931 9847 16 91 -12 52 75 41 71 19 32766 50 167 11 32766 32766 19 
54161 1986 11 1 9894 9909 9877 -2 38 -45 39 66 46 0 17 32766 35 70 11 32766 32766 90 
54161 1986 11 2 9842 9876 9825 27 71 -9 58 77 58 32700 17 32766 50 120 12 32766 32766 11 
54161 1986 11 3 9858 9863 9848 -13 29 -49 29 54 38 0 21 32766 40 97 12 32766 32766 81 
54161 1986 11 4 9877 9914 9860 -20 22 -52 30 58 38 0 17 32766 20 60 12 32766 32766 55 
54161 1986 11 5 9927 9939 9915 -15 44 -64 28 54 30 0 20 32766 38 87 11 32766 32766 85 
54161 1986 11 6 9884 9922 9852 9 43 -6 43 66 52 32700 19 32766 28 70 12 32766 32766 14 
54161 1986 11 7 9891 9908 9877 -17 16 -49 36 67 39 32700 18 32766 40 80 13 32766 32766 45 
54161 1986 11 8 9890 9911 9881 -9 48 -63 33 60 39 0 12 32766 20 67 11 32766 32766 87 
54161 1986 11 9 9807 9880 9773 14 58 -13 35 53 36 0 27 32766 60 123 11 32766 32766 60 
54161 1986 11 10 9876 9923 9819 -25 7 -52 24 48 32 0 22 32766 53 80 13 32766 32766 67 
54161 1986 11 11 9920 9951 9880 3 73 -76 32 53 24 0 22 32766 48 103 10 32766 32766 85 
54161 1986 11 12 9854 9880 9824 68 116 29 66 66 55 0 41 32766 70 137 12 32766 32766 0 
54161 1986 11 13 9834 9905 9787 50 108 -26 65 68 41 5 36 32766 73 170 12 32766 32766 0 
54161 1986 11 14 9981 9997 9907 -81 -26 -109 14 41 27 0 25 32766 60 110 13 32766 32766 83 
54161 1986 11 15 9977 9987 9964 -64 -11 -114 18 48 32 0 19 32766 38 77 13 32766 32766 85 
54161 1986 11 16 9974 10002 9932 -48 3 -96 19 46 27 0 19 32766 33 80 11 32766 32766 81 
54161 1986 11 17 9947 9984 9909 -41 1 -77 21 48 35 0 16 32766 20 53 1 32766 32766 80 
54161 1986 11 18 9985 9997 9982 -47 -5 -94 19 46 26 0 12 32766 20 47 15 32766 32766 81 
54161 1986 11 19 9959 9981 9949 -47 8 -97 24 56 43 0 12 32766 20 47 12 32766 32766 80 
54161 1986 11 20 9944 9958 9933 -38 12 -87 25 55 32 0 15 32766 40 80 12 32766 32766 77 
54161 1986 11 21 9984 10029 9927 -43 -4 -86 29 65 54 0 12 32766 43 77 12 32766 32766 62 
54161 1986 11 22 10074 10095 10030 -73 -26 -124 21 60 34 0 10 32766 15 43 11 32766 32766 80 
54161 1986 11 23 10061 10100 10034 -60 -40 -85 24 61 44 14 6 32766 25 53 3 32766 32766 0 
54161 1986 11 24 10007 10034 10000 -82 -61 -116 27 79 64 17 8 32766 40 60 16 32766 32766 15 
54161 1986 11 25 10011 10022 10002 -140 -111 -169 18 83 69 32700 2 32766 30 60 12 32766 32766 46 
54161 1986 11 26 10055 10072 10022 -152 -107 -188 14 75 63 0 3 32766 45 70 11 32766 32766 79 
54161 1986 11 27 10005 10065 9973 -106 -62 -151 18 67 55 0 9 32766 50 87 11 32766 32766 76 
54161 1986 11 28 10010 10026 9973 -142 -79 -181 15 71 60 0 5 32766 40 73 12 32766 32766 86 
54161 1986 11 29 9993 10028 9941 -120 -77 -171 15 62 47 0 8 32766 55 80 11 32766 32766 78 
54161 1986 11 30 9885 9941 9855 -49 -1 -90 28 65 58 0 20 32766 73 130 11 32766 32766 74 
54161 1986 12 1 9997 10017 9918 -74 -19 -125 26 74 56 0 4 32766 15 40 12 32766 32766 57 
54161 1986 12 2 9961 10017 9926 -36 10 -80 32 67 59 0 9 32766 33 50 8 32766 32766 13 
54161 1986 12 3 9888 9926 9873 -55 -12 -94 34 83 63 0 7 32766 18 37 15 32766 32766 63 
54161 1986 12 4 9877 9880 9871 -81 -31 -124 25 74 58 0 6 32766 35 67 12 32766 32766 74 
54161 1986 12 5 9882 9901 9865 -49 -7 -80 30 70 54 0 8 32766 28 43 7 32766 32766 3 
54161 1986 12 6 9953 10006 9902 -72 -35 -95 22 64 38 32700 7 32766 48 77 1 32766 32766 67 
54161 1986 12 7 10026 10036 10007 -98 -41 -136 21 72 50 0 7 32766 43 70 13 32766 32766 76 
54161 1986 12 8 10003 10037 9975 -51 3 -99 24 58 44 0 13 32766 43 83 32766 32766 32766 73 
54161 1986 12 9 9907 9975 9873 -20 22 -64 34 62 49 0 18 32766 58 130 12 32766 32766 50 
54161 1986 12 10 9867 9893 9843 -55 -1 -91 24 60 39 0 17 32766 58 93 12 32766 32766 61 
54161 1986 12 11 9883 9914 9855 -27 31 -67 29 57 47 0 15 32766 38 110 12 32766 32766 63 
54161 1986 12 12 9995 10013 9914 -55 -3 -94 23 59 41 0 11 32766 20 40 1 32766 32766 66 
54161 1986 12 13 9956 10008 9929 -24 25 -52 35 66 57 32700 11 32766 33 63 11 32766 32766 0 
54161 1986 12 14 10028 10052 9957 -93 -32 -117 20 66 43 32700 11 32766 48 73 16 32766 32766 76 
54161 1986 12 15 10030 10052 10019 -113 -48 -162 14 59 31 0 6 32766 13 43 1 32766 32766 75 
54161 1986 12 16 10022 10031 10013 -99 -49 -132 15 51 38 0 7 32766 15 27 12 32766 32766 70 
54161 1986 12 17 9990 10023 9962 -97 -54 -151 21 72 43 7 2 32766 10 27 2 32766 32766 0 
54161 1986 12 18 9967 9994 9952 -127 -72 -171 17 70 49 14 2 32766 38 70 1 32766 32766 0 
54161 1986 12 19 10015 10036 9995 -183 -129 -223 9 65 51 0 2 32766 25 50 1 32766 32766 68 
54161 1986 12 20 9968 10006 9954 -159 -116 -189 12 65 52 0 2 32766 28 70 12 32766 32766 68 
54161 1986 12 21 9997 10014 9972 -163 -125 -180 10 62 39 0 3 32766 20 40 11 32766 32766 69 
54161 1986 12 22 9944 10004 9919 -105 -49 -180 17 60 48 0 10 32766 50 103 12 32766 32766 66 
54161 1986 12 23 9855 9918 9828 -34 -2 -82 34 69 53 32700 13 32766 55 133 11 32766 32766 0 
54161 1986 12 24 9894 9919 9830 -98 -21 -132 21 68 51 0 7 32766 48 100 12 32766 32766 69 
54161 1986 12 25 9981 10025 9920 -162 -116 -200 11 61 43 2 6 32766 58 103 13 32766 32766 72 
54161 1986 12 26 10066 10081 10025 -203 -158 -247 7 54 41 0 3 32766 20 43 12 32766 32766 69 
54161 1986 12 27 10050 10080 10030 -203 -161 -224 7 58 47 0 3 32766 23 50 1 32766 32766 0 
54161 1986 12 28 10016 10047 9975 -230 -194 -278 6 58 44 0 2 32766 13 37 1 32766 32766 66 
54161 1986 12 29 9933 9975 9920 -176 -120 -209 8 52 41 0 3 32766 18 33 6 32766 32766 37 
54161 1986 12 30 9911 9943 9888 -160 -133 -198 14 77 66 3 1 32766 25 60 2 32766 32766 0 
54161 1986 12 31 9971 10012 9889 -199 -157 -226 9 75 57 6 4 32766 38 57 1 32766 32766 63 
54161 1987 1 1 10027 10044 10012 -184 -132 -230 10 67 50 0 1 32766 20 50 12 32766 32766 70 
54161 1987 1 2 9896 10013 9848 -110 -78 -156 20 72 54 7 5 32766 40 73 12 32766 32766 0 
54161 1987 1 3 9954 9993 9849 -224 -80 -249 8 72 58 32700 1 32766 38 90 12 32766 32766 68 
