V01000 V04001 V04002 V04003 V10004 V10201 V10202 V12001 V12052 V12053 V13004 V13003 V13007 V13201 V13241 V13242 V11002 V11042 V11212 V11041 V11043 V14032
54161 1980 1 4 9996 10019 9968 -224 -176 -272 7 62 51 0 1 32766 40 53 12 32766 32766 67 
54161 1980 1 5 9902 9968 9884 -165 -120 -202 10 59 48 0 6 32766 43 73 10 32766 32766 73 
54161 1980 1 6 9885 9923 9856 -202 -166 -230 8 62 38 32700 3 32766 43 87 13 32766 32766 31 
54161 1980 1 7 9943 9953 9923 -217 -151 -276 6 55 44 0 3 32766 40 90 11 32766 32766 70 
54161 1980 1 8 9959 9969 9947 -170 -117 -209 9 55 37 0 4 32766 30 40 9 32766 32766 64 
54161 1980 1 9 9957 9970 9940 -198 -155 -224 8 64 48 1 3 32766 53 77 2 32766 32766 58 
54161 1980 1 10 9933 9966 9919 -232 -171 -269 6 68 49 0 2 32766 50 97 12 32766 32766 74 
54161 1980 1 11 9894 9929 9881 -153 -94 -223 11 59 37 0 7 32766 45 90 12 32766 32766 68 
54161 1980 1 12 9921 9952 9885 -172 -120 -207 11 69 55 0 2 32766 25 40 1 32766 32766 71 
54161 1980 1 13 9900 9952 9860 -190 -118 -248 10 73 56 32700 3 32766 50 100 11 32766 32766 67 
54161 1980 1 14 9859 9868 9844 -186 -124 -254 11 77 64 32700 3 32766 38 97 11 32766 32766 43 
54161 1980 1 15 9919 9952 9866 -242 -150 -270 6 70 50 2 0 32766 40 70 1 32766 32766 75 
54161 1980 1 16 9958 9971 9942 -269 -240 -295 5 76 63 32700 0 32766 25 40 1 32766 32766 53 
54161 1980 1 17 10023 10061 9971 -238 -167 -295 8 80 73 32700 0 32766 38 63 12 32766 32766 31 
54161 1980 1 18 10050 10073 10018 -181 -131 -225 11 76 62 0 3 32766 33 50 9 32766 32766 78 
54161 1980 1 19 9950 10018 9922 -165 -112 -185 13 74 64 32700 3 32766 33 83 11 32766 32766 58 
54161 1980 1 20 9916 9925 9908 -171 -135 -209 12 78 67 1 2 32766 25 37 12 32766 32766 64 
54161 1980 1 21 9944 9965 9913 -204 -151 -232 9 73 52 32700 6 32766 20 40 15 32766 32766 72 
54161 1980 1 22 9886 9965 9838 -145 -72 -225 13 63 43 0 8 32766 78 130 9 32766 32766 73 
54161 1980 1 23 9899 9956 9830 -131 -91 -162 17 75 61 0 6 32766 48 83 11 32766 32766 79 
54161 1980 1 24 9955 9961 9949 -132 -66 -181 17 75 51 0 6 32766 38 60 11 32766 32766 78 
54161 1980 1 25 9935 9956 9919 -97 -36 -144 21 70 58 0 7 32766 38 47 8 32766 32766 83 
54161 1980 1 26 9860 9924 9840 -31 0 -96 43 83 60 16 13 32766 98 140 11 32766 32766 0 
54161 1980 1 27 9886 9947 9818 -65 -8 -133 29 70 57 1 14 32766 65 130 11 32766 32766 71 
54161 1980 1 28 10002 10012 9947 -183 -132 -223 7 48 35 0 5 32766 23 80 15 32766 32766 69 
54161 1980 1 29 9979 10011 9945 -204 -166 -230 8 63 50 32700 4 32766 30 50 16 32766 32766 70 
54161 1980 1 30 9920 9945 9912 -209 -164 -240 8 72 57 32700 4 32766 53 63 15 32766 32766 67 
54161 1980 1 31 9892 9921 9881 -222 -162 -256 8 71 54 2 3 32766 33 50 13 32766 32766 65 
54161 1980 2 1 9870 9890 9860 -206 -155 -239 7 63 43 32700 4 32766 55 97 12 32766 32766 84 
54161 1980 2 2 9866 9872 9859 -195 -147 -231 8 59 41 0 4 32766 75 127 12 32766 32766 76 
54161 1980 2 3 9880 9904 9855 -200 -156 -225 7 58 39 32700 4 32766 50 80 12 32766 32766 46 
54161 1980 2 4 9920 9928 9904 -207 -159 -245 8 65 48 32700 4 32766 48 77 11 32766 32766 75 
54161 1980 2 5 9938 9968 9908 -206 -156 -245 7 65 39 1 3 32766 28 47 11 32766 32766 67 
54161 1980 2 6 10011 10034 9968 -210 -158 -250 7 62 39 0 3 32766 25 37 11 32766 32766 83 
54161 1980 2 7 10034 10043 10023 -210 -146 -258 8 67 48 32700 3 32766 20 27 11 32766 32766 81 
54161 1980 2 8 9986 10023 9964 -176 -108 -220 10 65 41 0 6 32766 35 63 11 32766 32766 81 
54161 1980 2 9 9958 9973 9948 -149 -76 -196 12 64 46 0 7 32766 35 73 11 32766 32766 78 
54161 1980 2 10 9935 9951 9920 -124 -53 -164 15 65 47 0 9 32766 45 80 12 32766 32766 82 
54161 1980 2 11 9957 9989 9932 -142 -78 -184 15 73 40 0 7 32766 48 80 13 32766 32766 86 
54161 1980 2 12 9992 10005 9974 -168 -105 -213 10 62 36 0 7 32766 35 83 15 32766 32766 85 
54161 1980 2 13 9986 10007 9971 -160 -88 -223 10 57 36 0 10 32766 65 123 12 32766 32766 91 
54161 1980 2 14 9974 9978 9969 -157 -97 -211 10 54 31 0 9 32766 48 80 11 32766 32766 90 
54161 1980 2 15 9990 10016 9961 -155 -101 -211 9 51 31 0 10 32766 45 93 15 32766 32766 89 
54161 1980 2 16 10008 10016 9997 -127 -58 -180 11 50 26 0 12 32766 40 73 11 32766 32766 91 
54161 1980 2 17 10020 10039 9992 -89 -27 -148 15 49 31 0 11 32766 28 40 11 32766 32766 86 
54161 1980 2 18 9904 9992 9868 -52 -20 -90 35 82 44 38 24 32766 60 90 13 32766 32766 0 
54161 1980 2 19 9957 9972 9895 -129 -80 -201 18 78 53 32700 7 32766 35 67 15 32766 32766 69 
54161 1980 2 20 9999 10026 9971 -121 -70 -161 18 78 50 32700 7 32766 25 40 10 32766 32766 37 
54161 1980 2 21 10024 10045 10002 -122 -47 -176 18 76 45 0 12 32766 35 53 11 32766 32766 95 
54161 1980 2 22 9952 10002 9916 -71 -1 -134 27 73 53 0 17 32766 55 120 11 32766 32766 99 
54161 1980 2 23 9953 9966 9933 -66 -5 -139 32 85 65 0 6 32766 38 67 12 32766 32766 48 
54161 1980 2 24 9972 9985 9944 -94 -41 -152 20 71 38 32700 7 32766 15 40 3 32766 32766 89 
54161 1980 2 25 9894 9979 9846 -51 -12 -95 34 77 54 42 7 32766 50 77 12 32766 32766 0 
54161 1980 2 26 9881 9903 9849 -121 -25 -172 18 73 55 0 11 32766 45 57 11 32766 32766 99 
54161 1980 2 27 9790 9855 9771 -88 -33 -153 24 73 50 0 16 32766 75 110 11 32766 32766 103 
54161 1980 2 28 9750 9773 9731 -16 36 -92 34 63 49 0 24 32766 83 120 11 32766 32766 98 
54161 1980 2 29 9773 9812 9720 -13 30 -42 30 53 44 0 49 32766 95 173 11 32766 32766 74 
54161 1980 3 1 9847 9859 9812 -54 10 -123 23 56 33 0 20 32766 50 77 12 32766 32766 102 
54161 1980 3 2 9871 9880 9845 -30 34 -88 30 64 29 0 13 32766 30 47 10 32766 32766 93 
54161 1980 3 3 9921 9957 9872 -46 -12 -85 23 53 20 0 25 32766 48 100 15 32766 32766 101 
54161 1980 3 4 9930 9958 9902 -38 29 -130 24 54 29 0 20 32766 48 77 12 32766 32766 106 
54161 1980 3 5 9858 9902 9842 1 72 -63 30 51 28 0 34 32766 50 100 11 32766 32766 98 
54161 1980 3 6 9837 9856 9822 25 78 -11 38 52 45 0 40 32766 63 130 11 32766 32766 79 
54161 1980 3 7 9866 9897 9840 5 71 -8 47 75 30 32700 21 32766 60 137 11 32766 32766 10 
54161 1980 3 8 9950 9974 9897 -53 -1 -87 23 54 30 0 22 32766 48 77 16 32766 32766 51 
54161 1980 3 9 9937 9960 9923 -75 -33 -95 13 37 21 2 23 32766 60 83 1 32766 32766 90 
54161 1980 3 10 9997 10010 9954 -112 -69 -150 10 37 21 0 17 32766 25 70 15 32766 32766 104 
54161 1980 3 11 10008 10021 10001 -102 -44 -157 11 41 22 0 18 32766 38 60 15 32766 32766 104 
54161 1980 3 12 9988 10011 9963 -74 -2 -143 14 42 24 0 22 32766 48 87 12 32766 32766 107 
54161 1980 3 13 9934 9971 9912 -40 28 -104 19 46 12 0 28 32766 48 103 12 32766 32766 85 
54161 1980 3 14 9885 9914 9852 -42 25 -112 21 50 22 0 35 32766 58 120 13 32766 32766 87 
54161 1980 3 15 9889 9909 9863 -48 15 -116 17 39 26 0 34 32766 38 87 14 32766 32766 106 
54161 1980 3 16 9912 9935 9886 -53 0 -95 9 22 14 0 26 32766 28 60 3 32766 32766 89 
54161 1980 3 17 9986 10009 9935 -88 -44 -145 8 26 13 0 23 32766 43 90 15 32766 32766 107 
54161 1980 3 18 9990 10017 9950 -73 0 -143 8 24 13 0 25 32766 28 70 11 32766 32766 108 
54161 1980 3 19 9905 9950 9869 -56 -14 -80 29 69 18 40 18 32766 33 57 16 32766 32766 0 
54161 1980 3 20 9983 9999 9940 -89 -7 -164 19 65 36 0 17 32766 33 57 13 32766 32766 99 
54161 1980 3 21 9994 10011 9980 -55 2 -121 17 43 25 0 24 32766 45 73 15 32766 32766 108 
54161 1980 3 22 9945 9995 9917 -55 -7 -97 17 43 21 0 21 32766 40 60 16 32766 32766 65 
54161 1980 3 23 9935 9949 9927 -36 30 -108 17 40 15 0 25 32766 35 77 14 32766 32766 109 
54161 1980 3 24 9932 9956 9910 -30 43 -118 18 38 24 0 35 32766 48 90 12 32766 32766 102 
54161 1980 3 25 9884 9910 9862 -8 48 -46 17 31 21 0 43 32766 45 90 13 32766 32766 89 
54161 1980 3 26 9897 9909 9887 -3 79 -84 19 35 13 0 42 32766 50 80 15 32766 32766 109 
54161 1980 3 27 9873 9909 9849 95 178 0 28 28 6 0 124 32766 118 153 11 32766 32766 110 
54161 1980 3 28 9852 9877 9827 124 195 14 39 27 17 0 162 32766 130 163 11 32766 32766 107 
54161 1980 3 29 9842 9873 9818 57 121 17 53 60 36 32700 55 32766 78 170 12 32766 32766 17 
54161 1980 3 30 9932 9953 9873 11 53 -40 24 36 30 0 38 32766 38 67 15 32766 32766 100 
54161 1980 3 31 9895 9950 9852 22 78 -22 30 43 25 0 28 32766 28 80 13 32766 32766 16 
54161 1980 4 1 9866 9895 9837 -29 17 -48 46 92 58 53 28 32766 40 67 16 32766 32766 0 
54161 1980 4 2 9875 9909 9833 7 81 -75 33 59 26 0 45 32766 73 147 11 32766 32766 89 
54161 1980 4 3 9811 9856 9771 64 120 10 52 50 31 12 43 32766 63 110 10 32766 32766 0 
54161 1980 4 4 9835 9878 9795 105 181 36 82 64 51 32700 53 32766 85 180 12 32766 32766 24 
54161 1980 4 5 9931 9958 9878 7 104 -21 16 26 12 20 43 32766 48 90 16 32766 32766 89 
54161 1980 4 6 9888 9912 9872 3 48 -36 15 26 10 0 45 32766 30 57 1 32766 32766 99 
54161 1980 4 7 9861 9892 9839 12 57 -21 39 59 18 1 18 32766 48 110 11 32766 32766 0 
54161 1980 4 8 9898 9921 9867 4 58 -46 20 33 15 5 45 32766 35 60 1 32766 32766 104 
54161 1980 4 9 9938 9955 9921 -3 48 -76 21 37 16 0 27 32766 23 47 15 32766 32766 108 
54161 1980 4 10 9873 9950 9788 18 54 -33 31 43 27 32700 26 32766 58 80 7 32766 32766 0 
54161 1980 4 11 9872 9968 9774 30 98 -10 46 62 28 10 48 32766 83 197 11 32766 32766 9 
54161 1980 4 12 9948 9982 9916 -20 0 -42 43 81 57 19 10 32766 50 87 2 32766 32766 0 
54161 1980 4 13 9900 9926 9882 -14 46 -37 41 78 35 36 30 32766 35 67 3 32766 32766 80 
54161 1980 4 14 9895 9902 9888 6 68 -56 35 60 21 0 28 32766 28 40 11 32766 32766 109 
54161 1980 4 15 9889 9898 9874 34 86 -14 34 45 25 0 39 32766 25 37 6 32766 32766 94 
54161 1980 4 16 9852 9883 9829 47 115 -4 36 43 22 32700 46 32766 28 60 11 32766 32766 102 
54161 1980 4 17 9798 9836 9772 62 119 -5 47 51 33 32700 64 32766 80 130 10 32766 32766 46 
54161 1980 4 18 9695 9789 9630 86 143 33 66 57 44 10 65 32766 98 157 8 32766 32766 0 
54161 1980 4 19 9626 9649 9612 68 114 48 62 62 48 105 52 32766 90 170 11 32766 32766 0 
54161 1980 4 20 9700 9740 9640 44 93 13 46 56 35 0 73 32766 123 167 11 32766 32766 44 
54161 1980 4 21 9785 9803 9740 43 93 5 39 48 29 32700 70 32766 88 117 12 32766 32766 69 
54161 1980 4 22 9828 9847 9803 4 55 -18 52 82 37 20 9 32766 53 70 12 32766 32766 10 
54161 1980 4 23 9855 9872 9844 29 114 -19 51 70 33 9 30 32766 30 90 12 32766 32766 84 
54161 1980 4 24 9896 9909 9872 31 97 -30 43 57 28 32700 36 32766 25 70 13 32766 32766 79 
54161 1980 4 25 9891 9902 9874 73 150 -19 31 34 11 0 85 32766 50 107 12 32766 32766 125 
54161 1980 4 26 9883 9900 9864 103 173 19 40 34 13 0 72 32766 45 80 11 32766 32766 81 
54161 1980 4 27 9831 9875 9805 122 180 77 48 35 19 32700 114 32766 68 130 12 32766 32766 62 
54161 1980 4 28 9817 9828 9798 113 184 60 64 51 18 3 93 32766 83 123 11 32766 32766 102 
54161 1980 4 29 9784 9819 9762 139 213 71 62 40 22 6 145 32766 120 210 11 32766 32766 84 
54161 1980 4 30 9840 9854 9772 84 146 13 53 52 20 28 65 32766 40 123 12 32766 32766 123 
54161 1980 5 1 9835 9854 9805 122 196 28 46 33 11 32700 113 32766 80 170 12 32766 32766 73 
54161 1980 5 2 9781 9816 9762 95 148 84 101 86 47 360 41 32766 53 93 8 32766 32766 0 
54161 1980 5 3 9776 9797 9739 111 154 74 116 89 61 114 28 32766 40 90 12 32766 32766 26 
54161 1980 5 4 9741 9767 9721 85 123 54 53 51 20 0 77 32766 60 140 11 32766 32766 62 
54161 1980 5 5 9760 9809 9726 66 104 47 66 67 40 11 45 32766 63 123 16 32766 32766 34 
54161 1980 5 6 9871 9891 9809 99 175 16 76 66 32 0 62 32766 28 47 12 32766 32766 125 
54161 1980 5 7 9838 9870 9818 112 183 68 75 59 29 8 87 32766 60 143 11 32766 32766 59 
54161 1980 5 8 9832 9845 9810 111 187 46 64 56 11 0 88 32766 68 93 12 32766 32766 113 
54161 1980 5 9 9787 9829 9744 160 249 70 66 39 16 0 140 32766 78 137 12 32766 32766 126 
54161 1980 5 10 9786 9810 9755 172 269 67 52 29 8 0 124 32766 40 93 11 32766 32766 123 
54161 1980 5 11 9771 9795 9744 219 286 160 84 33 21 0 175 32766 63 32766 32766 32766 32766 86 
54161 1980 5 12 9753 9796 9718 175 215 145 79 40 30 0 108 32766 48 32766 32766 32766 32766 54 
54161 1980 5 13 9769 9802 9734 134 204 83 57 39 19 32700 89 32766 48 100 3 32766 32766 105 
54161 1980 5 14 9791 9808 9748 79 139 42 82 79 23 176 66 32766 43 107 3 32766 32766 42 
54161 1980 5 15 9801 9810 9797 77 139 15 53 53 21 32700 63 32766 43 93 13 32766 32766 98 
54161 1980 5 16 9813 9819 9797 95 150 19 60 52 23 32700 48 32766 30 70 15 32766 32766 106 
54161 1980 5 17 9832 9851 9810 140 218 47 54 38 13 0 110 32766 38 87 11 32766 32766 132 
54161 1980 5 18 9789 9817 9761 185 255 116 60 31 12 0 257 32766 138 250 11 32766 32766 107 
54161 1980 5 19 9816 9827 9789 191 256 116 69 32 19 0 240 32766 140 200 10 32766 32766 126 
54161 1980 5 20 9798 9827 9764 196 272 129 86 39 23 32700 225 32766 125 190 10 32766 32766 116 
54161 1980 5 21 9836 9865 9793 186 274 90 84 44 15 0 129 32766 30 103 12 32766 32766 134 
54161 1980 5 22 9763 9807 9732 230 310 136 91 33 23 0 205 32766 85 140 10 32766 32766 123 
54161 1980 5 23 9766 9797 9722 200 250 165 126 54 23 27 120 32766 60 167 10 32766 32766 18 
54161 1980 5 24 9812 9831 9793 157 208 126 145 80 43 55 27 32766 38 73 3 32766 32766 17 
54161 1980 5 25 9798 9817 9779 99 130 64 111 90 60 80 6 32766 33 100 16 32766 32766 0 
54161 1980 5 26 9672 9779 9622 95 163 47 72 64 28 3 64 32766 58 110 12 32766 32766 97 
54161 1980 5 27 9568 9632 9523 136 188 97 71 48 23 53 121 32766 120 160 12 32766 32766 51 
54161 1980 5 28 9711 9737 9632 148 202 65 65 41 18 32700 83 32766 48 103 11 32766 32766 51 
54161 1980 5 29 9790 9809 9716 205 256 145 146 61 41 0 69 32766 28 57 12 32766 32766 51 
54161 1980 5 30 9825 9852 9799 224 293 142 141 51 38 0 97 32766 23 37 2 32766 32766 111 
54161 1980 5 31 9818 9822 9799 235 297 165 125 44 30 0 142 32766 55 100 11 32766 32766 129 
54161 1980 6 1 9837 9857 9818 192 243 147 103 48 32 0 97 32766 45 70 1 32766 32766 36 
54161 1980 6 2 9752 9818 9722 114 193 100 115 85 32 175 17 32766 35 60 2 32766 32766 0 
54161 1980 6 3 9730 9759 9704 115 149 80 95 70 49 11 45 32766 73 127 15 32766 32766 62 
54161 1980 6 4 9773 9789 9759 188 277 95 92 46 16 0 142 32766 75 110 11 32766 32766 124 
54161 1980 6 5 9773 9789 9740 253 324 155 124 39 31 0 240 32766 128 190 11 32766 32766 105 
54161 1980 6 6 9787 9803 9770 238 298 200 120 41 21 0 230 32766 100 140 10 32766 32766 76 
54161 1980 6 7 9785 9797 9763 205 248 183 146 61 37 2 116 32766 65 113 9 32766 32766 12 
54161 1980 6 8 9817 9826 9797 188 230 160 187 87 60 136 41 32766 8 67 8 32766 32766 28 
54161 1980 6 9 9798 9814 9772 200 271 151 186 81 45 18 73 32766 28 70 10 32766 32766 113 
54161 1980 6 10 9751 9788 9709 232 297 163 179 68 35 0 110 32766 60 90 12 32766 32766 117 
54161 1980 6 11 9703 9744 9675 192 256 150 144 65 31 86 122 32766 63 150 12 32766 32766 72 
54161 1980 6 12 9749 9761 9723 207 281 126 136 60 27 0 77 32766 15 40 12 32766 32766 134 
54161 1980 6 13 9757 9762 9747 233 299 173 158 57 35 32700 95 32766 50 107 11 32766 32766 71 
54161 1980 6 14 9760 9793 9741 247 318 189 179 60 37 5 157 32766 80 183 12 32766 32766 117 
54161 1980 6 15 9760 9774 9750 215 272 185 178 71 47 4 76 32766 40 120 11 32766 32766 12 
54161 1980 6 16 9731 9762 9704 205 266 152 189 80 52 176 75 32766 45 153 15 32766 32766 48 
54161 1980 6 17 9744 9761 9717 200 253 144 170 75 43 0 81 32766 40 63 16 32766 32766 32766 
54161 1980 6 18 9793 9811 9761 203 260 144 142 62 33 0 78 32766 20 57 3 32766 32766 127 
54161 1980 6 19 9817 9823 9808 198 247 147 153 67 47 208 86 32766 28 80 6 32766 32766 64 
54161 1980 6 20 9803 9822 9774 174 251 150 166 84 49 174 58 32766 43 90 12 32766 32766 63 
54161 1980 6 21 9775 9797 9767 174 225 137 160 82 48 99 78 32766 40 90 12 32766 32766 97 
54161 1980 6 22 9799 9810 9773 206 268 130 172 73 43 4 74 32766 40 57 10 32766 32766 143 
54161 1980 6 23 9819 9826 9800 242 304 190 211 71 46 7 87 32766 53 120 12 32766 32766 110 
54161 1980 6 24 9820 9838 9798 255 313 190 231 72 49 0 81 32766 40 63 10 32766 32766 122 
54161 1980 6 25 9770 9803 9745 265 326 202 191 58 30 0 120 32766 35 53 10 32766 32766 108 
54161 1980 6 26 9743 9752 9727 258 322 188 194 61 34 0 83 32766 23 40 9 32766 32766 116 
54161 1980 6 27 9756 9764 9730 255 314 204 201 63 41 0 106 32766 50 77 11 32766 32766 115 
54161 1980 6 28 9787 9796 9760 247 305 193 202 66 46 0 81 32766 35 60 12 32766 32766 100 
54161 1980 6 29 9809 9813 9796 231 279 199 206 74 58 3 58 32766 30 83 12 32766 32766 38 
54161 1980 6 30 9819 9828 9810 195 212 179 215 95 83 209 4 32766 18 33 9 32766 32766 0 
54161 1980 7 1 9795 9814 9774 219 256 188 216 83 65 0 56 32766 28 32766 32766 32766 32766 53 
54161 1980 7 2 9762 9788 9745 222 271 174 203 76 58 0 60 32766 33 32766 32766 32766 32766 96 
54161 1980 7 3 9736 9751 9714 209 241 191 222 90 71 32700 30 32766 40 77 11 32766 32766 0 
54161 1980 7 4 9704 9718 9691 211 301 167 213 86 67 0 43 32766 55 83 10 32766 32766 25 
54161 1980 7 5 9694 9704 9674 206 261 160 190 79 61 98 74 32766 63 100 10 32766 32766 70 
54161 1980 7 6 9716 9728 9694 220 274 179 212 81 64 17 66 32766 70 150 11 32766 32766 51 
54161 1980 7 7 9760 9775 9728 223 277 175 223 83 65 32700 59 32766 53 107 11 32766 32766 72 
54161 1980 7 8 9793 9806 9775 235 282 187 230 79 69 7 87 32766 50 87 12 32766 32766 110 
54161 1980 7 9 9774 9816 9752 217 255 194 227 88 69 54 48 32766 18 60 12 32766 32766 31 
54161 1980 7 10 9775 9788 9754 197 256 166 205 90 64 44 44 32766 25 57 11 32766 32766 53 
54161 1980 7 11 9775 9779 9767 214 253 170 203 81 52 3 58 32766 15 47 15 32766 32766 113 
54161 1980 7 12 9799 9809 9779 237 286 162 214 74 54 0 65 32766 18 37 15 32766 32766 116 
54161 1980 7 13 9788 9801 9770 250 296 194 238 75 58 0 68 32766 18 30 7 32766 32766 118 
54161 1980 7 14 9750 9772 9735 244 284 213 228 76 49 13 43 32766 15 40 3 32766 32766 43 
54161 1980 7 15 9793 9807 9752 246 298 192 261 85 63 32700 72 32766 30 40 11 32766 32766 87 
54161 1980 7 16 9818 9831 9807 250 282 220 269 85 80 0 64 32766 43 87 10 32766 32766 0 
54161 1980 7 17 9806 9819 9790 231 253 214 222 79 64 32700 55 32766 50 67 10 32766 32766 0 
54161 1980 7 18 9779 9793 9766 214 243 194 229 90 71 42 37 32766 33 63 10 32766 32766 2 
54161 1980 7 19 9789 9804 9774 235 275 199 239 84 68 32700 54 32766 45 67 11 32766 32766 18 
54161 1980 7 20 9806 9819 9790 230 283 195 214 76 54 0 75 32766 43 60 10 32766 32766 60 
54161 1980 7 21 9778 9810 9746 211 252 173 210 85 63 463 64 32766 43 87 10 32766 32766 8 
54161 1980 7 22 9762 9773 9753 186 219 155 190 89 70 21 37 32766 23 50 1 32766 32766 12 
54161 1980 7 23 9778 9790 9759 222 284 162 222 83 56 0 61 32766 28 73 12 32766 32766 119 
54161 1980 7 24 9779 9793 9771 203 238 166 191 81 58 0 60 32766 20 43 2 32766 32766 109 
54161 1980 7 25 9759 9779 9753 191 231 157 206 93 67 133 21 32766 20 47 5 32766 32766 0 
54161 1980 7 26 9764 9784 9746 193 214 179 208 93 81 199 22 32766 28 43 6 32766 32766 0 
54161 1980 7 27 9805 9810 9784 210 247 156 202 82 58 0 50 32766 20 37 5 32766 32766 34 
54161 1980 7 28 9804 9811 9796 221 273 175 211 79 63 1 55 32766 18 37 5 32766 32766 40 
54161 1980 7 29 9800 9807 9790 225 270 179 206 76 52 0 48 32766 13 40 4 32766 32766 81 
54161 1980 7 30 9794 9799 9787 231 270 189 179 66 33 0 77 32766 20 40 6 32766 32766 124 
54161 1980 7 31 9809 9813 9793 219 275 156 188 72 53 0 63 32766 20 37 9 32766 32766 121 
54161 1980 8 1 9841 9854 9813 244 290 188 214 72 48 0 68 32766 28 47 9 32766 32766 120 
54161 1980 8 2 9862 9873 9839 254 308 199 213 68 39 0 77 32766 20 37 9 32766 32766 118 
54161 1980 8 3 9846 9859 9827 252 306 194 221 70 50 0 68 32766 18 27 10 32766 32766 113 
54161 1980 8 4 9839 9847 9831 232 271 204 216 77 59 0 53 32766 13 43 12 32766 32766 61 
54161 1980 8 5 9839 9852 9827 232 286 177 201 73 44 0 66 32766 15 33 2 32766 32766 96 
54161 1980 8 6 9821 9834 9810 238 299 171 198 70 40 0 62 32766 13 37 4 32766 32766 100 
54161 1980 8 7 9820 9824 9811 235 293 183 178 64 34 0 83 32766 25 57 3 32766 32766 91 
54161 1980 8 8 9834 9848 9821 233 285 178 163 59 34 3 61 32766 20 30 7 32766 32766 65 
54161 1980 8 9 9829 9852 9816 215 253 179 213 83 65 62 47 32766 23 47 2 32766 32766 40 
54161 1980 8 10 9810 9822 9793 220 263 194 227 87 67 5 35 32766 10 37 15 32766 32766 0 
54161 1980 8 11 9810 9816 9802 208 255 184 220 90 54 402 88 32766 13 33 6 32766 32766 18 
54161 1980 8 12 9817 9824 9807 217 259 188 226 87 60 32700 36 32766 15 30 12 32766 32766 34 
54161 1980 8 13 9803 9824 9790 228 260 197 219 79 60 32700 39 32766 25 40 16 32766 32766 39 
54161 1980 8 14 9783 9798 9768 224 262 190 214 80 61 32700 66 32766 30 50 4 32766 32766 110 
54161 1980 8 15 9813 9828 9785 206 251 189 224 92 64 32700 19 32766 20 50 3 32766 32766 5 
54161 1980 8 16 9837 9842 9828 191 223 158 191 87 72 32700 30 32766 30 50 2 32766 32766 0 
54161 1980 8 17 9830 9839 9813 192 234 152 182 82 68 0 46 32766 28 43 2 32766 32766 85 
54161 1980 8 18 9823 9827 9811 206 265 155 186 78 52 0 55 32766 10 33 2 32766 32766 107 
54161 1980 8 19 9838 9844 9825 216 273 161 183 72 52 32700 40 32766 10 23 6 32766 32766 80 
54161 1980 8 20 9850 9861 9837 234 287 175 199 70 47 0 59 32766 15 20 8 32766 32766 111 
54161 1980 8 21 9826 9848 9808 238 289 189 218 75 51 0 65 32766 30 57 12 32766 32766 112 
54161 1980 8 22 9796 9817 9772 229 269 198 208 75 57 32700 49 32766 43 70 11 32766 32766 39 
54161 1980 8 23 9764 9786 9753 193 251 167 182 83 48 152 69 32766 48 100 12 32766 32766 75 
54161 1980 8 24 9789 9814 9759 189 245 153 186 86 52 10 45 32766 23 47 14 32766 32766 76 
54161 1980 8 25 9815 9823 9809 195 255 140 189 85 53 0 36 32766 15 43 3 32766 32766 81 
54161 1980 8 26 9812 9817 9801 212 259 164 184 75 55 0 56 32766 33 50 8 32766 32766 110 
54161 1980 8 27 9830 9852 9814 203 252 167 190 80 67 8 41 32766 30 77 12 32766 32766 29 
54161 1980 8 28 9858 9865 9849 189 203 176 204 94 84 65 10 32766 5 30 11 32766 32766 0 
54161 1980 8 29 9810 9849 9784 185 199 176 210 99 95 565 42 32766 20 47 12 32766 32766 0 
54161 1980 8 30 9809 9813 9792 193 251 154 189 86 50 0 50 32766 20 37 14 32766 32766 100 
54161 1980 8 31 9817 9823 9812 198 251 149 185 81 51 32700 37 32766 20 47 4 32766 32766 53 
54161 1980 9 1 9827 9833 9818 211 269 146 168 69 39 0 50 32766 20 30 3 32766 32766 108 
54161 1980 9 2 9833 9842 9825 193 254 154 179 82 55 2 43 32766 20 33 11 32766 32766 89 
54161 1980 9 3 9850 9863 9842 193 247 145 180 82 50 0 43 32766 23 40 13 32766 32766 99 
54161 1980 9 4 9772 9844 9735 173 201 155 167 85 45 87 31 32766 48 97 13 32766 32766 23 
54161 1980 9 5 9763 9774 9739 172 227 127 146 76 43 0 57 32766 55 90 13 32766 32766 108 
54161 1980 9 6 9798 9835 9766 135 175 106 110 72 50 7 34 32766 45 77 12 32766 32766 66 
54161 1980 9 7 9887 9907 9835 135 191 91 110 74 42 0 41 32766 30 50 1 32766 32766 105 
54161 1980 9 8 9902 9917 9883 157 228 83 107 64 34 0 65 32766 38 63 12 32766 32766 113 
54161 1980 9 9 9886 9895 9872 174 244 106 116 61 29 0 52 32766 28 40 12 32766 32766 95 
54161 1980 9 10 9861 9883 9842 170 234 116 133 70 44 0 39 32766 23 43 7 32766 32766 69 
54161 1980 9 11 9784 9849 9746 168 225 122 124 67 40 32700 51 32766 30 67 3 32766 32766 66 
54161 1980 9 12 9718 9747 9698 141 199 113 127 80 49 7 36 32766 40 100 16 32766 32766 49 
54161 1980 9 13 9748 9776 9721 162 238 96 122 69 40 0 61 32766 60 117 12 32766 32766 116 
54161 1980 9 14 9820 9835 9776 166 233 104 123 66 37 0 60 32766 45 77 12 32766 32766 81 
54161 1980 9 15 9797 9835 9774 155 194 126 127 72 40 112 49 32766 73 133 12 32766 32766 16 
54161 1980 9 16 9836 9868 9801 119 159 86 83 60 51 0 58 32766 40 110 12 32766 32766 56 
54161 1980 9 17 9873 9887 9861 151 229 67 93 56 31 0 58 32766 45 70 13 32766 32766 117 
54161 1980 9 18 9855 9873 9834 184 258 122 102 51 25 0 108 32766 53 100 11 32766 32766 111 
54161 1980 9 19 9870 9927 9824 139 178 73 88 53 17 0 82 32766 70 127 12 32766 32766 109 
54161 1980 9 20 9922 9945 9891 93 169 17 49 46 16 0 67 32766 40 80 12 32766 32766 113 
54161 1980 9 21 9879 9900 9861 81 135 57 66 63 25 50 49 32766 33 100 13 32766 32766 63 
54161 1980 9 22 9890 9903 9880 73 146 -3 52 55 25 0 51 32766 43 70 14 32766 32766 107 
54161 1980 9 23 9859 9885 9836 132 194 65 64 44 25 32700 83 32766 70 113 11 32766 32766 76 
54161 1980 9 24 9890 9911 9861 115 187 28 65 52 24 0 76 32766 40 97 12 32766 32766 108 
54161 1980 9 25 9956 9972 9869 62 128 17 42 46 21 0 44 32766 30 93 2 32766 32766 108 
54161 1980 9 26 9931 9962 9899 102 193 10 59 48 23 0 43 32766 18 27 10 32766 32766 99 
54161 1980 9 27 9864 9900 9832 148 224 96 111 69 34 142 44 32766 45 120 11 32766 32766 69 
54161 1980 9 28 9906 9930 9850 92 143 68 81 72 49 0 28 32766 53 77 15 32766 32766 55 
54161 1980 9 29 9930 9948 9913 97 173 28 75 64 39 0 34 32766 20 43 11 32766 32766 106 
54161 1980 9 30 9881 9916 9860 130 204 64 73 51 28 0 76 32766 55 100 11 32766 32766 98 
54161 1980 10 1 9883 9900 9863 153 270 82 105 65 27 0 68 32766 48 90 11 32766 32766 105 
54161 1980 10 2 9918 9929 9900 164 214 111 130 70 52 0 52 32766 40 70 10 32766 32766 41 
54161 1980 10 3 9935 9943 9922 187 251 135 141 67 43 0 72 32766 53 100 11 32766 32766 92 
54161 1980 10 4 9966 9982 9936 144 188 91 122 75 57 54 48 32766 50 90 11 32766 32766 10 
54161 1980 10 5 9912 9969 9874 120 157 92 130 92 80 141 18 32766 33 63 11 32766 32766 0 
54161 1980 10 6 9813 9874 9773 166 202 124 151 80 72 28 41 32766 60 117 10 32766 32766 24 
54161 1980 10 7 9842 9884 9774 81 175 59 98 89 69 261 28 32766 33 100 16 32766 32766 4 
54161 1980 10 8 9942 9955 9884 49 95 14 55 66 37 0 29 32766 30 50 15 32766 32766 101 
54161 1980 10 9 9917 9955 9891 74 143 13 65 64 41 0 40 32766 45 103 11 32766 32766 100 
54161 1980 10 10 9919 9932 9901 63 95 29 75 79 58 10 23 32766 40 87 2 32766 32766 0 
54161 1980 10 11 9956 9968 9932 48 92 20 49 59 34 3 29 32766 33 70 2 32766 32766 99 
54161 1980 10 12 9951 9980 9926 44 97 0 53 67 34 23 26 32766 15 47 16 32766 32766 45 
54161 1980 10 13 9908 9927 9893 44 89 3 64 79 48 15 21 32766 43 87 12 32766 32766 80 
54161 1980 10 14 9886 9913 9850 49 108 -10 48 60 29 0 33 32766 35 80 11 32766 32766 99 
54161 1980 10 15 9850 9893 9806 85 128 53 67 61 38 0 49 32766 48 113 12 32766 32766 74 
54161 1980 10 16 9894 9916 9870 59 102 5 57 63 34 32700 16 32766 23 40 2 32766 32766 14 
54161 1980 10 17 9903 9935 9856 47 85 26 50 61 17 17 30 32766 33 70 14 32766 32766 72 
54161 1980 10 18 9903 9937 9868 45 122 -6 50 60 33 0 38 32766 48 117 12 32766 32766 36 
54161 1980 10 19 9969 9987 9920 29 97 -29 45 63 31 0 24 32766 30 50 12 32766 32766 90 
54161 1980 10 20 9970 9992 9949 13 35 -12 50 74 58 5 10 32766 33 70 1 32766 32766 4 
54161 1980 10 21 9992 10005 9978 -16 17 -78 31 58 26 0 19 32766 30 83 15 32766 32766 86 
54161 1980 10 22 9944 9989 9895 -8 38 -71 29 52 34 0 20 32766 25 40 7 32766 32766 85 
54161 1980 10 23 9875 9900 9851 34 85 3 68 88 47 12 12 32766 48 32766 32766 32766 32766 0 
54161 1980 10 24 9899 9921 9869 -3 34 -14 57 95 84 5 4 32766 35 63 2 32766 32766 0 
54161 1980 10 25 9794 9874 9757 -27 -12 -36 32 64 52 13 26 32766 70 147 16 32766 32766 0 
54161 1980 10 26 9758 9825 9709 -35 -22 -55 43 90 52 60 32766 32766 100 150 15 32766 32766 0 
54161 1980 10 27 9895 9931 9825 -16 0 -37 37 68 52 32700 11 32766 25 83 15 32766 32766 0 
54161 1980 10 28 9947 9955 9931 -18 7 -38 43 81 58 24 7 32766 13 40 2 32766 32766 2 
54161 1980 10 29 9929 9955 9907 -5 47 -58 41 71 50 0 18 32766 35 63 10 32766 32766 78 
54161 1980 10 30 9898 9941 9865 -21 18 -52 43 80 69 14 17 32766 55 110 15 32766 32766 0 
54161 1980 10 31 9931 9949 9914 -24 36 -87 37 72 56 0 5 32766 30 60 11 32766 32766 33 
54161 1980 11 1 9945 9970 9916 -6 24 -29 45 77 62 0 12 32766 15 32766 32766 32766 32766 64 
54161 1980 11 2 9929 9970 9911 -5 49 -50 43 73 56 0 9 32766 35 32766 32766 32766 32766 70 
54161 1980 11 3 9891 9920 9853 43 114 -11 53 66 46 0 21 32766 45 83 10 32766 32766 86 
54161 1980 11 4 9784 9853 9738 89 136 36 77 68 50 0 49 32766 90 150 11 32766 32766 77 
54161 1980 11 5 9808 9851 9727 35 106 -13 40 48 21 0 46 32766 60 153 11 32766 32766 88 
54161 1980 11 6 9774 9845 9719 33 116 -19 46 58 43 0 30 32766 63 120 12 32766 32766 15 
54161 1980 11 7 9888 9933 9794 -29 -2 -52 36 75 37 2 12 32766 33 70 16 32766 32766 50 
54161 1980 11 8 9933 9951 9908 -61 -20 -99 24 63 39 0 17 32766 60 130 12 32766 32766 83 
54161 1980 11 9 9893 9908 9881 -48 -11 -97 24 57 31 0 8 32766 20 67 10 32766 32766 58 
54161 1980 11 10 9854 9895 9811 26 117 -36 48 62 45 0 29 32766 55 153 11 32766 32766 20 
54161 1980 11 11 9946 9966 9895 -31 0 -44 35 73 48 26 27 32766 48 80 3 32766 32766 0 
54161 1980 11 12 9921 9935 9912 -71 -37 -107 26 74 52 11 15 32766 45 73 2 32766 32766 66 
54161 1980 11 13 9909 9933 9887 -100 -72 -147 22 78 66 32700 6 32766 40 70 11 32766 32766 55 
54161 1980 11 14 9917 9986 9849 -78 -40 -107 21 63 48 0 32766 32766 55 90 13 32766 32766 78 
54161 1980 11 15 9966 9993 9930 -37 12 -100 28 58 49 0 20 32766 45 80 8 32766 32766 50 
54161 1980 11 16 9940 9966 9918 17 36 6 65 94 62 2 3 32766 28 63 10 32766 32766 0 
54161 1980 11 17 9954 9969 9939 3 44 -16 59 94 78 0 6 32766 33 90 11 32766 32766 28 
54161 1980 11 18 9974 9996 9953 -11 13 -45 54 95 85 0 3 32766 33 60 11 32766 32766 18 
54161 1980 11 19 9934 9958 9911 64 100 -8 88 91 82 32700 3 32766 60 117 10 32766 32766 0 
54161 1980 11 20 9945 10010 9903 65 103 -5 78 77 54 0 27 32766 80 147 11 32766 32766 0 
54161 1980 11 21 10000 10033 9963 -26 16 -59 40 81 57 0 9 32766 28 43 1 32766 32766 73 
54161 1980 11 22 9920 9966 9901 -2 51 -50 48 81 59 0 1 32766 18 30 9 32766 32766 68 
54161 1980 11 23 9938 9951 9912 -9 13 -24 43 76 56 0 9 32766 28 50 2 32766 32766 0 
54161 1980 11 24 9882 9935 9861 -17 32 -52 36 70 46 0 4 32766 18 27 2 32766 32766 36 
54161 1980 11 25 9901 9922 9861 -27 22 -67 38 76 62 0 7 32766 23 33 15 32766 32766 78 
54161 1980 11 26 9913 9927 9897 -13 44 -58 41 75 51 0 8 32766 30 50 10 32766 32766 64 
54161 1980 11 27 9905 9919 9891 18 50 -14 54 78 66 0 14 32766 50 87 11 32766 32766 8 
54161 1980 11 28 9914 9923 9905 -5 58 -47 39 69 38 0 11 32766 38 67 12 32766 32766 79 
54161 1980 11 29 9852 9910 9797 20 72 -38 47 67 51 0 12 32766 50 73 9 32766 32766 64 
54161 1980 11 30 9816 9847 9790 -16 52 -59 26 48 34 0 38 32766 78 140 12 32766 32766 78 
54161 1980 12 1 9832 9851 9808 -7 67 -72 38 61 47 3 24 32766 68 160 11 32766 32766 0 
54161 1980 12 2 9814 9849 9784 -62 17 -106 17 43 35 32700 27 32766 53 103 14 32766 32766 36 
54161 1980 12 3 9802 9810 9786 -120 -98 -141 13 53 43 32700 11 32766 80 120 12 32766 32766 51 
54161 1980 12 4 9835 9846 9810 -147 -103 -170 8 45 29 0 11 32766 63 110 12 32766 32766 68 
54161 1980 12 5 9850 9866 9838 -131 -83 -174 10 47 21 0 10 32766 58 87 11 32766 32766 46 
54161 1980 12 6 9871 9887 9840 -110 -60 -155 14 55 32 32700 9 32766 40 77 13 32766 32766 51 
54161 1980 12 7 9951 9979 9887 -148 -111 -170 10 51 36 0 7 32766 33 67 13 32766 32766 69 
54161 1980 12 8 9942 9983 9903 -159 -111 -195 9 54 35 0 7 32766 30 77 11 32766 32766 67 
54161 1980 12 9 9831 9903 9810 -107 -58 -163 16 60 37 32700 10 32766 40 80 12 32766 32766 60 
54161 1980 12 10 9841 9908 9798 -106 -71 -163 25 86 65 31 5 32766 25 57 2 32766 32766 0 
54161 1980 12 11 9954 9969 9908 -201 -161 -225 10 81 74 1 2 32766 30 50 16 32766 32766 53 
54161 1980 12 12 9931 9967 9917 -242 -199 -275 7 81 74 6 5 32766 28 43 15 32766 32766 20 
54161 1980 12 13 9898 9931 9861 -209 -159 -254 9 78 69 32700 0 32766 50 90 12 32766 32766 65 
54161 1980 12 14 9895 9957 9845 -174 -139 -209 12 77 67 1 4 32766 50 73 12 32766 32766 31 
54161 1980 12 15 10002 10022 9957 -133 -95 -174 16 73 63 1 4 32766 45 67 12 32766 32766 76 
54161 1980 12 16 9961 9995 9942 -126 -75 -161 15 65 52 0 5 32766 40 70 12 32766 32766 68 
54161 1980 12 17 9944 9959 9930 -131 -79 -160 16 72 61 0 3 32766 30 60 11 32766 32766 59 
54161 1980 12 18 9939 9963 9918 -147 -96 -180 15 75 61 0 4 32766 23 47 11 32766 32766 58 
54161 1980 12 19 9948 9972 9923 -152 -109 -185 15 77 67 32700 4 32766 33 67 11 32766 32766 17 
54161 1980 12 20 9994 10011 9972 -170 -105 -217 11 67 51 0 3 32766 35 50 12 32766 32766 73 
54161 1980 12 21 9941 9986 9913 -119 -73 -175 16 63 49 0 7 32766 48 63 8 32766 32766 58 
54161 1980 12 22 9864 9913 9842 -52 -28 -76 39 93 72 25 10 32766 40 60 8 32766 32766 0 
54161 1980 12 23 9889 9937 9841 -142 -62 -178 18 84 71 13 12 32766 53 80 1 32766 32766 14 
54161 1980 12 24 9939 9951 9930 -189 -153 -224 11 82 72 0 1 32766 18 47 2 32766 32766 32 
54161 1980 12 25 9930 9940 9923 -185 -155 -209 12 83 74 8 5 32766 18 30 13 32766 32766 50 
54161 1980 12 26 9952 9969 9935 -203 -176 -241 10 79 65 7 2 32766 30 43 12 32766 32766 50 
54161 1980 12 27 9967 9979 9957 -237 -198 -259 7 80 70 0 0 32766 20 33 12 32766 32766 59 
54161 1980 12 28 9984 9998 9973 -257 -211 -290 7 81 80 5 3 32766 28 43 14 32766 32766 0 
54161 1980 12 29 10002 10011 9996 -247 -206 -275 6 77 65 0 0 32766 30 43 11 32766 32766 66 
54161 1980 12 30 9991 10008 9979 -222 -173 -263 8 72 56 0 0 32766 18 30 9 32766 32766 70 
54161 1980 12 31 9976 9988 9968 -206 -148 -243 8 70 52 0 2 32766 20 33 3 32766 32766 54 
54161 1981 1 1 9935 9973 9910 -208 -178 -237 9 74 68 32700 2 32766 58 83 2 32766 32766 0 
54161 1981 1 2 9962 9985 9934 -237 -196 -272 7 79 74 0 1 32766 33 70 1 32766 32766 54 
54161 1981 1 3 9996 10010 9978 -242 -188 -284 7 76 66 0 1 32766 23 40 12 32766 32766 63 
