V01000 V04001 V04002 V04003 V10004 V10201 V10202 V12001 V12052 V12053 V13004 V13003 V13007 V13201 V13241 V13242 V11002 V11042 V11212 V11041 V11043 V14032
56080 2007 1 4 7154 7177 7130 -82 -23 -105 25 76 43 3 10 32766 18 28 8 44 16 57 
56080 2007 1 5 7174 7194 7155 -115 2 -166 16 68 26 0 13 32766 14 60 16 80 16 79 
56080 2007 1 6 7183 7211 7144 -113 -13 -170 17 65 32 32700 13 32766 15 56 5 83 4 76 
56080 2007 1 7 7175 7191 7157 -131 -57 -179 12 58 33 32700 12 32766 14 41 16 61 1 79 
56080 2007 1 8 7169 7195 7137 -114 -1 -183 11 45 9 0 18 32766 13 96 13 144 13 78 
56080 2007 1 9 7153 7180 7120 -113 40 -210 9 41 8 0 18 32766 12 66 11 91 11 90 
56080 2007 1 10 7134 7153 7108 -103 37 -190 11 44 12 0 15 32766 10 38 16 58 16 81 
56080 2007 1 11 7156 7175 7137 -106 -39 -141 15 57 32 0 12 32766 13 42 5 60 5 45 
56080 2007 1 12 7147 7181 7117 -103 -24 -178 16 62 29 32700 11 32766 9 26 16 40 6 43 
56080 2007 1 13 7123 7154 7091 -103 -23 -152 16 58 33 0 4 32766 10 28 16 42 2 0 
56080 2007 1 14 7122 7141 7095 -112 -48 -147 19 75 48 32700 6 32766 13 55 16 79 16 43 
56080 2007 1 15 7123 7136 7109 -117 -66 -148 18 73 42 14 4 32766 15 43 16 60 16 61 
56080 2007 1 16 7140 7154 7122 -133 -43 -181 15 71 34 32700 5 32766 13 21 15 31 5 74 
56080 2007 1 17 7163 7181 7145 -138 -26 -218 11 56 17 0 10 32766 15 30 3 53 6 86 
56080 2007 1 18 7156 7180 7136 -140 -36 -198 12 59 26 0 5 32766 8 30 6 39 6 19 
56080 2007 1 19 7121 7149 7094 -121 7 -210 13 58 18 0 11 32766 13 25 7 44 7 90 
56080 2007 1 20 7143 7158 7123 -115 -17 -192 13 54 23 0 15 32766 14 41 10 56 10 76 
56080 2007 1 21 7132 7165 7096 -107 9 -182 14 55 31 0 15 32766 17 79 16 108 16 74 
56080 2007 1 22 7150 7163 7131 -92 4 -141 18 61 31 32700 13 32766 11 54 1 116 1 64 
56080 2007 1 23 7171 7187 7148 -94 29 -181 11 49 9 0 17 32766 29 89 13 140 13 86 
56080 2007 1 24 7153 7180 7115 -92 53 -184 11 38 9 0 23 32766 9 120 14 180 14 72 
56080 2007 1 25 7168 7183 7141 -87 32 -185 11 41 12 0 22 32766 12 44 5 64 4 82 
56080 2007 1 26 7192 7209 7164 -58 21 -137 10 33 8 0 37 32766 33 121 14 181 13 65 
56080 2007 1 27 7216 7233 7188 -80 3 -154 8 27 10 0 37 32766 27 84 16 143 16 89 
56080 2007 1 28 7198 7237 7153 -85 62 -186 10 35 8 0 20 32766 10 54 11 65 11 93 
56080 2007 1 29 7187 7206 7165 -90 43 -179 10 37 8 0 22 32766 12 70 1 99 16 87 
56080 2007 1 30 7195 7223 7156 -80 67 -178 10 37 8 0 23 32766 16 48 1 66 1 89 
56080 2007 1 31 7234 7259 7177 -94 15 -171 10 38 15 0 19 32766 10 51 1 79 16 81 
56080 2007 2 1 7238 7267 7203 -106 43 -201 10 44 10 0 20 32766 8 31 6 60 6 89 
56080 2007 2 2 7195 7225 7154 -81 73 -190 11 37 11 0 17 32766 9 26 7 65 6 94 
56080 2007 2 3 7145 7180 7107 -62 72 -166 13 39 12 0 24 32766 17 46 8 97 9 88 
56080 2007 2 4 7120 7143 7087 -67 54 -177 11 38 7 0 23 32766 15 36 5 59 5 90 
56080 2007 2 5 7117 7141 7090 -45 83 -142 14 38 11 0 24 32766 18 36 7 67 6 92 
56080 2007 2 6 7101 7121 7078 -68 46 -143 18 51 23 0 21 32766 15 68 1 110 16 50 
56080 2007 2 7 7142 7166 7113 -57 69 -163 16 49 11 0 18 32766 11 32 5 54 6 63 
56080 2007 2 8 7167 7185 7136 -38 34 -79 23 51 20 0 21 32766 17 43 4 72 4 71 
56080 2007 2 9 7164 7182 7136 -50 52 -126 19 49 12 0 20 32766 11 28 4 53 7 79 
56080 2007 2 10 7145 7169 7123 -61 72 -141 12 39 8 0 26 32766 13 33 4 54 15 96 
56080 2007 2 11 7130 7159 7100 -51 92 -151 12 34 9 0 29 32766 23 47 2 77 1 92 
56080 2007 2 12 7083 7114 7052 -48 36 -106 22 51 19 32700 28 32766 31 87 16 120 15 66 
56080 2007 2 13 7146 7164 7108 -69 -8 -134 25 71 41 24 10 32766 16 43 16 65 16 84 
56080 2007 2 14 7118 7154 7076 -42 72 -129 26 61 24 0 20 32766 14 45 11 69 11 98 
56080 2007 2 15 7067 7094 7027 -42 73 -120 25 61 23 0 21 32766 13 60 16 88 16 70 
56080 2007 2 16 7091 7107 7063 -73 -27 -102 25 71 55 24 9 32766 28 56 16 85 16 61 
56080 2007 2 17 7107 7119 7089 -94 -14 -160 20 68 42 32700 12 32766 12 36 5 55 5 87 
56080 2007 2 18 7109 7121 7086 -84 1 -141 24 74 38 4 11 32766 11 50 16 72 14 56 
56080 2007 2 19 7113 7130 7088 -76 14 -144 19 62 14 32700 17 32766 18 69 14 105 13 81 
56080 2007 2 20 7114 7128 7095 -71 34 -161 17 51 18 0 19 32766 12 51 2 78 16 88 
56080 2007 2 21 7139 7154 7112 -35 37 -102 20 49 10 3 28 32766 30 79 14 142 13 97 
56080 2007 2 22 7115 7155 7075 -42 60 -135 16 41 12 0 34 32766 23 78 14 129 11 90 
56080 2007 2 23 7097 7119 7074 -25 66 -110 19 43 13 0 33 32766 21 71 15 115 15 82 
56080 2007 2 24 7154 7180 7119 -28 66 -104 16 38 7 0 39 32766 20 63 16 94 15 101 
56080 2007 2 25 7115 7136 7089 -39 101 -136 14 38 6 0 34 32766 13 46 11 77 10 102 
56080 2007 2 26 7097 7124 7060 -12 109 -107 23 45 20 0 32 32766 15 50 8 73 8 86 
56080 2007 2 27 7054 7080 7023 32 110 -38 42 59 17 0 35 32766 28 83 11 120 11 48 
56080 2007 2 28 7068 7082 7050 11 120 -76 24 45 6 0 55 32766 22 101 14 151 13 100 
56080 2007 3 1 7075 7100 7035 5 161 -93 29 54 8 0 43 32766 26 58 12 89 10 104 
56080 2007 3 2 7074 7090 7045 -21 33 -55 39 74 54 32700 24 32766 21 76 5 117 5 6 
56080 2007 3 3 7117 7130 7075 -68 34 -117 27 72 37 25 17 32766 16 61 16 86 16 72 
56080 2007 3 4 7133 7151 7118 -62 12 -125 23 64 29 0 22 32766 24 58 16 100 16 66 
56080 2007 3 5 7139 7162 7112 -60 17 -109 25 66 35 0 20 32766 18 53 16 86 16 62 
56080 2007 3 6 7132 7150 7106 -53 4 -94 28 70 37 32700 17 32766 25 51 6 71 6 45 
56080 2007 3 7 7101 7133 7062 -55 12 -90 29 74 43 9 19 32766 31 72 16 104 16 51 
56080 2007 3 8 7102 7129 7078 -77 1 -179 26 74 38 14 18 32766 15 46 1 72 1 60 
56080 2007 3 9 7097 7114 7064 -28 90 -97 26 60 10 0 38 32766 35 115 13 171 16 98 
56080 2007 3 10 7116 7137 7088 -27 78 -69 29 60 18 0 31 32766 22 62 16 95 15 74 
56080 2007 3 11 7098 7135 7048 -13 112 -94 29 56 17 0 32 32766 16 76 16 103 16 70 
56080 2007 3 12 7124 7154 7090 -7 115 -56 39 70 13 62 42 32766 15 78 16 109 16 96 
56080 2007 3 13 7076 7101 7044 3 93 -46 42 68 37 0 23 32766 16 116 16 181 1 72 
56080 2007 3 14 7082 7101 7062 3 69 -28 46 73 47 0 23 32766 17 68 9 98 7 52 
56080 2007 3 15 7081 7105 7058 -36 3 -58 39 81 71 42 11 32766 35 61 16 77 16 0 
56080 2007 3 16 7129 7142 7103 -46 9 -81 31 72 43 32700 23 32766 18 48 16 73 5 47 
56080 2007 3 17 7138 7157 7110 -34 37 -84 31 67 33 32700 25 32766 18 62 4 96 4 75 
56080 2007 3 18 7120 7140 7102 -19 38 -64 30 59 14 32700 25 32766 24 66 16 99 13 66 
56080 2007 3 19 7166 7180 7123 -21 31 -61 23 47 13 32700 32 32766 24 103 15 146 14 95 
56080 2007 3 20 7134 7180 7088 2 148 -103 25 48 14 0 33 32766 14 57 4 83 7 80 
56080 2007 3 21 7130 7149 7097 38 158 -59 40 54 15 0 45 32766 13 52 8 73 7 101 
56080 2007 3 22 7108 7126 7090 12 99 -8 51 77 41 15 20 32766 30 85 16 129 15 21 
56080 2007 3 23 7155 7177 7126 3 57 -28 45 74 42 9 26 32766 16 61 3 90 3 64 
56080 2007 3 24 7143 7168 7116 19 83 -20 41 62 27 0 31 32766 29 64 1 101 2 64 
56080 2007 3 25 7123 7153 7083 15 92 -44 38 62 20 32700 32 32766 27 71 5 102 6 70 
56080 2007 3 26 7137 7150 7117 15 78 -34 38 61 19 4 34 32766 26 87 16 142 16 62 
56080 2007 3 27 7150 7170 7116 36 137 -59 22 35 8 0 58 32766 33 102 13 152 14 89 
56080 2007 3 28 7149 7176 7109 52 163 -50 21 30 7 0 81 32766 22 101 14 150 14 96 
56080 2007 3 29 7123 7153 7089 75 210 -42 27 31 7 0 73 32766 28 58 9 104 12 80 
56080 2007 3 30 7122 7136 7085 85 228 -30 36 41 6 0 91 32766 31 98 14 154 13 99 
56080 2007 3 31 7122 7154 7077 94 236 6 41 45 6 0 89 32766 37 84 11 146 11 77 
56080 2007 4 1 7149 7162 7104 26 141 -34 35 48 27 0 57 32766 32 73 16 120 16 107 
56080 2007 4 2 7164 7185 7136 -31 42 -94 19 40 26 0 39 32766 22 67 5 95 5 85 
56080 2007 4 3 7148 7184 7112 4 121 -65 26 43 20 0 41 32766 21 64 16 88 16 83 
56080 2007 4 4 7147 7168 7131 -12 37 -44 33 59 37 32700 20 32766 24 63 16 96 1 17 
56080 2007 4 5 7160 7177 7139 9 98 -65 37 63 20 0 28 32766 15 83 16 115 16 43 
56080 2007 4 6 7175 7190 7154 2 81 -68 34 60 30 0 36 32766 27 66 16 94 16 85 
56080 2007 4 7 7172 7199 7134 29 105 -33 36 49 32 4 42 32766 30 80 1 141 16 78 
56080 2007 4 8 7163 7182 7137 30 100 -18 40 56 28 0 42 32766 20 64 11 100 5 34 
56080 2007 4 9 7174 7189 7154 19 76 -10 43 62 29 32700 30 32766 19 57 16 119 1 47 
56080 2007 4 10 7181 7201 7155 13 122 -73 31 53 15 0 35 32766 8 39 5 85 14 55 
56080 2007 4 11 7152 7173 7123 35 142 -68 25 42 10 0 45 32766 22 61 16 98 16 64 
56080 2007 4 12 7163 7185 7135 45 126 -39 38 49 15 0 55 32766 25 74 16 115 16 68 
56080 2007 4 13 7151 7167 7125 54 131 0 41 51 15 0 54 32766 25 83 16 145 8 65 
56080 2007 4 14 7142 7160 7129 22 93 -42 46 65 31 32700 51 32766 26 86 16 134 2 94 
56080 2007 4 15 7156 7174 7134 38 135 -43 49 67 26 7 52 32766 19 99 14 164 13 106 
56080 2007 4 16 7134 7172 7079 40 179 -39 44 66 13 1 51 32766 28 87 16 165 1 67 
56080 2007 4 17 7178 7212 7147 50 145 -28 32 45 11 11 71 32766 24 78 16 167 16 119 
56080 2007 4 18 7152 7175 7117 80 211 -52 28 34 7 0 80 32766 24 85 13 147 13 103 
56080 2007 4 19 7143 7157 7121 78 175 -26 41 42 18 0 77 32766 19 72 5 127 5 111 
56080 2007 4 20 7166 7194 7123 68 150 4 63 67 31 9 48 32766 21 74 16 117 16 68 
56080 2007 4 21 7140 7163 7104 57 123 20 63 72 35 43 16 32766 22 71 16 104 16 29 
56080 2007 4 22 7141 7175 7095 71 164 2 65 68 18 32700 55 32766 15 48 4 95 5 82 
56080 2007 4 23 7144 7164 7106 53 108 15 59 68 38 32700 36 32766 33 89 16 134 15 48 
56080 2007 4 24 7167 7186 7141 28 105 -12 49 68 37 32700 52 32766 31 84 16 111 16 86 
56080 2007 4 25 7170 7194 7137 46 119 13 52 63 34 32700 47 32766 27 71 6 127 5 52 
56080 2007 4 26 7197 7219 7164 17 89 -34 45 67 40 11 33 32766 23 50 16 93 15 61 
56080 2007 4 27 7190 7204 7161 15 94 -27 51 76 33 32700 28 32766 20 81 12 119 1 22 
56080 2007 4 28 7191 7204 7175 8 43 -17 50 78 51 35 26 32766 20 59 2 86 2 12 
56080 2007 4 29 7182 7206 7156 30 137 -66 36 58 13 0 48 32766 22 41 15 75 15 109 
56080 2007 4 30 7190 7204 7167 56 161 -38 43 53 19 0 59 32766 27 74 5 108 6 104 
56080 2007 5 1 7192 7216 7154 88 197 -23 45 48 12 0 78 32766 21 83 14 163 16 118 
56080 2007 5 2 7167 7184 7133 88 204 -7 50 51 13 0 89 32766 30 99 16 162 16 79 
56080 2007 5 3 7225 7242 7184 31 91 -5 53 72 31 20 33 32766 22 73 16 111 1 56 
56080 2007 5 4 7185 7222 7146 76 197 -51 30 42 6 0 82 32766 19 70 16 105 16 125 
56080 2007 5 5 7177 7197 7149 93 198 -20 36 36 8 0 87 32766 18 60 4 94 5 123 
56080 2007 5 6 7170 7189 7137 97 192 -11 41 39 17 0 72 32766 17 66 3 153 3 106 
56080 2007 5 7 7167 7190 7138 115 175 40 51 38 23 32700 72 32766 18 75 10 137 8 76 
56080 2007 5 8 7153 7162 7143 99 169 39 67 57 29 2 59 32766 18 71 1 107 15 72 
56080 2007 5 9 7156 7187 7108 116 214 12 66 54 24 0 84 32766 27 63 6 120 9 112 
56080 2007 5 10 7156 7189 7113 52 168 11 73 82 36 36 24 32766 20 87 16 133 16 0 
56080 2007 5 11 7220 7240 7189 43 114 -6 63 77 35 83 41 32766 18 44 16 79 1 100 
56080 2007 5 12 7220 7246 7181 89 171 16 60 59 15 0 55 32766 17 50 11 81 10 105 
56080 2007 5 13 7190 7211 7157 102 199 2 56 53 11 0 80 32766 23 60 5 89 5 117 
56080 2007 5 14 7153 7180 7123 89 150 61 67 59 27 3 36 32766 20 70 16 109 15 39 
56080 2007 5 15 7190 7210 7162 99 172 46 57 52 12 0 72 32766 21 67 15 116 15 78 
56080 2007 5 16 7199 7224 7160 103 186 22 56 49 11 0 70 32766 24 62 5 90 4 101 
56080 2007 5 17 7176 7191 7151 108 198 13 48 45 11 0 76 32766 13 56 15 88 2 95 
56080 2007 5 18 7174 7196 7141 122 230 4 51 42 12 0 82 32766 16 42 4 76 7 107 
56080 2007 5 19 7136 7162 7100 138 249 16 52 40 9 0 101 32766 20 96 15 146 15 106 
56080 2007 5 20 7117 7140 7084 139 237 39 68 48 14 32700 81 32766 22 104 10 158 12 76 
56080 2007 5 21 7080 7103 7055 121 209 83 94 68 34 0 62 32766 27 74 5 114 5 47 
56080 2007 5 22 7100 7111 7080 90 125 78 102 89 66 83 0 32766 22 63 5 88 5 0 
56080 2007 5 23 7147 7171 7110 68 105 53 85 86 68 101 0 32766 27 71 16 103 16 0 
56080 2007 5 24 7176 7204 7148 78 159 4 59 62 21 2 50 32766 20 62 16 94 16 85 
56080 2007 5 25 7154 7171 7132 96 136 58 71 60 34 32700 47 32766 8 51 8 78 8 16 
56080 2007 5 26 7171 7186 7143 113 167 62 65 52 27 0 62 32766 19 52 5 82 6 32 
56080 2007 5 27 7182 7197 7162 107 173 43 72 59 29 2 53 32766 18 53 4 82 9 52 
56080 2007 5 28 7160 7192 7115 117 224 26 84 65 28 1 68 32766 14 109 1 167 1 90 
56080 2007 5 29 7140 7162 7111 129 206 84 109 75 45 86 46 32766 19 62 16 97 16 58 
56080 2007 5 30 7172 7191 7131 103 152 67 95 77 56 174 22 32766 24 80 12 103 11 13 
56080 2007 5 31 7181 7201 7152 90 161 30 81 73 37 67 48 32766 22 78 16 111 16 63 
56080 2007 6 1 7156 7179 7139 109 171 44 83 68 32 5 32766 24 18 90 15 135 15 88 
56080 2007 6 2 7144 7161 7110 120 212 28 77 61 10 0 32766 43 17 68 5 105 4 100 
56080 2007 6 3 7181 7206 7125 107 163 82 80 63 31 32700 32766 30 29 53 10 74 9 16 
56080 2007 6 4 7172 7208 7129 118 214 18 78 62 24 0 32766 43 17 50 4 86 3 107 
56080 2007 6 5 7155 7167 7137 121 189 76 97 71 38 7 32766 35 31 67 3 121 2 68 
56080 2007 6 6 7162 7178 7137 123 203 33 77 60 25 0 32766 42 20 59 5 87 4 120 
56080 2007 6 7 7160 7167 7147 102 167 48 75 65 25 32700 32766 42 21 83 8 129 7 0 
56080 2007 6 8 7168 7177 7155 107 156 57 85 67 42 11 32766 26 19 84 6 152 6 30 
56080 2007 6 9 7166 7185 7140 112 191 26 83 67 30 4 32766 31 9 60 5 118 2 100 
56080 2007 6 10 7165 7176 7149 87 146 42 88 79 55 32700 32766 25 15 56 4 79 4 0 
56080 2007 6 11 7156 7167 7146 81 112 65 95 88 66 96 32766 0 27 51 16 78 5 0 
56080 2007 6 12 7168 7178 7156 81 119 53 87 82 62 55 32766 2 20 51 16 76 16 8 
56080 2007 6 13 7150 7175 7122 112 208 41 79 65 11 0 32766 33 11 44 1 72 1 86 
56080 2007 6 14 7130 7153 7093 134 224 42 77 56 22 0 32766 38 21 51 7 91 7 79 
56080 2007 6 15 7109 7126 7081 136 214 67 97 65 29 44 32766 41 19 75 13 134 13 111 
56080 2007 6 16 7116 7126 7101 92 142 82 103 88 63 175 32766 20 40 65 16 117 11 0 
56080 2007 6 17 7125 7140 7104 81 105 69 91 85 72 99 32766 25 34 63 16 100 16 0 
56080 2007 6 18 7142 7155 7106 69 121 45 81 82 66 62 32766 32 31 75 16 116 2 38 
56080 2007 6 19 7177 7190 7149 39 68 2 71 88 74 247 32766 2 7 53 16 73 14 0 
56080 2007 6 20 7172 7179 7155 66 125 27 80 83 61 77 32766 7 21 49 1 74 16 29 
56080 2007 6 21 7165 7182 7148 71 90 58 85 84 73 73 32766 11 14 61 16 89 1 0 
56080 2007 6 22 7171 7183 7155 99 170 22 89 75 46 8 32766 20 17 60 16 83 1 118 
56080 2007 6 23 7194 7208 7169 124 199 38 80 62 20 0 32766 35 14 60 15 94 14 112 
56080 2007 6 24 7191 7209 7161 123 201 30 79 61 28 0 32766 33 18 51 4 83 3 111 
56080 2007 6 25 7187 7196 7176 92 158 65 92 80 48 14 32766 22 19 46 4 74 4 0 
56080 2007 6 26 7149 7189 7115 97 178 35 88 76 39 32700 32766 23 9 51 12 70 9 72 
56080 2007 6 27 7127 7141 7104 129 214 30 91 66 32 0 32766 27 17 56 5 88 2 112 
56080 2007 6 28 7150 7165 7119 120 170 70 103 75 51 70 32766 28 14 56 16 82 16 51 
56080 2007 6 29 7153 7175 7125 124 228 46 96 71 32 32700 32766 30 21 44 13 88 14 87 
56080 2007 6 30 7148 7165 7125 133 196 84 114 76 49 7 32766 22 14 52 5 93 8 25 
56080 2007 7 1 7143 7157 7131 139 180 109 123 78 60 113 32766 32 36 53 16 78 16 27 
56080 2007 7 2 7141 7152 7129 141 187 109 123 79 50 1 32766 27 18 43 9 60 8 7 
56080 2007 7 3 7140 7159 7111 149 227 60 107 67 27 0 32766 38 19 57 8 90 9 127 
56080 2007 7 4 7122 7135 7102 131 188 100 128 85 53 96 32766 23 37 65 16 103 15 22 
56080 2007 7 5 7147 7156 7135 126 156 102 122 84 69 26 32766 22 21 53 16 80 16 9 
56080 2007 7 6 7163 7176 7142 143 224 83 116 74 36 0 32766 30 13 53 5 82 5 70 
56080 2007 7 7 7155 7166 7149 131 180 121 127 84 59 48 32766 12 20 51 16 79 16 0 
56080 2007 7 8 7142 7158 7117 147 228 73 104 67 33 0 32766 37 9 47 1 75 2 123 
56080 2007 7 9 7156 7168 7134 142 206 78 102 67 33 0 32766 42 27 59 4 92 4 75 
56080 2007 7 10 7158 7176 7131 144 212 58 94 63 26 0 32766 43 21 47 7 94 6 113 
56080 2007 7 11 7149 7161 7138 126 176 111 119 82 49 48 32766 26 23 70 16 93 16 0 
56080 2007 7 12 7156 7175 7138 119 179 88 110 80 52 69 32766 30 15 63 16 103 13 75 
56080 2007 7 13 7152 7166 7132 96 165 42 96 81 48 52 32766 34 28 54 16 86 2 69 
56080 2007 7 14 7135 7157 7114 137 203 42 100 67 34 32700 32766 34 26 57 16 85 16 117 
56080 2007 7 15 7123 7142 7096 143 245 45 105 68 28 0 32766 38 12 38 8 55 8 113 
56080 2007 7 16 7103 7120 7077 167 250 99 140 76 42 0 32766 35 16 58 6 95 6 76 
56080 2007 7 17 7110 7121 7090 169 203 142 150 79 58 2 32766 33 35 71 16 106 16 64 
56080 2007 7 18 7149 7167 7120 114 165 85 115 85 72 53 32766 34 28 68 15 91 16 0 
56080 2007 7 19 7170 7176 7158 98 131 82 106 88 71 104 32766 5 22 65 16 89 16 0 
56080 2007 7 20 7162 7175 7141 136 205 78 101 68 33 0 32766 38 19 58 16 92 16 114 
56080 2007 7 21 7174 7184 7154 110 173 84 106 81 43 50 32766 26 19 79 1 145 16 79 
56080 2007 7 22 7169 7189 7149 112 186 34 87 68 34 28 32766 38 25 94 15 142 15 108 
56080 2007 7 23 7170 7186 7149 124 195 58 99 72 40 0 32766 32 16 42 6 80 7 111 
56080 2007 7 24 7161 7177 7138 131 217 44 87 64 28 0 32766 50 18 50 1 85 16 124 
56080 2007 7 25 7160 7175 7137 135 236 37 84 61 19 0 32766 42 17 45 16 76 1 131 
56080 2007 7 26 7156 7172 7135 127 223 48 87 64 25 32700 32766 51 22 89 11 134 12 78 
56080 2007 7 27 7152 7164 7136 112 164 78 104 80 57 141 32766 22 13 48 12 70 16 33 
56080 2007 7 28 7149 7163 7131 115 194 43 95 75 37 0 32766 35 11 49 10 69 10 89 
56080 2007 7 29 7167 7175 7141 123 199 63 108 77 39 66 32766 31 20 72 11 115 11 102 
56080 2007 7 30 7184 7195 7165 125 205 55 107 77 38 32700 32766 40 14 66 5 90 13 76 
56080 2007 7 31 7190 7202 7175 102 132 82 108 86 74 26 32766 27 31 78 16 115 16 0 
56080 2007 8 1 7188 7210 7162 119 207 69 91 70 30 0 32766 35 15 62 5 89 6 107 
56080 2007 8 2 7172 7206 7146 127 222 33 92 67 28 40 32766 36 13 88 16 125 16 111 
56080 2007 8 3 7156 7187 7122 134 244 44 106 72 24 77 32766 38 13 72 15 123 16 111 
56080 2007 8 4 7137 7169 7114 144 227 78 126 81 39 127 32766 31 19 79 11 119 10 95 
56080 2007 8 5 7144 7152 7122 159 226 129 135 77 44 35 32766 35 14 69 5 105 6 46 
56080 2007 8 6 7161 7167 7147 154 199 126 134 78 54 32700 32766 31 19 48 16 73 16 15 
56080 2007 8 7 7166 7183 7140 167 245 113 136 74 39 0 32766 38 13 46 4 76 4 97 
56080 2007 8 8 7161 7178 7144 127 189 111 126 86 63 41 32766 27 28 86 16 146 16 0 
56080 2007 8 9 7169 7187 7145 151 227 93 126 76 43 11 32766 31 21 51 16 79 5 80 
56080 2007 8 10 7174 7187 7157 134 184 109 120 78 38 56 32766 28 14 49 1 70 2 42 
56080 2007 8 11 7167 7185 7136 108 186 65 100 79 43 11 32766 31 19 84 16 121 16 86 
56080 2007 8 12 7151 7171 7128 123 188 77 100 73 38 2 32766 36 19 60 11 95 15 97 
56080 2007 8 13 7153 7168 7127 123 222 32 91 68 31 0 32766 40 16 37 4 63 4 120 
56080 2007 8 14 7142 7157 7111 136 239 50 97 68 24 0 32766 39 18 51 4 86 4 102 
56080 2007 8 15 7147 7155 7128 136 180 108 126 81 56 7 32766 2 19 44 4 66 4 27 
56080 2007 8 16 7154 7167 7136 155 214 119 130 75 48 0 32766 22 18 43 8 63 9 21 
56080 2007 8 17 7149 7156 7132 160 230 98 129 72 48 0 32766 40 22 54 16 85 16 97 
56080 2007 8 18 7162 7172 7142 164 232 130 140 76 47 0 32766 28 19 48 6 72 6 36 
56080 2007 8 19 7183 7192 7154 171 221 136 132 70 43 0 32766 43 27 68 6 98 6 35 
56080 2007 8 20 7202 7212 7184 155 211 106 119 71 37 0 32766 41 19 53 5 82 6 51 
56080 2007 8 21 7194 7211 7171 157 241 83 110 66 32 32700 32766 39 11 58 2 87 4 94 
56080 2007 8 22 7173 7195 7142 158 258 75 111 67 27 0 32766 42 14 44 3 68 4 87 
56080 2007 8 23 7194 7209 7155 155 222 106 128 76 43 0 32766 40 22 58 3 88 4 56 
56080 2007 8 24 7213 7229 7188 152 237 80 122 74 34 0 32766 36 15 56 5 81 5 86 
56080 2007 8 25 7190 7218 7154 167 247 119 131 72 38 32700 32766 47 19 57 5 96 5 92 
56080 2007 8 26 7206 7216 7172 98 167 82 103 86 76 80 32766 35 33 78 16 114 16 0 
56080 2007 8 27 7192 7218 7159 127 201 86 119 82 55 0 32766 22 16 55 16 76 15 25 
56080 2007 8 28 7169 7184 7152 134 181 113 134 87 63 13 32766 22 16 70 16 105 16 21 
56080 2007 8 29 7175 7182 7164 129 166 114 122 82 66 60 32766 22 29 70 16 105 16 16 
56080 2007 8 30 7186 7196 7177 99 124 81 107 88 67 90 32766 4 25 67 16 104 16 0 
56080 2007 8 31 7196 7213 7173 111 200 51 92 74 34 8 32766 29 16 46 16 71 16 71 
56080 2007 9 1 7186 7201 7164 112 192 45 93 73 39 32700 32766 27 17 53 6 76 6 84 
56080 2007 9 2 7194 7206 7180 75 137 56 95 91 66 141 32766 15 21 63 16 92 16 0 
56080 2007 9 3 7200 7215 7180 75 123 41 86 83 60 21 32766 15 16 55 13 101 3 59 
56080 2007 9 4 7192 7211 7162 91 174 35 80 73 34 0 32766 20 16 47 5 76 5 77 
56080 2007 9 5 7168 7192 7137 96 170 44 84 72 49 0 32766 32 18 33 3 53 3 39 
56080 2007 9 6 7142 7166 7125 102 162 61 96 79 50 88 32766 14 17 64 10 126 10 11 
56080 2007 9 7 7142 7160 7125 86 112 79 97 87 77 58 32766 15 25 73 16 115 16 0 
56080 2007 9 8 7167 7174 7160 88 134 56 89 80 57 32700 32766 17 22 39 16 56 16 14 
56080 2007 9 9 7178 7187 7153 100 168 64 94 78 51 32700 32766 18 15 56 5 82 6 30 
56080 2007 9 10 7190 7202 7177 102 147 64 97 80 57 1 32766 20 16 47 5 69 5 34 
56080 2007 9 11 7183 7196 7168 97 128 85 102 85 67 3 32766 11 25 51 16 67 16 0 
56080 2007 9 12 7183 7193 7168 79 121 64 89 84 65 60 32766 27 39 78 16 106 15 23 
56080 2007 9 13 7207 7216 7190 76 143 31 71 72 35 32700 32766 26 20 115 16 179 16 83 
56080 2007 9 14 7197 7225 7162 72 183 -11 61 67 17 0 32766 36 12 42 12 73 13 114 
56080 2007 9 15 7165 7184 7134 91 198 10 69 65 27 0 32766 26 18 41 15 59 16 96 
56080 2007 9 16 7172 7189 7151 77 136 52 86 82 56 138 32766 35 28 53 11 88 6 43 
56080 2007 9 17 7227 7244 7189 65 150 -4 51 59 15 5 32766 35 13 44 16 84 15 102 
56080 2007 9 18 7203 7227 7172 67 182 -27 54 61 14 0 32766 33 14 42 1 75 16 110 
56080 2007 9 19 7213 7224 7192 67 156 10 62 68 22 0 32766 31 13 83 14 117 14 91 
56080 2007 9 20 7221 7239 7194 76 181 -8 55 61 20 0 32766 29 17 44 5 67 5 103 
56080 2007 9 21 7191 7218 7156 88 205 -3 71 66 21 0 32766 27 10 45 5 72 5 111 
56080 2007 9 22 7185 7197 7161 116 198 59 93 70 37 0 32766 26 14 53 1 80 16 66 
56080 2007 9 23 7173 7193 7144 129 214 84 97 67 34 0 32766 32 15 37 8 56 8 80 
56080 2007 9 24 7170 7185 7146 110 243 55 96 77 19 0 32766 31 16 69 16 94 16 76 
56080 2007 9 25 7189 7212 7148 103 195 45 87 72 43 0 32766 29 18 48 3 77 3 73 
56080 2007 9 26 7170 7179 7152 102 160 68 95 77 56 0 32766 30 26 66 16 96 16 35 
56080 2007 9 27 7171 7199 7155 58 105 40 82 89 78 40 32766 25 30 79 16 118 15 0 
56080 2007 9 28 7174 7198 7135 74 174 32 86 85 60 143 32766 9 18 62 16 91 16 38 
56080 2007 9 29 7173 7195 7155 107 187 66 109 85 62 67 32766 8 16 61 14 98 15 64 
56080 2007 9 30 7150 7185 7116 129 215 89 118 80 55 32700 32766 32 29 78 16 116 16 79 
56080 2007 10 1 7188 7210 7156 71 114 35 83 83 65 252 0 32766 29 72 16 115 16 5 
56080 2007 10 2 7165 7195 7132 93 169 59 93 79 59 5 40 32766 20 83 16 112 16 69 
56080 2007 10 3 7165 7181 7130 102 200 64 101 83 50 5 39 32766 17 59 16 81 15 55 
56080 2007 10 4 7175 7194 7140 103 173 71 105 85 60 71 35 32766 24 91 7 135 7 33 
56080 2007 10 5 7162 7194 7124 104 193 74 106 85 58 21 30 32766 27 81 16 127 6 36 
56080 2007 10 6 7179 7198 7153 59 93 35 83 88 70 134 15 32766 35 77 16 110 16 0 
56080 2007 10 7 7185 7201 7170 7 35 -4 58 91 83 87 10 32766 23 77 16 107 15 0 
56080 2007 10 8 7178 7197 7146 20 95 -12 61 87 59 1 17 32766 25 53 16 79 16 19 
56080 2007 10 9 7162 7178 7130 41 112 14 68 84 63 3 23 32766 18 59 16 92 16 4 
56080 2007 10 10 7189 7213 7158 32 63 2 64 83 70 47 10 32766 23 53 16 74 16 0 
56080 2007 10 11 7202 7216 7186 13 45 -8 59 88 66 85 17 32766 17 43 4 69 4 17 
56080 2007 10 12 7220 7234 7204 19 59 -2 59 85 66 26 16 32766 13 47 16 80 16 4 
56080 2007 10 13 7234 7243 7213 27 61 11 62 85 63 29 8 32766 16 42 15 59 16 0 
56080 2007 10 14 7242 7256 7224 21 73 -4 59 84 56 23 16 32766 20 47 16 65 15 20 
56080 2007 10 15 7247 7262 7229 35 87 13 59 76 50 0 24 32766 12 61 16 89 15 43 
56080 2007 10 16 7228 7255 7199 38 108 -5 60 77 45 32700 23 32766 17 57 11 84 10 44 
56080 2007 10 17 7204 7227 7181 39 84 19 65 82 59 35 7 32766 16 51 6 67 7 0 
56080 2007 10 18 7230 7250 7192 18 74 -9 56 81 45 27 25 32766 18 59 16 85 16 56 
56080 2007 10 19 7230 7257 7199 13 82 -40 42 68 28 0 20 32766 14 34 8 48 8 72 
56080 2007 10 20 7195 7220 7167 31 91 -4 55 74 41 0 23 32766 13 30 12 46 11 70 
56080 2007 10 21 7181 7196 7164 24 86 -19 52 76 45 2 19 32766 13 52 14 100 14 60 
56080 2007 10 22 7173 7192 7141 33 121 -17 55 74 29 0 28 32766 16 43 3 66 3 96 
56080 2007 10 23 7175 7192 7153 30 73 4 60 79 46 65 14 32766 14 46 16 74 16 42 
56080 2007 10 24 7193 7212 7167 20 120 -33 45 71 14 0 26 32766 12 61 14 86 15 81 
56080 2007 10 25 7185 7205 7154 29 132 -44 44 65 25 0 29 32766 15 57 16 81 1 92 
56080 2007 10 26 7171 7199 7145 34 147 -13 52 70 24 32700 31 32766 10 37 2 53 1 91 
56080 2007 10 27 7171 7187 7146 40 99 18 59 74 49 0 26 32766 31 69 16 104 16 58 
56080 2007 10 28 7188 7206 7162 -9 23 -22 48 85 67 3 12 32766 19 63 16 84 16 0 
56080 2007 10 29 7177 7197 7140 9 97 -48 44 72 22 32700 25 32766 16 46 2 71 2 73 
56080 2007 10 30 7179 7195 7153 8 97 -52 38 66 20 0 22 32766 12 43 16 65 15 91 
56080 2007 10 31 7203 7221 7174 1 100 -49 34 66 12 0 31 32766 30 92 14 143 13 88 
56080 2007 11 1 7240 7271 7209 -18 81 -78 29 60 14 0 25 32766 18 56 1 81 16 96 
56080 2007 11 2 7194 7225 7166 -22 90 -98 26 57 13 0 25 32766 8 47 2 90 2 93 
56080 2007 11 3 7185 7202 7161 -26 52 -76 33 67 31 0 18 32766 13 65 16 100 16 75 
56080 2007 11 4 7182 7204 7158 -16 111 -91 26 58 11 0 26 32766 15 55 13 99 15 91 
56080 2007 11 5 7183 7200 7155 -3 111 -86 26 53 12 0 27 32766 15 73 16 105 15 73 
56080 2007 11 6 7222 7243 7199 -5 96 -73 30 59 12 0 25 32766 11 47 16 79 16 85 
56080 2007 11 7 7215 7234 7187 -12 107 -81 27 57 12 0 23 32766 15 25 3 41 4 91 
56080 2007 11 8 7200 7218 7172 -11 106 -86 25 53 13 0 23 32766 11 39 16 55 3 91 
56080 2007 11 9 7173 7203 7141 -14 90 -82 30 60 23 0 26 32766 10 67 16 95 15 77 
56080 2007 11 10 7169 7186 7146 3 61 -18 44 72 46 1 15 32766 8 35 9 59 9 23 
56080 2007 11 11 7157 7170 7135 11 102 -49 46 73 37 0 16 32766 10 70 11 96 11 66 
56080 2007 11 12 7156 7176 7131 28 98 -24 48 67 33 32700 26 32766 14 51 1 70 1 64 
56080 2007 11 13 7154 7175 7138 8 95 -34 34 59 13 32700 32 32766 24 79 12 128 11 82 
56080 2007 11 14 7158 7175 7136 -4 131 -88 24 50 12 0 28 32766 13 65 11 94 10 84 
56080 2007 11 15 7184 7201 7163 -4 104 -78 34 63 26 0 27 32766 14 63 16 89 16 85 
56080 2007 11 16 7188 7213 7151 8 136 -56 37 63 13 0 29 32766 11 57 13 107 16 89 
56080 2007 11 17 7199 7216 7175 -14 61 -54 30 58 27 0 24 32766 10 55 9 97 10 80 
56080 2007 11 18 7192 7222 7151 -25 94 -102 30 63 23 0 21 32766 17 64 16 102 16 80 
56080 2007 11 19 7204 7226 7180 -33 80 -97 24 59 13 0 23 32766 10 40 2 64 1 78 
56080 2007 11 20 7193 7211 7162 -34 80 -102 25 58 12 0 18 32766 9 34 16 57 6 81 
56080 2007 11 21 7200 7210 7186 -38 73 -93 24 58 19 0 13 32766 10 21 8 30 15 51 
56080 2007 11 22 7216 7231 7191 -45 74 -120 20 55 11 0 19 32766 14 45 1 74 1 77 
56080 2007 11 23 7203 7227 7174 -45 87 -121 17 48 11 0 24 32766 8 47 1 80 16 76 
56080 2007 11 24 7166 7200 7131 -42 108 -136 15 44 8 0 25 32766 19 60 10 95 5 84 
56080 2007 11 25 7195 7235 7147 -71 -6 -115 24 65 29 0 13 32766 17 60 16 87 16 18 
56080 2007 11 26 7240 7260 7217 -64 38 -128 19 57 12 0 62 32766 17 45 16 71 16 77 
56080 2007 11 27 7182 7232 7152 -79 34 -159 14 48 13 0 20 32766 18 62 15 93 16 83 
56080 2007 11 28 7150 7166 7127 -60 50 -141 18 50 16 0 17 32766 17 59 2 92 2 74 
56080 2007 11 29 7151 7167 7130 -65 61 -143 18 54 15 0 17 32766 20 57 12 85 12 67 
56080 2007 11 30 7133 7161 7089 -48 109 -145 16 46 10 0 19 32766 11 32 8 51 10 83 
56080 2007 12 1 7149 7181 7112 -43 21 -67 27 62 31 32700 15 32766 17 58 1 96 16 28 
56080 2007 12 2 7180 7201 7147 -55 53 -107 21 56 14 32700 14 32766 12 33 10 51 1 82 
56080 2007 12 3 7156 7175 7126 -62 56 -129 19 53 21 0 17 32766 15 80 16 118 1 73 
56080 2007 12 4 7182 7200 7156 -66 34 -141 19 56 13 0 12 32766 11 34 1 51 1 58 
56080 2007 12 5 7192 7207 7181 -49 45 -102 17 46 13 0 17 32766 12 69 16 115 16 71 
56080 2007 12 6 7175 7206 7141 -70 71 -157 13 42 11 0 19 32766 13 44 1 69 1 90 
56080 2007 12 7 7149 7182 7111 -57 77 -151 16 46 14 0 16 32766 10 36 16 55 16 75 
56080 2007 12 8 7122 7141 7095 -35 57 -121 19 45 13 0 20 32766 12 46 16 67 1 67 
56080 2007 12 9 7095 7122 7080 -33 53 -105 25 55 14 4 19 32766 17 91 13 153 13 59 
56080 2007 12 10 7085 7111 7052 -36 103 -137 18 48 11 0 22 32766 34 97 10 130 10 63 
56080 2007 12 11 7105 7127 7075 -52 7 -101 20 52 18 0 19 32766 20 46 16 82 15 65 
56080 2007 12 12 7126 7143 7113 -79 12 -123 27 79 42 7 12 32766 16 44 15 73 15 52 
56080 2007 12 13 7116 7141 7084 -72 57 -141 22 65 14 0 12 32766 10 57 13 109 12 49 
56080 2007 12 14 7116 7132 7085 -80 27 -144 24 71 34 0 12 32766 12 53 16 75 15 48 
56080 2007 12 15 7112 7130 7085 -77 -5 -126 25 73 48 32700 12 32766 20 50 16 85 16 26 
56080 2007 12 16 7136 7152 7116 -53 27 -89 25 62 33 32700 14 32766 14 54 16 80 16 59 
56080 2007 12 17 7161 7180 7143 -77 8 -134 17 54 16 0 9 32766 9 26 10 50 3 29 
56080 2007 12 18 7153 7166 7133 -62 15 -115 15 43 17 0 17 32766 36 102 14 147 14 33 
56080 2007 12 19 7126 7164 7092 -61 82 -153 11 37 7 0 21 32766 24 79 13 135 13 62 
56080 2007 12 20 7126 7143 7104 -49 77 -141 13 34 13 0 19 32766 12 34 16 49 16 63 
56080 2007 12 21 7131 7148 7107 -42 59 -119 16 41 15 0 15 32766 13 46 16 69 16 47 
56080 2007 12 22 7137 7152 7113 -46 77 -138 16 40 14 0 18 32766 11 28 4 65 5 67 
56080 2007 12 23 7140 7161 7108 -54 52 -115 18 46 12 0 17 32766 9 74 14 124 14 28 
56080 2007 12 24 7113 7144 7076 -67 77 -168 13 41 11 0 14 32766 10 36 10 49 10 66 
56080 2007 12 25 7103 7117 7074 -47 83 -129 20 48 15 0 17 32766 15 48 16 73 5 55 
56080 2007 12 26 7123 7139 7103 -59 36 -114 24 62 33 32700 12 32766 13 40 2 56 3 6 
56080 2007 12 27 7114 7147 7065 -64 60 -125 22 63 22 0 19 32766 15 92 16 149 15 67 
56080 2007 12 28 7149 7177 7111 -89 3 -154 18 63 24 32700 10 32766 12 43 16 67 16 74 
56080 2007 12 29 7130 7146 7093 -100 44 -173 16 61 19 0 13 32766 12 60 16 92 1 85 
56080 2007 12 30 7142 7166 7098 -114 0 -172 16 63 29 0 12 32766 12 60 16 84 15 70 
56080 2007 12 31 7165 7187 7132 -120 10 -196 13 58 19 0 12 32766 8 42 16 70 16 71 
56080 2008 1 1 7158 7180 7135 -103 17 -173 14 53 24 0 12 32766 12 30 16 41 16 74 
56080 2008 1 2 7139 7167 7094 -75 90 -139 16 49 12 0 19 32766 15 61 16 84 1 76 
56080 2008 1 3 7131 7168 7085 -53 103 -146 17 46 14 0 18 32766 13 44 16 70 16 74 
