V01000 V04001 V04002 V04003 V10004 V10201 V10202 V12001 V12052 V12053 V13004 V13003 V13007 V13201 V13241 V13242 V11002 V11042 V11212 V11041 V11043 V14032
56080 1996 1 4 7114 7138 7093 -86 28 -175 7 25 8 0 19 32766 3 37 16 32766 32766 84 
56080 1996 1 5 7116 7130 7100 -80 44 -165 11 33 12 0 22 32766 13 97 12 32766 32766 80 
56080 1996 1 6 7112 7129 7086 -76 66 -181 11 27 12 0 24 32766 15 80 12 32766 32766 88 
56080 1996 1 7 7174 7197 7111 -114 -21 -182 10 35 14 0 18 32766 10 60 16 32766 32766 75 
56080 1996 1 8 7174 7211 7137 -110 13 -183 11 44 16 0 13 32766 0 30 16 32766 32766 70 
56080 1996 1 9 7147 7162 7131 -105 40 -198 7 28 5 0 18 32766 3 50 14 32766 32766 90 
56080 1996 1 10 7104 7145 7065 -86 72 -184 8 22 10 0 18 32766 8 27 2 32766 32766 86 
56080 1996 1 11 7062 7080 7028 -76 64 -161 13 34 14 0 23 32766 8 80 16 32766 32766 84 
56080 1996 1 12 7109 7132 7066 -102 -45 -130 18 65 35 1 10 32766 10 60 16 32766 32766 43 
56080 1996 1 13 7098 7139 7060 -118 -38 -185 15 63 35 2 10 32766 5 47 16 32766 32766 67 
56080 1996 1 14 7065 7088 7040 -101 -45 -120 21 73 51 18 2 32766 0 33 16 32766 32766 23 
56080 1996 1 15 7106 7131 7081 -139 -24 -203 16 75 49 1 4 32766 10 40 1 32766 32766 55 
56080 1996 1 16 7052 7097 6999 -93 43 -174 20 64 41 0 14 32766 15 77 16 32766 32766 49 
56080 1996 1 17 7087 7107 7059 -106 -43 -125 14 49 33 0 13 32766 20 60 16 32766 32766 0 
56080 1996 1 18 7110 7120 7088 -127 -55 -188 17 73 54 9 7 32766 3 50 16 32766 32766 51 
56080 1996 1 19 7077 7123 7039 -103 34 -199 12 52 6 0 15 32766 13 70 10 32766 32766 86 
56080 1996 1 20 7056 7064 7036 -97 -9 -176 13 48 23 0 16 32766 15 47 16 32766 32766 63 
56080 1996 1 21 7074 7087 7053 -75 10 -149 20 59 31 32700 13 32766 8 37 8 32766 32766 45 
56080 1996 1 22 7116 7136 7074 -83 7 -176 17 57 18 11 21 32766 18 97 11 32766 32766 72 
56080 1996 1 23 7109 7125 7080 -107 3 -184 12 45 24 0 8 32766 10 40 5 32766 32766 47 
56080 1996 1 24 7113 7128 7104 -118 -68 -146 16 65 36 32700 4 32766 3 33 15 32766 32766 0 
56080 1996 1 25 7112 7131 7083 -114 5 -195 12 55 4 0 14 32766 15 73 16 32766 32766 70 
56080 1996 1 26 7116 7134 7099 -105 -29 -161 12 45 10 32700 16 32766 0 60 1 32766 32766 79 
56080 1996 1 27 7127 7141 7108 -128 -16 -190 10 44 19 0 10 32766 3 40 16 32766 32766 61 
56080 1996 1 28 7142 7157 7119 -98 -5 -151 10 38 13 0 17 32766 13 47 15 32766 32766 80 
56080 1996 1 29 7142 7162 7100 -75 22 -123 11 35 10 0 20 32766 13 60 16 32766 32766 77 
56080 1996 1 30 7134 7146 7105 -73 2 -107 13 38 15 0 17 32766 5 60 15 32766 32766 54 
56080 1996 1 31 7153 7170 7123 -104 7 -179 12 48 11 0 15 32766 0 60 1 32766 32766 75 
56080 1996 2 1 7155 7169 7134 -82 17 -153 13 38 26 0 16 32766 8 40 16 32766 32766 57 
56080 1996 2 2 7150 7164 7125 -81 30 -161 11 37 13 0 22 32766 8 63 16 32766 32766 85 
56080 1996 2 3 7147 7159 7131 -48 17 -100 13 33 8 0 23 32766 18 80 15 32766 32766 67 
56080 1996 2 4 7141 7154 7120 -67 62 -166 8 24 8 0 26 32766 5 50 16 32766 32766 90 
56080 1996 2 5 7127 7142 7097 -50 95 -146 7 19 3 0 27 32766 3 50 6 32766 32766 93 
56080 1996 2 6 7138 7166 7114 -81 6 -125 13 37 13 0 18 32766 10 73 1 32766 32766 42 
56080 1996 2 7 7155 7178 7124 -73 21 -152 15 48 11 32700 16 32766 15 63 1 32766 32766 83 
56080 1996 2 8 7167 7195 7147 -74 -2 -149 13 39 19 0 22 32766 15 73 1 32766 32766 83 
56080 1996 2 9 7189 7216 7147 -85 50 -188 11 36 18 0 19 32766 0 50 8 32766 32766 85 
56080 1996 2 10 7139 7161 7110 -27 110 -141 11 31 0 0 42 32766 18 110 14 32766 32766 85 
56080 1996 2 11 7099 7140 7054 -16 127 -130 12 22 7 0 34 32766 10 63 1 32766 32766 77 
56080 1996 2 12 7100 7118 7079 4 121 -98 11 23 5 0 50 32766 25 93 15 32766 32766 94 
56080 1996 2 13 7089 7113 7053 -30 119 -138 6 17 2 0 43 32766 10 73 9 32766 32766 94 
56080 1996 2 14 7087 7112 7061 -14 113 -103 9 17 7 0 37 32766 8 67 12 32766 32766 96 
56080 1996 2 15 7081 7102 7048 -33 70 -107 16 31 7 0 25 32766 10 67 15 32766 32766 76 
56080 1996 2 16 7063 7100 7038 -63 20 -100 18 50 34 0 20 32766 25 90 16 32766 32766 34 
56080 1996 2 17 7128 7143 7100 -74 36 -157 15 50 14 0 20 32766 15 57 1 32766 32766 68 
56080 1996 2 18 7143 7158 7104 -73 40 -125 19 57 8 0 21 32766 20 93 15 32766 32766 74 
56080 1996 2 19 7166 7177 7150 -103 -40 -135 16 60 38 32700 13 32766 20 53 16 32766 32766 51 
56080 1996 2 20 7170 7194 7141 -137 -80 -161 15 72 53 4 5 32766 15 43 6 32766 32766 0 
56080 1996 2 21 7136 7169 7101 -124 -36 -169 16 66 41 8 8 32766 8 40 16 32766 32766 69 
56080 1996 2 22 7123 7135 7102 -95 9 -184 12 49 3 7 21 32766 10 67 11 32766 32766 92 
56080 1996 2 23 7116 7138 7074 -92 19 -166 14 52 7 0 21 32766 8 63 1 32766 32766 58 
56080 1996 2 24 7101 7119 7067 -65 43 -153 16 50 9 0 26 32766 15 70 13 32766 32766 90 
56080 1996 2 25 7108 7133 7087 -93 -40 -130 19 61 28 3 13 32766 18 83 15 32766 32766 23 
56080 1996 2 26 7133 7148 7108 -72 47 -145 20 58 25 0 19 32766 10 60 1 32766 32766 86 
56080 1996 2 27 7098 7131 7063 -38 92 -124 23 54 17 0 29 32766 3 100 15 32766 32766 90 
56080 1996 2 28 7119 7145 7087 -35 8 -60 29 62 38 15 20 32766 15 60 16 32766 32766 41 
56080 1996 2 29 7167 7186 7145 -59 19 -119 20 55 25 0 21 32766 13 70 1 32766 32766 91 
56080 1996 3 1 7167 7198 7144 -42 85 -140 16 46 8 0 36 32766 10 103 16 32766 32766 90 
56080 1996 3 2 7143 7153 7129 -27 90 -106 13 31 8 0 43 32766 13 107 15 32766 32766 96 
56080 1996 3 3 7147 7176 7108 -10 151 -135 9 23 0 0 47 32766 15 70 11 32766 32766 98 
56080 1996 3 4 7141 7159 7116 7 143 -101 18 38 9 0 50 32766 15 60 1 32766 32766 103 
56080 1996 3 5 7135 7156 7105 24 163 -75 19 31 9 0 51 32766 5 47 14 32766 32766 100 
56080 1996 3 6 7107 7125 7086 23 152 -101 13 22 9 0 50 32766 5 67 15 32766 32766 91 
56080 1996 3 7 7118 7141 7077 -20 89 -92 22 44 9 0 32 32766 20 90 16 32766 32766 51 
56080 1996 3 8 7150 7157 7126 -64 1 -95 15 39 28 32700 35 32766 33 70 16 32766 32766 51 
56080 1996 3 9 7138 7164 7106 -84 15 -135 18 57 38 14 20 32766 23 47 15 32766 32766 79 
56080 1996 3 10 7124 7146 7084 -59 74 -140 19 56 12 0 24 32766 13 57 1 32766 32766 97 
56080 1996 3 11 7121 7154 7091 -52 -9 -72 25 60 32 1 15 32766 0 73 16 32766 32766 27 
56080 1996 3 12 7108 7154 7070 -44 84 -152 13 44 4 0 29 32766 18 70 16 32766 32766 81 
56080 1996 3 13 7090 7119 7068 -34 27 -56 22 49 17 3 24 32766 15 80 6 32766 32766 13 
56080 1996 3 14 7089 7132 7042 -39 53 -111 25 60 33 6 25 32766 18 83 9 32766 32766 75 
56080 1996 3 15 7015 7044 6982 34 170 -79 23 34 9 0 56 32766 13 100 11 32766 32766 53 
56080 1996 3 16 7034 7072 6994 -1 122 -52 29 50 17 0 40 32766 30 97 16 32766 32766 36 
56080 1996 3 17 7096 7110 7071 -40 28 -83 32 72 49 10 12 32766 23 50 9 32766 32766 29 
56080 1996 3 18 7086 7117 7043 3 146 -65 34 55 26 0 35 32766 10 90 16 32766 32766 62 
56080 1996 3 19 7058 7081 7014 9 94 -48 38 59 32 17 29 32766 8 60 16 32766 32766 57 
56080 1996 3 20 7046 7083 7014 31 120 -30 44 62 34 0 34 32766 20 83 16 32766 32766 48 
56080 1996 3 21 7098 7120 7052 24 116 -38 45 65 27 0 32 32766 13 90 16 32766 32766 35 
56080 1996 3 22 7087 7101 7059 -14 76 -40 43 78 33 0 23 32766 28 117 16 32766 32766 48 
56080 1996 3 23 7136 7164 7101 -54 -3 -82 33 81 70 40 9 32766 38 70 16 32766 32766 0 
56080 1996 3 24 7137 7169 7098 -73 34 -181 24 67 35 6 25 32766 8 37 16 32766 32766 99 
56080 1996 3 25 7117 7130 7086 -8 107 -86 28 56 5 2 42 32766 15 80 15 32766 32766 102 
56080 1996 3 26 7128 7148 7110 -30 32 -46 36 74 35 16 12 32766 25 53 16 32766 32766 0 
56080 1996 3 27 7148 7162 7133 -14 58 -60 32 62 23 1 33 32766 8 73 15 32766 32766 81 
56080 1996 3 28 7112 7152 7071 5 109 -82 24 47 10 0 52 32766 20 87 10 32766 32766 116 
56080 1996 3 29 7079 7092 7046 26 136 -59 29 47 6 0 52 32766 15 67 4 32766 32766 109 
56080 1996 3 30 7070 7095 7038 -15 59 -40 38 70 41 32700 19 32766 23 83 16 32766 32766 7 
56080 1996 3 31 7108 7123 7088 -59 -36 -74 28 71 63 3 9 32766 33 67 16 32766 32766 0 
56080 1996 4 1 7128 7139 7107 -60 -3 -96 28 72 51 2 15 32766 18 43 16 32766 32766 0 
56080 1996 4 2 7114 7138 7085 -34 41 -79 29 63 36 32700 24 32766 23 63 6 32766 32766 51 
56080 1996 4 3 7114 7132 7088 -18 68 -72 28 58 21 2 32 32766 23 87 6 32766 32766 75 
56080 1996 4 4 7101 7117 7072 21 99 -35 40 58 27 32700 43 32766 13 80 5 32766 32766 71 
56080 1996 4 5 7090 7106 7067 -2 129 -49 42 73 12 3 48 32766 25 80 16 32766 32766 64 
56080 1996 4 6 7128 7144 7098 -13 79 -49 41 75 37 3 12 32766 13 70 5 32766 32766 29 
56080 1996 4 7 7142 7166 7132 -11 39 -43 44 78 54 1 13 32766 25 70 16 32766 32766 18 
56080 1996 4 8 7132 7148 7117 -15 13 -30 41 74 67 1 13 32766 25 60 16 32766 32766 0 
56080 1996 4 9 7132 7151 7119 -15 31 -39 41 75 53 27 11 32766 20 50 9 32766 32766 31 
56080 1996 4 10 7114 7142 7078 2 87 -38 48 78 34 2 18 32766 18 67 16 32766 32766 46 
56080 1996 4 11 7104 7125 7053 21 104 -15 55 79 42 19 19 32766 20 63 16 32766 32766 51 
56080 1996 4 12 7131 7141 7104 27 97 -27 57 77 38 42 37 32766 18 50 16 32766 32766 51 
56080 1996 4 13 7164 7185 7133 22 70 0 50 71 45 0 41 32766 28 100 16 32766 32766 66 
56080 1996 4 14 7159 7198 7128 4 69 -41 43 70 41 32700 21 32766 3 70 1 32766 32766 29 
56080 1996 4 15 7161 7177 7135 58 137 -34 28 37 14 32700 67 32766 20 83 14 32766 32766 88 
56080 1996 4 16 7116 7152 7086 94 175 6 36 33 13 0 98 32766 35 120 14 32766 32766 66 
56080 1996 4 17 7122 7141 7092 84 191 -11 51 54 19 0 74 32766 10 80 6 32766 32766 103 
56080 1996 4 18 7146 7162 7109 65 180 -6 57 63 27 0 68 32766 15 80 16 32766 32766 110 
56080 1996 4 19 7177 7200 7146 43 146 4 56 70 33 32700 60 32766 28 83 16 32766 32766 91 
56080 1996 4 20 7177 7204 7161 0 35 -26 52 86 64 35 4 32766 35 60 15 32766 32766 0 
56080 1996 4 21 7203 7224 7177 13 102 -60 38 59 24 1 47 32766 13 73 16 32766 32766 115 
56080 1996 4 22 7155 7190 7109 68 189 -40 41 52 8 0 68 32766 15 60 3 32766 32766 118 
56080 1996 4 23 7148 7170 7119 55 133 -13 47 55 25 32700 46 32766 20 67 16 32766 32766 39 
56080 1996 4 24 7172 7186 7150 52 117 -10 54 63 39 0 49 32766 10 83 16 32766 32766 89 
56080 1996 4 25 7142 7172 7100 61 166 -23 50 58 21 32700 56 32766 13 70 9 32766 32766 79 
56080 1996 4 26 7131 7143 7112 42 93 8 57 72 46 134 44 32766 28 80 16 32766 32766 38 
56080 1996 4 27 7127 7138 7109 52 127 2 60 70 24 28 49 32766 13 120 16 32766 32766 74 
56080 1996 4 28 7141 7158 7122 61 151 -15 50 58 26 0 54 32766 10 57 3 32766 32766 122 
56080 1996 4 29 7142 7150 7120 56 124 2 62 69 36 32700 40 32766 20 77 16 32766 32766 79 
56080 1996 4 30 7146 7154 7112 64 186 4 65 71 14 2 52 32766 23 100 16 32766 32766 90 
56080 1996 5 1 7148 7174 7118 52 82 23 69 79 64 11 21 32766 18 53 9 32766 32766 2 
56080 1996 5 2 7124 7140 7103 91 167 43 82 72 40 17 48 32766 8 47 1 32766 32766 60 
56080 1996 5 3 7152 7160 7120 113 185 65 75 60 25 32700 69 32766 20 67 1 32766 32766 81 
56080 1996 5 4 7141 7182 7094 125 191 66 74 53 32 0 77 32766 35 60 6 32766 32766 93 
56080 1996 5 5 7133 7143 7101 61 156 26 77 81 40 67 11 32766 18 90 11 32766 32766 0 
56080 1996 5 6 7164 7171 7142 28 87 7 63 84 60 15 14 32766 5 70 16 32766 32766 16 
56080 1996 5 7 7176 7194 7154 49 99 11 61 72 51 9 40 32766 10 60 16 32766 32766 58 
56080 1996 5 8 7161 7192 7124 56 124 12 54 61 38 32700 62 32766 20 90 6 32766 32766 64 
56080 1996 5 9 7126 7149 7106 67 146 13 60 65 20 10 46 32766 10 77 2 32766 32766 63 
56080 1996 5 10 7168 7180 7118 2 73 -24 49 80 58 77 24 32766 20 73 2 32766 32766 10 
56080 1996 5 11 7181 7201 7149 58 141 -3 59 65 35 0 57 32766 13 67 10 32766 32766 103 
56080 1996 5 12 7144 7169 7123 53 139 16 66 76 41 51 33 32766 23 90 2 32766 32766 52 
56080 1996 5 13 7142 7146 7127 25 59 1 63 86 63 37 18 32766 25 70 4 32766 32766 3 
56080 1996 5 14 7144 7157 7129 53 102 12 69 80 55 33 29 32766 20 67 16 32766 32766 20 
56080 1996 5 15 7170 7182 7150 46 91 1 66 79 57 35 36 32766 20 70 16 32766 32766 65 
56080 1996 5 16 7180 7192 7159 76 161 11 66 68 32 0 60 32766 23 60 5 32766 32766 85 
56080 1996 5 17 7181 7189 7167 71 115 38 61 62 22 32700 44 32766 20 60 16 32766 32766 18 
56080 1996 5 18 7186 7190 7174 57 109 9 64 71 42 32700 33 32766 20 50 2 32766 32766 44 
56080 1996 5 19 7195 7205 7175 68 146 10 61 67 26 32700 60 32766 18 80 4 32766 32766 84 
56080 1996 5 20 7184 7205 7153 85 175 -3 58 59 27 0 60 32766 8 57 6 32766 32766 93 
56080 1996 5 21 7156 7169 7134 88 149 44 82 73 30 20 30 32766 10 63 12 32766 32766 30 
56080 1996 5 22 7159 7175 7139 118 200 33 63 56 12 0 86 32766 25 67 16 32766 32766 113 
56080 1996 5 23 7166 7169 7150 92 164 17 63 57 13 0 54 32766 20 60 15 32766 32766 67 
56080 1996 5 24 7175 7185 7159 97 178 18 69 61 27 32700 69 32766 25 77 16 32766 32766 100 
56080 1996 5 25 7190 7216 7175 108 186 32 73 61 28 1 71 32766 18 103 11 32766 32766 87 
56080 1996 5 26 7189 7195 7169 100 176 26 66 57 29 0 63 32766 20 80 6 32766 32766 65 
56080 1996 5 27 7182 7196 7151 104 187 12 50 47 18 0 82 32766 18 60 3 32766 32766 123 
56080 1996 5 28 7153 7175 7117 111 197 11 47 44 10 0 92 32766 15 63 8 32766 32766 116 
56080 1996 5 29 7110 7132 7083 118 203 29 75 57 21 0 82 32766 18 77 6 32766 32766 82 
56080 1996 5 30 7118 7135 7087 121 206 57 93 69 38 129 61 32766 25 87 5 32766 32766 66 
56080 1996 5 31 7179 7191 7135 84 116 76 92 83 70 119 21 32766 15 53 16 32766 32766 0 
56080 1996 6 1 7166 7189 7135 98 157 55 86 72 52 6 33 23 10 47 8 32766 32766 26 
56080 1996 6 2 7151 7160 7134 88 124 71 90 80 58 13 21 2 13 50 6 32766 32766 0 
56080 1996 6 3 7137 7157 7109 84 101 71 93 85 77 109 12 7 20 73 16 32766 32766 0 
56080 1996 6 4 7154 7168 7130 106 182 59 88 72 38 32700 61 25 10 80 5 32766 32766 83 
56080 1996 6 5 7138 7155 7102 67 122 33 87 88 63 144 9 14 35 107 16 32766 32766 0 
56080 1996 6 6 7185 7201 7155 55 107 9 63 72 43 12 33 13 15 70 16 32766 32766 15 
56080 1996 6 7 7195 7208 7172 61 105 10 63 69 47 46 35 32 3 47 3 32766 32766 52 
56080 1996 6 8 7196 7208 7180 91 161 22 64 58 30 32700 62 26 18 97 14 32766 32766 96 
56080 1996 6 9 7213 7223 7192 96 168 27 73 65 31 3 53 27 5 90 10 32766 32766 79 
56080 1996 6 10 7230 7237 7213 70 145 17 73 74 36 0 48 58 20 80 16 32766 32766 89 
56080 1996 6 11 7222 7240 7191 92 158 9 64 60 31 0 54 30 20 77 5 32766 32766 102 
56080 1996 6 12 7193 7220 7161 105 199 7 66 60 19 1 71 40 10 103 16 32766 32766 100 
56080 1996 6 13 7172 7201 7140 131 216 28 83 61 31 19 77 37 10 113 16 32766 32766 116 
56080 1996 6 14 7136 7160 7103 142 239 39 84 57 22 32700 78 38 23 77 15 32766 32766 84 
56080 1996 6 15 7126 7139 7102 123 200 84 99 70 43 4 72 43 20 103 16 32766 32766 67 
56080 1996 6 16 7145 7154 7119 140 193 98 111 71 48 56 63 33 18 50 1 32766 32766 66 
56080 1996 6 17 7147 7172 7110 137 229 87 115 75 41 0 63 36 13 63 16 32766 32766 78 
56080 1996 6 18 7127 7138 7113 132 185 102 128 85 61 99 54 34 20 70 16 32766 32766 70 
56080 1996 6 19 7164 7179 7138 84 116 69 79 73 54 32700 29 42 20 50 16 32766 32766 0 
56080 1996 6 20 7176 7190 7152 100 182 4 63 58 19 32700 78 33 18 40 15 32766 32766 126 
56080 1996 6 21 7141 7174 7100 116 226 2 77 59 33 0 84 43 15 50 16 32766 32766 130 
56080 1996 6 22 7145 7166 7113 89 183 44 99 86 46 150 11 20 13 70 16 32766 32766 0 
56080 1996 6 23 7166 7179 7154 79 119 40 81 77 59 32 27 14 10 43 8 32766 32766 16 
56080 1996 6 24 7157 7173 7139 110 166 43 87 68 46 61 72 31 5 70 10 32766 32766 113 
56080 1996 6 25 7146 7160 7126 100 176 50 96 79 45 45 49 24 20 87 16 32766 32766 82 
56080 1996 6 26 7163 7179 7133 129 199 64 100 70 37 3 67 32 13 107 10 32766 32766 100 
56080 1996 6 27 7163 7173 7150 95 166 45 97 82 53 18 18 14 18 50 16 32766 32766 20 
56080 1996 6 28 7174 7182 7155 107 171 52 88 71 35 74 69 36 30 110 16 32766 32766 115 
56080 1996 6 29 7168 7187 7143 102 174 34 87 74 42 0 55 38 13 70 10 32766 32766 81 
56080 1996 6 30 7134 7162 7102 115 204 39 100 75 39 93 51 28 5 60 8 32766 32766 96 
56080 1996 7 1 7124 7135 7105 138 209 80 117 76 48 32700 58 26 13 63 3 32766 32766 58 
56080 1996 7 2 7147 7170 7116 113 164 85 118 88 64 55 20 27 25 73 16 32766 32766 0 
56080 1996 7 3 7186 7194 7170 125 185 80 102 73 43 32700 53 26 10 53 9 32766 32766 64 
56080 1996 7 4 7179 7189 7156 143 216 87 109 70 33 32700 62 30 5 57 5 32766 32766 78 
56080 1996 7 5 7165 7186 7137 147 229 64 109 68 32 32700 83 44 8 57 6 32766 32766 127 
56080 1996 7 6 7132 7149 7109 140 207 94 128 81 56 837 32766 32766 10 110 13 32766 32766 28 
56080 1996 7 7 7167 7184 7131 122 156 102 113 80 64 25 63 49 48 70 16 32766 32766 73 
56080 1996 7 8 7199 7208 7184 136 187 103 115 76 56 32700 52 30 20 53 16 32766 32766 42 
56080 1996 7 9 7199 7216 7174 139 195 87 108 70 40 48 75 38 15 70 16 32766 32766 116 
56080 1996 7 10 7186 7215 7152 105 176 51 90 73 42 65 68 55 23 100 3 32766 32766 91 
56080 1996 7 11 7160 7183 7133 103 174 25 79 68 33 32700 56 42 18 60 11 32766 32766 94 
56080 1996 7 12 7147 7160 7126 127 204 36 83 62 30 32700 71 42 10 70 4 32766 32766 127 
56080 1996 7 13 7137 7152 7114 129 216 43 94 68 31 0 60 36 10 47 10 32766 32766 80 
56080 1996 7 14 7137 7150 7116 139 229 47 100 68 33 32700 73 40 13 57 3 32766 32766 105 
56080 1996 7 15 7140 7153 7126 116 184 84 109 80 59 69 44 34 15 80 14 32766 32766 52 
56080 1996 7 16 7152 7165 7128 139 205 66 102 68 39 0 71 38 5 53 16 32766 32766 124 
56080 1996 7 17 7150 7156 7127 131 231 47 98 69 34 0 69 47 3 70 6 32766 32766 95 
56080 1996 7 18 7161 7173 7143 144 217 61 112 71 41 32700 58 35 13 90 5 32766 32766 72 
56080 1996 7 19 7159 7168 7143 133 205 57 106 73 39 32700 64 40 10 80 4 32766 32766 96 
56080 1996 7 20 7160 7165 7150 128 203 66 109 75 40 18 56 34 20 80 4 32766 32766 89 
56080 1996 7 21 7168 7182 7150 134 221 43 103 71 37 0 70 36 15 43 5 32766 32766 116 
56080 1996 7 22 7150 7166 7125 146 237 70 118 74 36 1 73 39 15 57 6 32766 32766 107 
56080 1996 7 23 7143 7159 7127 160 229 86 124 71 44 32700 72 38 23 60 5 32766 32766 106 
56080 1996 7 24 7147 7153 7130 147 196 135 133 80 56 0 39 37 18 50 4 32766 32766 14 
56080 1996 7 25 7149 7157 7128 139 184 117 144 91 71 242 46 28 15 50 16 32766 32766 0 
56080 1996 7 26 7132 7151 7118 154 203 126 148 86 60 226 48 17 18 47 16 32766 32766 9 
56080 1996 7 27 7135 7154 7123 144 167 124 144 88 77 73 15 18 18 67 16 32766 32766 0 
56080 1996 7 28 7165 7172 7154 140 199 100 123 78 50 15 51 24 18 47 6 32766 32766 56 
56080 1996 7 29 7179 7190 7162 123 157 103 119 83 61 73 14 11 8 47 8 32766 32766 12 
56080 1996 7 30 7172 7186 7150 123 203 60 108 78 41 0 47 27 5 60 6 32766 32766 62 
56080 1996 7 31 7169 7177 7156 140 173 110 128 81 52 32700 41 27 15 70 15 32766 32766 22 
56080 1996 8 1 7193 7205 7178 145 205 90 109 70 31 0 60 35 5 43 16 32766 32766 102 
56080 1996 8 2 7187 7204 7163 133 224 37 85 62 25 0 74 44 13 57 6 32766 32766 112 
56080 1996 8 3 7176 7189 7152 135 221 39 94 65 33 0 74 40 5 57 2 32766 32766 124 
56080 1996 8 4 7170 7180 7152 143 238 38 85 59 23 0 83 53 10 53 1 32766 32766 129 
56080 1996 8 5 7170 7182 7148 143 249 34 93 62 28 0 79 48 5 43 6 32766 32766 131 
56080 1996 8 6 7161 7180 7134 153 241 59 111 67 25 0 81 50 13 47 8 32766 32766 120 
56080 1996 8 7 7151 7163 7126 159 246 76 119 69 33 0 74 46 13 67 5 32766 32766 93 
56080 1996 8 8 7156 7166 7140 157 237 88 128 74 41 32700 64 43 15 80 5 32766 32766 86 
56080 1996 8 9 7162 7186 7144 134 177 93 126 83 66 41 48 58 28 100 15 32766 32766 18 
56080 1996 8 10 7197 7209 7187 124 179 85 100 72 38 52 49 17 20 53 16 32766 32766 75 
56080 1996 8 11 7220 7234 7201 118 206 33 91 69 33 1 70 48 5 57 15 32766 32766 123 
56080 1996 8 12 7215 7230 7179 111 216 32 92 74 29 73 76 54 15 70 16 32766 32766 94 
56080 1996 8 13 7194 7212 7165 112 205 42 90 73 30 0 58 40 10 50 10 32766 32766 77 
56080 1996 8 14 7169 7185 7144 126 211 41 88 65 31 11 69 41 8 40 12 32766 32766 123 
56080 1996 8 15 7161 7171 7143 133 243 38 103 71 32 6 58 41 8 90 13 32766 32766 99 
56080 1996 8 16 7166 7180 7143 142 260 39 97 66 18 0 77 39 10 50 5 32766 32766 112 
56080 1996 8 17 7167 7177 7153 151 256 49 98 64 20 0 87 51 15 70 5 32766 32766 123 
56080 1996 8 18 7172 7183 7147 162 245 97 118 68 28 0 83 49 13 60 4 32766 32766 88 
56080 1996 8 19 7169 7182 7145 161 221 123 135 74 54 3 52 35 18 43 7 32766 32766 46 
56080 1996 8 20 7154 7164 7135 169 268 120 142 76 35 0 80 40 18 60 16 32766 32766 110 
56080 1996 8 21 7173 7181 7148 168 215 134 146 77 58 0 48 40 18 70 5 32766 32766 22 
56080 1996 8 22 7180 7194 7152 161 245 124 136 76 41 0 60 42 8 60 16 32766 32766 61 
56080 1996 8 23 7162 7184 7127 159 264 112 134 77 37 67 92 59 23 80 16 32766 32766 90 
56080 1996 8 24 7158 7177 7142 144 205 117 137 84 59 144 55 41 18 73 16 32766 32766 23 
56080 1996 8 25 7178 7186 7158 111 139 100 118 90 79 164 35 53 23 60 16 32766 32766 0 
56080 1996 8 26 7202 7205 7188 106 144 74 103 81 66 29 26 10 18 53 16 32766 32766 8 
56080 1996 8 27 7204 7213 7182 129 196 75 103 72 45 0 49 22 15 47 4 32766 32766 78 
56080 1996 8 28 7205 7225 7190 104 161 60 96 77 44 60 33 33 10 73 16 32766 32766 64 
56080 1996 8 29 7198 7212 7174 89 163 23 85 77 48 50 41 30 10 80 14 32766 32766 76 
56080 1996 8 30 7179 7205 7145 100 201 7 85 73 33 0 51 30 8 37 6 32766 32766 93 
56080 1996 8 31 7178 7189 7151 118 214 28 92 70 33 0 65 39 10 60 5 32766 32766 113 
56080 1996 9 1 7205 7218 7183 68 142 29 80 82 63 6 16 39 33 63 16 32766 32766 0 
56080 1996 9 2 7218 7231 7201 34 95 3 69 88 62 169 15 6 5 37 16 32766 32766 31 
56080 1996 9 3 7192 7212 7156 78 179 -3 83 79 37 0 39 17 10 50 1 32766 32766 94 
56080 1996 9 4 7171 7178 7160 89 142 84 98 86 64 8 14 13 20 60 16 32766 32766 0 
56080 1996 9 5 7195 7208 7177 97 175 46 87 74 37 56 48 21 13 57 16 32766 32766 101 
56080 1996 9 6 7183 7207 7151 94 165 46 89 76 44 94 54 29 13 40 5 32766 32766 87 
56080 1996 9 7 7177 7191 7159 108 176 76 101 80 47 3 38 23 5 70 5 32766 32766 38 
56080 1996 9 8 7200 7216 7173 100 167 52 91 75 44 126 59 39 10 77 16 32766 32766 73 
56080 1996 9 9 7198 7215 7183 114 167 76 98 74 49 32700 38 25 5 40 6 32766 32766 54 
56080 1996 9 10 7186 7206 7173 98 137 75 94 79 50 3 24 22 8 50 16 32766 32766 22 
56080 1996 9 11 7194 7204 7178 90 177 28 76 72 38 0 38 22 10 67 16 32766 32766 80 
56080 1996 9 12 7216 7228 7200 93 194 12 70 67 13 0 62 41 13 57 16 32766 32766 109 
56080 1996 9 13 7195 7218 7165 95 214 9 67 64 19 0 58 24 5 40 16 32766 32766 111 
56080 1996 9 14 7170 7183 7150 95 202 15 69 65 14 0 49 33 5 100 11 32766 32766 99 
56080 1996 9 15 7177 7195 7153 115 191 41 85 65 21 32700 54 27 5 57 16 32766 32766 84 
56080 1996 9 16 7162 7183 7144 73 134 54 92 90 55 59 12 18 38 130 16 32766 32766 0 
56080 1996 9 17 7167 7183 7139 71 161 12 65 69 23 0 37 23 15 27 2 32766 32766 74 
56080 1996 9 18 7182 7198 7155 77 134 17 70 69 40 12 42 29 10 50 9 32766 32766 94 
56080 1996 9 19 7187 7202 7172 84 149 47 77 72 40 32700 41 28 15 47 10 32766 32766 67 
56080 1996 9 20 7188 7204 7160 81 180 4 70 69 26 0 42 26 10 60 4 32766 32766 87 
56080 1996 9 21 7203 7216 7178 100 163 28 79 69 28 32700 43 23 8 83 13 32766 32766 83 
56080 1996 9 22 7220 7237 7196 83 186 9 69 69 30 3 44 26 3 87 4 32766 32766 97 
56080 1996 9 23 7208 7221 7183 87 206 -8 60 62 20 32700 49 30 3 60 2 32766 32766 95 
56080 1996 9 24 7214 7231 7196 95 203 -3 65 62 16 32700 63 40 10 70 4 32766 32766 102 
56080 1996 9 25 7208 7221 7181 84 136 55 81 75 47 11 19 17 10 70 9 32766 32766 0 
56080 1996 9 26 7183 7211 7156 66 156 -9 68 73 34 32700 40 24 10 50 3 32766 32766 84 
56080 1996 9 27 7194 7206 7172 81 167 9 71 69 29 32700 36 20 10 73 15 32766 32766 47 
56080 1996 9 28 7194 7212 7169 68 139 8 78 80 49 1 21 16 3 47 16 32766 32766 11 
56080 1996 9 29 7198 7212 7180 90 145 56 81 72 41 7 33 13 18 47 6 32766 32766 70 
56080 1996 9 30 7199 7212 7180 70 116 24 80 81 53 2 17 18 8 50 9 32766 32766 0 
56080 1996 10 1 7212 7231 7189 73 181 4 51 60 5 0 50 32766 13 40 14 32766 32766 82 
56080 1996 10 2 7187 7222 7149 71 195 -28 50 58 18 0 46 32766 10 73 16 32766 32766 107 
56080 1996 10 3 7173 7195 7135 79 207 -25 58 61 19 0 55 32766 5 57 7 32766 32766 104 
56080 1996 10 4 7161 7170 7142 36 135 -3 69 87 41 22 13 32766 13 63 16 32766 32766 5 
56080 1996 10 5 7178 7195 7157 -1 29 -23 51 84 67 36 9 32766 13 40 16 32766 32766 0 
56080 1996 10 6 7177 7192 7155 1 33 -26 49 80 55 81 12 32766 13 43 2 32766 32766 3 
56080 1996 10 7 7193 7206 7178 11 78 -38 50 77 48 0 19 32766 5 30 11 32766 32766 64 
56080 1996 10 8 7199 7210 7184 29 90 -28 53 74 46 0 17 32766 13 40 11 32766 32766 39 
56080 1996 10 9 7192 7204 7166 34 112 -8 64 83 50 38 20 32766 3 30 3 32766 32766 44 
56080 1996 10 10 7194 7201 7164 37 91 13 63 81 48 26 13 32766 10 50 16 32766 32766 26 
56080 1996 10 11 7200 7217 7165 51 118 2 64 75 41 10 30 32766 10 47 7 32766 32766 58 
56080 1996 10 12 7213 7229 7184 43 125 -7 55 70 24 37 40 32766 3 60 11 32766 32766 98 
56080 1996 10 13 7227 7242 7204 45 144 -5 54 69 21 0 37 32766 10 43 5 32766 32766 100 
56080 1996 10 14 7206 7231 7175 44 151 -28 50 65 18 0 35 32766 8 50 4 32766 32766 98 
56080 1996 10 15 7168 7202 7124 18 79 -3 59 86 50 83 15 32766 8 90 16 32766 32766 29 
56080 1996 10 16 7180 7192 7156 30 86 2 54 72 28 8 34 32766 13 60 16 32766 32766 76 
56080 1996 10 17 7201 7214 7180 29 136 -50 40 60 21 0 36 32766 10 70 11 32766 32766 101 
56080 1996 10 18 7199 7216 7175 39 163 -52 36 54 12 0 40 32766 10 60 10 32766 32766 93 
56080 1996 10 19 7175 7195 7143 49 170 -49 47 61 25 32700 38 32766 5 63 16 32766 32766 86 
56080 1996 10 20 7168 7199 7129 52 186 -34 42 58 8 0 52 32766 8 77 10 32766 32766 98 
56080 1996 10 21 7131 7149 7094 61 189 -15 57 67 22 30 39 32766 8 70 15 32766 32766 80 
56080 1996 10 22 7186 7224 7149 21 49 -11 64 90 83 19 11 32766 25 60 16 32766 32766 0 
56080 1996 10 23 7219 7249 7185 -10 19 -33 46 81 69 5 8 32766 0 50 16 32766 32766 0 
56080 1996 10 24 7216 7234 7201 14 43 -8 54 81 65 0 14 32766 13 43 16 32766 32766 0 
56080 1996 10 25 7246 7261 7234 21 71 -7 42 62 19 0 26 32766 10 57 1 32766 32766 55 
56080 1996 10 26 7204 7251 7160 9 101 -31 38 62 22 0 21 32766 8 60 11 32766 32766 40 
56080 1996 10 27 7154 7169 7128 14 133 -60 30 55 12 0 38 32766 18 90 14 32766 32766 95 
56080 1996 10 28 7171 7196 7147 24 156 -69 29 47 13 0 48 32766 10 77 15 32766 32766 94 
56080 1996 10 29 7171 7190 7153 19 131 -65 35 57 22 0 19 32766 0 30 16 32766 32766 55 
56080 1996 10 30 7148 7169 7124 53 131 1 50 59 34 0 31 32766 18 63 16 32766 32766 35 
56080 1996 10 31 7178 7189 7157 -7 70 -28 46 80 44 66 15 32766 10 57 5 32766 32766 0 
56080 1996 11 1 7180 7207 7151 -27 103 -110 33 68 19 0 23 32766 3 73 10 32766 32766 76 
56080 1996 11 2 7169 7189 7152 9 121 -69 34 58 21 0 25 32766 5 60 11 32766 32766 93 
56080 1996 11 3 7159 7183 7129 15 111 -50 44 67 30 0 21 32766 5 60 15 32766 32766 67 
56080 1996 11 4 7182 7205 7150 26 156 -71 34 56 10 0 42 32766 18 100 11 32766 32766 93 
56080 1996 11 5 7179 7188 7154 -2 82 -68 39 69 34 0 16 32766 25 70 5 32766 32766 80 
56080 1996 11 6 7169 7193 7146 11 49 -16 50 76 58 32700 13 32766 10 53 16 32766 32766 0 
56080 1996 11 7 7164 7179 7133 21 89 -5 52 75 45 10 13 32766 8 70 16 32766 32766 35 
56080 1996 11 8 7178 7200 7151 30 117 -30 36 57 10 0 34 32766 15 80 14 32766 32766 76 
56080 1996 11 9 7160 7179 7114 13 116 -57 33 56 19 0 28 32766 0 90 16 32766 32766 74 
56080 1996 11 10 7146 7173 7107 3 125 -77 33 59 23 0 25 32766 3 47 16 32766 32766 86 
56080 1996 11 11 7158 7179 7131 5 97 -47 41 69 35 0 26 32766 13 60 16 32766 32766 83 
56080 1996 11 12 7160 7192 7125 -3 64 -22 42 71 46 0 19 32766 10 70 16 32766 32766 30 
56080 1996 11 13 7155 7171 7122 3 94 -48 39 64 31 0 23 32766 3 53 15 32766 32766 74 
56080 1996 11 14 7165 7177 7151 -20 27 -50 40 77 52 32700 11 32766 10 53 16 32766 32766 0 
56080 1996 11 15 7178 7193 7150 -17 22 -34 43 80 63 2 14 32766 10 80 16 32766 32766 0 
56080 1996 11 16 7205 7215 7177 -59 1 -84 29 75 50 7 10 32766 13 50 16 32766 32766 63 
56080 1996 11 17 7221 7245 7194 -59 24 -111 22 59 21 0 15 32766 3 47 1 32766 32766 84 
56080 1996 11 18 7195 7220 7155 -55 61 -131 20 57 16 0 18 32766 8 50 9 32766 32766 78 
56080 1996 11 19 7204 7224 7178 -37 30 -104 20 50 16 0 24 32766 15 67 16 32766 32766 71 
56080 1996 11 20 7211 7229 7187 -61 -3 -109 22 59 16 3 11 32766 0 80 10 32766 32766 0 
56080 1996 11 21 7196 7206 7178 -56 -26 -85 32 78 68 4 7 32766 0 27 10 32766 32766 0 
56080 1996 11 22 7186 7205 7165 -45 25 -87 26 61 23 0 11 32766 3 43 12 32766 32766 72 
56080 1996 11 23 7162 7191 7126 -69 49 -147 15 51 12 0 17 32766 0 63 2 32766 32766 80 
56080 1996 11 24 7144 7171 7105 -58 59 -150 17 49 14 0 19 32766 0 60 14 32766 32766 79 
56080 1996 11 25 7129 7144 7112 -32 45 -76 19 43 16 0 18 32766 5 50 14 32766 32766 74 
56080 1996 11 26 7171 7190 7139 -58 25 -106 11 33 8 0 29 32766 23 100 14 32766 32766 81 
56080 1996 11 27 7131 7163 7091 -63 59 -161 13 38 13 0 23 32766 5 63 13 32766 32766 75 
56080 1996 11 28 7130 7158 7108 -65 4 -137 15 46 14 0 19 32766 18 70 16 32766 32766 14 
56080 1996 11 29 7170 7181 7147 -86 24 -172 7 32 2 0 23 32766 18 77 14 32766 32766 70 
56080 1996 11 30 7182 7198 7159 -94 27 -182 9 36 10 0 13 32766 5 40 1 32766 32766 79 
56080 1996 12 1 7143 7185 7097 -73 66 -175 13 40 12 0 16 32766 0 40 16 32766 32766 88 
56080 1996 12 2 7113 7137 7081 -31 98 -131 16 36 3 0 22 32766 3 57 13 32766 32766 72 
56080 1996 12 3 7106 7134 7070 -62 29 -127 20 52 17 0 17 32766 0 50 16 32766 32766 45 
56080 1996 12 4 7148 7171 7120 -85 -49 -108 22 67 51 1 9 32766 10 60 16 32766 32766 0 
56080 1996 12 5 7177 7190 7155 -98 -29 -149 15 54 23 0 10 32766 5 70 2 32766 32766 36 
56080 1996 12 6 7186 7203 7167 -111 -1 -185 10 47 8 0 10 32766 5 20 2 32766 32766 75 
56080 1996 12 7 7145 7182 7106 -96 23 -174 12 44 18 0 14 32766 0 63 16 32766 32766 78 
56080 1996 12 8 7165 7182 7142 -100 -11 -163 13 49 24 0 12 32766 8 50 1 32766 32766 75 
56080 1996 12 9 7189 7206 7167 -100 -15 -170 9 36 14 0 14 32766 3 53 16 32766 32766 70 
56080 1996 12 10 7186 7202 7156 -128 -13 -204 6 29 5 0 12 32766 5 33 2 32766 32766 82 
56080 1996 12 11 7165 7182 7142 -112 2 -201 7 27 11 0 18 32766 0 63 15 32766 32766 72 
56080 1996 12 12 7184 7201 7161 -120 20 -208 4 18 4 0 17 32766 3 37 15 32766 32766 84 
56080 1996 12 13 7159 7186 7128 -112 53 -214 6 21 6 0 15 32766 0 30 3 32766 32766 81 
56080 1996 12 14 7138 7151 7119 -91 36 -148 8 26 14 0 11 32766 0 13 16 32766 32766 26 
56080 1996 12 15 7143 7154 7120 -82 21 -180 11 35 14 0 17 32766 0 57 16 32766 32766 59 
56080 1996 12 16 7166 7180 7148 -85 31 -175 8 30 7 0 21 32766 15 90 14 32766 32766 83 
56080 1996 12 17 7163 7180 7131 -113 32 -200 7 26 9 0 13 32766 0 40 1 32766 32766 83 
56080 1996 12 18 7178 7193 7153 -110 -13 -170 9 33 15 0 9 32766 0 13 14 32766 32766 20 
56080 1996 12 19 7188 7207 7154 -104 44 -199 11 40 19 0 13 32766 0 40 16 32766 32766 85 
56080 1996 12 20 7208 7229 7176 -97 33 -187 10 35 13 0 17 32766 0 60 16 32766 32766 81 
56080 1996 12 21 7191 7213 7168 -93 47 -195 8 25 12 0 14 32766 5 33 15 32766 32766 85 
56080 1996 12 22 7193 7206 7171 -101 43 -194 9 31 15 0 14 32766 0 40 1 32766 32766 83 
56080 1996 12 23 7177 7204 7139 -96 49 -194 8 27 12 0 14 32766 0 30 1 32766 32766 79 
56080 1996 12 24 7167 7177 7156 -81 56 -160 8 25 10 0 19 32766 0 60 1 32766 32766 75 
56080 1996 12 25 7177 7197 7156 -88 64 -186 8 24 8 0 14 32766 3 23 1 32766 32766 81 
56080 1996 12 26 7156 7171 7126 -72 79 -185 9 24 7 0 16 32766 0 57 16 32766 32766 63 
56080 1996 12 27 7165 7179 7148 -50 55 -109 11 28 10 0 15 32766 0 17 2 32766 32766 76 
56080 1996 12 28 7174 7194 7151 -62 63 -141 13 32 21 0 16 32766 3 17 2 32766 32766 80 
56080 1996 12 29 7170 7184 7151 -76 70 -172 13 35 13 0 21 32766 0 60 12 32766 32766 86 
56080 1996 12 30 7160 7174 7136 -58 49 -160 8 23 9 0 27 32766 18 107 14 32766 32766 67 
56080 1996 12 31 7149 7174 7125 -31 81 -146 13 24 15 0 38 32766 30 113 14 32766 32766 48 
56080 1997 1 1 7171 7192 7153 -29 85 -126 15 31 19 0 21 32766 3 50 16 32766 32766 79 
56080 1997 1 2 7138 7157 7113 -49 71 -142 15 35 20 0 14 32766 5 50 16 32766 32766 66 
56080 1997 1 3 7145 7156 7130 -41 25 -92 19 44 23 0 22 32766 13 100 12 32766 32766 56 
