V01000 V04001 V04002 V04003 V10004 V10201 V10202 V12001 V12052 V12053 V13004 V13003 V13007 V13201 V13241 V13242 V11002 V11042 V11212 V11041 V11043 V14032
56080 1969 1 4 7081 32766 32766 -92 21 -177 16 57 334 0 32766 32766 10 32766 32766 32766 32766 79 
56080 1969 1 5 7102 32766 32766 -124 -41 -200 16 68 345 0 32766 32766 18 32766 32766 32766 32766 65 
56080 1969 1 6 7130 32766 32766 -112 28 -211 11 54 313 0 32766 32766 5 32766 32766 32766 32766 86 
56080 1969 1 7 7111 32766 32766 -70 77 -185 9 33 309 0 32766 32766 3 32766 32766 32766 32766 88 
56080 1969 1 8 7065 32766 32766 -74 67 -177 10 32 316 0 32766 32766 3 32766 32766 32766 32766 81 
56080 1969 1 9 7088 32766 32766 -68 34 -140 16 46 328 0 32766 32766 18 32766 32766 32766 32766 68 
56080 1969 1 10 7065 32766 32766 -125 -27 -165 13 60 339 0 32766 32766 25 32766 32766 32766 32766 79 
56080 1969 1 11 7138 32766 32766 -163 -80 -232 13 74 364 31003 32766 32766 5 32766 32766 32766 32766 82 
56080 1969 1 12 7104 32766 32766 -143 7 -234 13 67 343 0 32766 32766 0 32766 32766 32766 32766 83 
56080 1969 1 13 7083 32766 32766 -121 -3 -180 14 59 341 0 32766 32766 13 32766 32766 32766 32766 53 
56080 1969 1 14 7107 32766 32766 -125 -62 -172 13 61 335 32700 32766 32766 0 32766 32766 32766 32766 51 
56080 1969 1 15 7091 32766 32766 -121 -19 -189 12 56 319 32700 32766 32766 10 32766 32766 32766 32766 68 
56080 1969 1 16 7094 32766 32766 -119 17 -222 10 54 314 0 32766 32766 20 32766 32766 32766 32766 86 
56080 1969 1 17 7081 32766 32766 -97 24 -195 11 40 328 0 32766 32766 0 32766 32766 32766 32766 65 
56080 1969 1 18 7057 32766 32766 -95 54 -194 11 44 319 0 32766 32766 5 32766 32766 32766 32766 77 
56080 1969 1 19 7052 32766 32766 -68 38 -179 15 42 326 0 32766 32766 0 32766 32766 32766 32766 45 
56080 1969 1 20 7097 32766 32766 -81 -30 -106 15 46 339 0 32766 32766 5 32766 32766 32766 32766 0 
56080 1969 1 21 7096 32766 32766 -64 45 -176 12 46 311 0 32766 32766 18 32766 32766 32766 32766 87 
56080 1969 1 22 7058 32766 32766 -9 125 -155 8 20 304 0 32766 32766 60 32766 32766 32766 32766 79 
56080 1969 1 23 7066 32766 32766 -46 73 -150 16 40 325 0 32766 32766 10 32766 32766 32766 32766 61 
56080 1969 1 24 7060 32766 32766 -45 74 -109 17 44 314 0 32766 32766 18 32766 32766 32766 32766 89 
56080 1969 1 25 7016 32766 32766 -28 102 -127 10 22 309 0 32766 32766 13 32766 32766 32766 32766 56 
56080 1969 1 26 7007 32766 32766 -1 127 -107 13 28 303 0 32766 32766 23 32766 32766 32766 32766 78 
56080 1969 1 27 6993 32766 32766 -77 33 -124 17 51 337 0 32766 32766 20 32766 32766 32766 32766 49 
56080 1969 1 28 7035 32766 32766 -131 -99 -153 18 79 370 31005 32766 32766 15 32766 32766 32766 32766 0 
56080 1969 1 29 7065 32766 32766 -130 -96 -161 20 86 382 31042 32766 32766 5 32766 32766 32766 32766 0 
56080 1969 1 30 7064 32766 32766 -170 -28 -264 12 77 346 0 32766 32766 3 32766 32766 32766 32766 67 
56080 1969 1 31 7067 32766 32766 -154 -35 -250 15 77 364 0 32766 32766 0 32766 32766 32766 32766 47 
56080 1969 2 1 7092 32766 32766 -135 13 -224 16 71 351 0 32766 32766 0 32766 32766 32766 32766 87 
56080 1969 2 2 7044 32766 32766 -120 -9 -188 18 68 363 32700 32766 32766 20 32766 32766 32766 32766 38 
56080 1969 2 3 7128 32766 32766 -125 -49 -172 15 63 352 32700 32766 32766 0 32766 32766 32766 32766 71 
56080 1969 2 4 7132 32766 32766 -137 -44 -209 14 68 347 32700 32766 32766 5 32766 32766 32766 32766 86 
56080 1969 2 5 7117 32766 32766 -138 -29 -211 14 67 346 0 32766 32766 13 32766 32766 32766 32766 74 
56080 1969 2 6 7122 32766 32766 -140 -85 -155 17 81 379 31005 32766 32766 18 32766 32766 32766 32766 4 
56080 1969 2 7 7168 32766 32766 -166 -61 -257 12 71 356 32700 32766 32766 0 32766 32766 32766 32766 80 
56080 1969 2 8 7113 32766 32766 -107 -14 -182 12 53 316 0 32766 32766 13 32766 32766 32766 32766 92 
56080 1969 2 9 7111 32766 32766 -114 11 -228 8 39 312 0 32766 32766 5 32766 32766 32766 32766 91 
56080 1969 2 10 7072 32766 32766 -72 75 -208 7 31 301 0 32766 32766 20 32766 32766 32766 32766 95 
56080 1969 2 11 7034 32766 32766 -20 110 -100 17 36 315 0 32766 32766 15 32766 32766 32766 32766 58 
56080 1969 2 12 7056 32766 32766 -53 34 -111 22 54 337 0 32766 32766 3 32766 32766 32766 32766 57 
56080 1969 2 13 7075 32766 32766 -30 116 -147 17 44 309 0 32766 32766 13 32766 32766 32766 32766 74 
56080 1969 2 14 7032 32766 32766 18 155 -110 12 28 302 0 32766 32766 38 32766 32766 32766 32766 74 
56080 1969 2 15 7052 32766 32766 -19 90 -117 17 41 304 0 32766 32766 13 32766 32766 32766 32766 66 
56080 1969 2 16 7066 32766 32766 -27 90 -121 19 45 322 0 32766 32766 13 32766 32766 32766 32766 63 
56080 1969 2 17 7043 32766 32766 -12 90 -110 19 41 315 0 32766 32766 10 32766 32766 32766 32766 52 
56080 1969 2 18 7021 32766 32766 -41 50 -118 24 54 336 0 32766 32766 10 32766 32766 32766 32766 49 
56080 1969 2 19 7015 32766 32766 -70 -9 -112 24 66 344 32700 32766 32766 20 32766 32766 32766 32766 18 
56080 1969 2 20 7056 32766 32766 -83 -9 -134 17 55 331 0 32766 32766 0 32766 32766 32766 32766 0 
56080 1969 2 21 7063 32766 32766 -75 25 -138 15 50 311 0 32766 32766 20 32766 32766 32766 32766 22 
56080 1969 2 22 7027 32766 32766 -30 72 -125 12 33 308 0 32766 32766 40 32766 32766 32766 32766 32 
56080 1969 2 23 7062 32766 32766 -60 71 -169 15 50 307 0 32766 32766 8 32766 32766 32766 32766 46 
56080 1969 2 24 7042 32766 32766 -28 107 -110 14 35 307 0 32766 32766 25 32766 32766 32766 32766 65 
56080 1969 2 25 7061 32766 32766 -66 26 -127 28 75 362 31005 32766 32766 23 32766 32766 32766 32766 28 
56080 1969 2 26 7124 32766 32766 -79 -1 -123 24 74 347 32700 32766 32766 18 32766 32766 32766 32766 43 
56080 1969 2 27 7116 32766 32766 -62 79 -172 16 52 318 0 32766 32766 3 32766 32766 32766 32766 75 
56080 1969 2 28 7070 32766 32766 -73 2 -113 17 50 335 0 32766 32766 28 32766 32766 32766 32766 20 
56080 1969 3 1 7095 32766 32766 -47 57 -148 11 37 304 0 32766 32766 10 32766 32766 32766 32766 63 
56080 1969 3 2 7080 32766 32766 8 110 -115 8 17 301 0 32766 32766 23 32766 32766 32766 32766 63 
56080 1969 3 3 7097 32766 32766 -22 89 -85 15 32 310 0 32766 32766 15 32766 32766 32766 32766 33 
56080 1969 3 4 7117 32766 32766 -49 50 -108 25 62 346 32700 32766 32766 13 32766 32766 32766 32766 47 
56080 1969 3 5 7114 32766 32766 -31 105 -138 17 49 301 0 32766 32766 30 32766 32766 32766 32766 59 
56080 1969 3 6 7104 32766 32766 -25 100 -132 20 50 309 0 32766 32766 23 32766 32766 32766 32766 81 
56080 1969 3 7 7103 32766 32766 -29 68 -84 28 57 344 32700 32766 32766 3 32766 32766 32766 32766 41 
56080 1969 3 8 7128 32766 32766 -45 45 -128 24 60 333 0 32766 32766 10 32766 32766 32766 32766 31 
56080 1969 3 9 7110 32766 32766 -33 112 -145 18 51 309 0 32766 32766 20 32766 32766 32766 32766 66 
56080 1969 3 10 7109 32766 32766 -15 41 -50 17 33 312 0 32766 32766 28 32766 32766 32766 32766 30 
56080 1969 3 11 7131 32766 32766 -35 78 -151 11 32 302 0 32766 32766 28 32766 32766 32766 32766 92 
56080 1969 3 12 7134 32766 32766 -52 57 -134 25 62 334 32700 32766 32766 0 32766 32766 32766 32766 35 
56080 1969 3 13 7119 32766 32766 -5 109 -128 25 53 319 32700 32766 32766 23 32766 32766 32766 32766 92 
56080 1969 3 14 7096 32766 32766 -11 124 -87 26 55 312 0 32766 32766 15 32766 32766 32766 32766 39 
56080 1969 3 15 7156 32766 32766 -19 75 -67 24 54 310 0 32766 32766 25 32766 32766 32766 32766 94 
56080 1969 3 16 7143 32766 32766 -24 117 -138 17 46 308 0 32766 32766 13 32766 32766 32766 32766 107 
56080 1969 3 17 7084 32766 32766 20 166 -70 20 40 302 0 32766 32766 33 32766 32766 32766 32766 70 
56080 1969 3 18 7078 32766 32766 17 172 -85 26 52 308 0 32766 32766 10 32766 32766 32766 32766 72 
56080 1969 3 19 7076 32766 32766 40 173 -50 28 42 313 0 32766 32766 8 32766 32766 32766 32766 87 
56080 1969 3 20 7121 32766 32766 -4 73 -24 37 63 349 32700 32766 32766 23 32766 32766 32766 32766 0 
56080 1969 3 21 7106 32766 32766 -7 22 -26 43 74 368 32700 32766 32766 13 32766 32766 32766 32766 0 
56080 1969 3 22 7118 32766 32766 -9 54 -56 41 73 359 31021 32766 32766 13 32766 32766 32766 32766 56 
56080 1969 3 23 7115 32766 32766 11 114 -73 36 61 330 0 32766 32766 8 32766 32766 32766 32766 112 
56080 1969 3 24 7123 32766 32766 24 129 -68 32 52 319 0 32766 32766 3 32766 32766 32766 32766 97 
56080 1969 3 25 7118 32766 32766 42 162 -64 27 45 311 0 32766 32766 25 32766 32766 32766 32766 109 
56080 1969 3 26 7067 32766 32766 55 199 -60 34 48 311 0 32766 32766 8 32766 32766 32766 32766 114 
56080 1969 3 27 7080 32766 32766 22 144 -44 46 66 339 32700 32766 32766 25 32766 32766 32766 32766 81 
56080 1969 3 28 7143 32766 32766 13 82 -26 41 65 339 31021 32766 32766 15 32766 32766 32766 32766 72 
56080 1969 3 29 7127 32766 32766 16 87 -27 38 56 348 0 32766 32766 8 32766 32766 32766 32766 35 
56080 1969 3 30 7133 32766 32766 29 131 -56 35 55 315 0 32766 32766 10 32766 32766 32766 32766 84 
56080 1969 3 31 7126 32766 32766 49 160 -50 28 43 309 0 32766 32766 10 32766 32766 32766 32766 98 
56080 1969 4 1 7104 32766 32766 38 126 -38 37 50 321 32700 32766 32766 10 32766 32766 32766 32766 77 
56080 1969 4 2 7114 32766 32766 44 141 -31 41 54 321 32700 32766 32766 25 32766 32766 32766 32766 52 
56080 1969 4 3 7171 32766 32766 -102 54 -149 24 81 370 106 32766 32766 38 32766 32766 32766 32766 0 
56080 1969 4 4 7265 32766 32766 -144 -72 -202 12 62 346 32700 32766 32766 10 32766 32766 32766 32766 30 
56080 1969 4 5 7220 32766 32766 -76 20 -158 18 58 323 0 32766 32766 8 32766 32766 32766 32766 92 
56080 1969 4 6 7181 32766 32766 -1 104 -95 21 39 316 0 32766 32766 10 32766 32766 32766 32766 112 
56080 1969 4 7 7156 32766 32766 44 136 -50 28 43 309 0 32766 32766 30 32766 32766 32766 32766 117 
56080 1969 4 8 7177 32766 32766 64 185 -39 43 53 318 0 32766 32766 8 32766 32766 32766 32766 119 
56080 1969 4 9 7167 32766 32766 78 203 -64 44 49 317 0 32766 32766 23 32766 32766 32766 32766 99 
56080 1969 4 10 7140 32766 32766 84 201 -25 46 50 316 32700 32766 32766 3 32766 32766 32766 32766 90 
56080 1969 4 11 7117 32766 32766 81 205 -26 48 52 316 32700 32766 32766 10 32766 32766 32766 32766 78 
56080 1969 4 12 7123 32766 32766 82 210 -21 50 55 320 32700 32766 32766 8 32766 32766 32766 32766 87 
56080 1969 4 13 7118 32766 32766 74 205 -21 51 57 319 32700 32766 32766 18 32766 32766 32766 32766 90 
56080 1969 4 14 7153 32766 32766 31 74 -2 63 83 360 30122 32766 32766 10 32766 32766 32766 32766 0 
56080 1969 4 15 7134 32766 32766 64 187 -19 56 63 331 0 32766 32766 8 32766 32766 32766 32766 113 
56080 1969 4 16 7099 32766 32766 94 255 -4 66 63 329 0 32766 32766 3 32766 32766 32766 32766 70 
56080 1969 4 17 7091 32766 32766 104 225 48 78 66 334 0 32766 32766 10 32766 32766 32766 32766 86 
56080 1969 4 18 7046 32766 32766 130 254 67 84 62 323 0 32766 32766 20 32766 32766 32766 32766 103 
56080 1969 4 19 7050 32766 32766 63 135 43 81 85 380 36 32766 32766 35 32766 32766 32766 32766 13 
56080 1969 4 20 7095 32766 32766 70 169 -13 40 51 303 0 32766 32766 28 32766 32766 32766 32766 117 
56080 1969 4 21 7065 32766 32766 92 223 -24 54 54 317 32700 32766 32766 38 32766 32766 32766 32766 90 
56080 1969 4 22 7064 32766 32766 52 160 -2 67 76 356 30059 32766 32766 23 32766 32766 32766 32766 53 
56080 1969 4 23 7121 32766 32766 -3 32 -25 51 86 374 30050 32766 32766 10 32766 32766 32766 32766 0 
56080 1969 4 24 7132 32766 32766 19 78 -15 54 78 360 31003 32766 32766 15 32766 32766 32766 32766 27 
56080 1969 4 25 7155 32766 32766 7 48 -14 57 88 383 31065 32766 32766 8 32766 32766 32766 32766 0 
56080 1969 4 26 7158 32766 32766 10 67 -39 52 80 367 31011 32766 32766 3 32766 32766 32766 32766 54 
56080 1969 4 27 7128 32766 32766 29 81 -1 60 80 368 30010 32766 32766 20 32766 32766 32766 32766 37 
56080 1969 4 28 7123 32766 32766 31 84 -4 58 78 351 29 32766 32766 18 32766 32766 32766 32766 69 
56080 1969 4 29 7157 32766 32766 18 51 -19 50 73 343 31009 32766 32766 13 32766 32766 32766 32766 19 
56080 1969 4 30 7148 32766 32766 56 156 -38 54 61 336 0 32766 32766 15 32766 32766 32766 32766 115 
56080 1969 5 1 7079 32766 32766 95 202 13 72 65 329 6 32766 32766 10 32766 32766 32766 32766 88 
56080 1969 5 2 7098 32766 32766 51 99 -1 75 85 372 30191 32766 32766 25 32766 32766 32766 32766 66 
56080 1969 5 3 7145 32766 32766 31 55 -2 65 86 379 30020 32766 32766 5 32766 32766 32766 32766 3 
56080 1969 5 4 7159 32766 32766 66 134 11 58 66 337 21 32766 32766 20 32766 32766 32766 32766 92 
56080 1969 5 5 7177 32766 32766 67 144 -7 60 64 334 32700 32766 32766 10 32766 32766 32766 32766 86 
56080 1969 5 6 7178 32766 32766 73 167 -7 59 63 330 32700 32766 32766 3 32766 32766 32766 32766 69 
56080 1969 5 7 7155 32766 32766 74 158 -4 67 68 341 32700 32766 32766 0 32766 32766 32766 32766 77 
56080 1969 5 8 7102 32766 32766 91 174 -7 61 58 329 0 32766 32766 0 32766 32766 32766 32766 70 
56080 1969 5 9 7129 32766 32766 113 212 8 63 55 323 32700 32766 32766 13 32766 32766 32766 32766 100 
56080 1969 5 10 7139 32766 32766 123 224 15 64 52 323 0 32766 32766 18 32766 32766 32766 32766 126 
56080 1969 5 11 7119 32766 32766 123 224 21 66 52 315 3 32766 32766 10 32766 32766 32766 32766 83 
56080 1969 5 12 7124 32766 32766 105 187 51 80 64 347 20 32766 32766 13 32766 32766 32766 32766 49 
56080 1969 5 13 7128 32766 32766 50 132 3 74 84 369 30180 32766 32766 38 32766 32766 32766 32766 25 
56080 1969 5 14 7143 32766 32766 60 154 3 69 77 342 7 32766 32766 15 32766 32766 32766 32766 76 
56080 1969 5 15 7139 32766 32766 88 155 41 82 74 354 19 32766 32766 3 32766 32766 32766 32766 63 
56080 1969 5 16 7166 32766 32766 94 146 28 81 71 347 50 32766 32766 23 32766 32766 32766 32766 81 
56080 1969 5 17 7143 32766 32766 102 202 7 60 57 321 0 32766 32766 13 32766 32766 32766 32766 125 
56080 1969 5 18 7113 32766 32766 65 151 34 76 79 362 124 32766 32766 8 32766 32766 32766 32766 2 
56080 1969 5 19 7116 32766 32766 92 183 36 86 75 360 3 32766 32766 10 32766 32766 32766 32766 101 
56080 1969 5 20 7128 32766 32766 118 186 89 105 78 353 79 32766 32766 0 32766 32766 32766 32766 31 
56080 1969 5 21 7148 32766 32766 81 104 54 88 82 369 171 32766 32766 8 32766 32766 32766 32766 8 
56080 1969 5 22 7123 32766 32766 87 138 54 88 79 367 32700 32766 32766 15 32766 32766 32766 32766 35 
56080 1969 5 23 7114 32766 32766 88 169 6 70 68 337 0 32766 32766 18 32766 32766 32766 32766 124 
56080 1969 5 24 7146 32766 32766 93 146 43 75 66 349 32700 32766 32766 18 32766 32766 32766 32766 41 
56080 1969 5 25 7156 32766 32766 75 137 35 73 72 351 37 32766 32766 23 32766 32766 32766 32766 69 
56080 1969 5 26 7192 32766 32766 65 157 -19 48 59 321 0 32766 32766 13 32766 32766 32766 32766 123 
56080 1969 5 27 7165 32766 32766 89 180 -13 51 51 319 0 32766 32766 10 32766 32766 32766 32766 104 
56080 1969 5 28 7156 32766 32766 91 190 -6 57 47 328 32700 32766 32766 15 32766 32766 32766 32766 65 
56080 1969 5 29 7182 32766 32766 113 194 9 60 50 324 0 32766 32766 20 32766 32766 32766 32766 121 
56080 1969 5 30 7150 32766 32766 116 198 17 65 52 324 32700 32766 32766 13 32766 32766 32766 32766 133 
56080 1969 5 31 7129 32766 32766 122 224 11 62 52 323 0 32766 32766 20 32766 32766 32766 32766 109 
56080 1969 6 1 7169 32766 32766 98 186 49 85 71 351 87 32766 32766 25 32766 32766 32766 32766 75 
56080 1969 6 2 7168 32766 32766 122 209 22 82 63 337 0 32766 32766 20 32766 32766 32766 32766 120 
56080 1969 6 3 7134 32766 32766 140 234 48 92 62 334 24 32766 32766 23 32766 32766 32766 32766 112 
56080 1969 6 4 7164 32766 32766 82 174 45 71 65 341 40 32766 32766 25 32766 32766 32766 32766 48 
56080 1969 6 5 7149 32766 32766 81 192 -20 61 60 331 0 32766 32766 18 32766 32766 32766 32766 119 
56080 1969 6 6 7121 32766 32766 67 144 41 77 79 361 20 32766 32766 23 32766 32766 32766 32766 0 
56080 1969 6 7 7126 32766 32766 92 160 36 76 69 347 32700 32766 32766 18 32766 32766 32766 32766 66 
56080 1969 6 8 7099 32766 32766 115 153 81 99 73 360 32700 32766 32766 8 32766 32766 32766 32766 18 
56080 1969 6 9 7120 32766 32766 51 114 21 79 87 379 82 32766 32766 38 32766 32766 32766 32766 0 
56080 1969 6 10 7161 32766 32766 67 144 -4 60 65 341 32700 32766 32766 15 32766 32766 32766 32766 116 
56080 1969 6 11 7140 32766 32766 88 183 -18 55 54 321 0 32766 32766 18 32766 32766 32766 32766 120 
56080 1969 6 12 7117 32766 32766 102 181 42 80 67 341 3 32766 32766 0 32766 32766 32766 32766 46 
56080 1969 6 13 7109 32766 32766 101 155 41 95 78 358 2 32766 32766 8 32766 32766 32766 32766 26 
56080 1969 6 14 7135 32766 32766 80 103 58 90 84 375 49 32766 32766 28 32766 32766 32766 32766 0 
56080 1969 6 15 7156 32766 32766 97 147 57 76 67 340 9 32766 32766 8 32766 32766 32766 32766 104 
56080 1969 6 16 7158 32766 32766 75 160 19 61 63 327 0 32766 32766 58 32766 32766 32766 32766 106 
56080 1969 6 17 7167 32766 32766 74 161 -5 66 68 344 0 32766 32766 5 32766 32766 32766 32766 118 
56080 1969 6 18 7162 32766 32766 80 168 2 57 59 328 32700 32766 32766 18 32766 32766 32766 32766 117 
56080 1969 6 19 7161 32766 32766 77 168 -16 56 59 323 32700 32766 32766 10 32766 32766 32766 32766 117 
56080 1969 6 20 7149 32766 32766 95 183 -14 65 61 330 0 32766 32766 0 32766 32766 32766 32766 111 
56080 1969 6 21 7135 32766 32766 107 199 9 77 64 332 0 32766 32766 3 32766 32766 32766 32766 114 
56080 1969 6 22 7113 32766 32766 102 152 31 95 76 361 1 32766 32766 5 32766 32766 32766 32766 22 
56080 1969 6 23 7121 32766 32766 127 181 64 100 71 351 1 32766 32766 23 32766 32766 32766 32766 79 
56080 1969 6 24 7131 32766 32766 116 205 23 89 70 339 32700 32766 32766 0 32766 32766 32766 32766 68 
56080 1969 6 25 7149 32766 32766 117 193 36 94 71 349 0 32766 32766 18 32766 32766 32766 32766 61 
56080 1969 6 26 7150 32766 32766 123 167 82 102 73 357 32700 32766 32766 8 32766 32766 32766 32766 6 
56080 1969 6 27 7136 32766 32766 105 146 66 104 83 374 1 32766 32766 20 32766 32766 32766 32766 0 
56080 1969 6 28 7163 32766 32766 105 140 71 98 78 364 5 32766 32766 8 32766 32766 32766 32766 0 
56080 1969 6 29 7148 32766 32766 117 191 63 106 79 361 12 32766 32766 18 32766 32766 32766 32766 41 
56080 1969 6 30 7159 32766 32766 97 142 58 89 76 356 32700 32766 32766 18 32766 32766 32766 32766 9 
56080 1969 7 1 7152 32766 32766 102 194 -6 83 68 343 0 32766 32766 15 32766 32766 32766 32766 113 
56080 1969 7 2 7125 32766 32766 115 162 90 109 81 370 82 32766 32766 18 32766 32766 32766 32766 8 
56080 1969 7 3 7150 32766 32766 134 191 95 113 76 354 2 32766 32766 13 32766 32766 32766 32766 28 
56080 1969 7 4 7148 32766 32766 108 182 51 99 78 356 1 32766 32766 0 32766 32766 32766 32766 28 
56080 1969 7 5 7129 32766 32766 109 177 48 108 84 358 66 32766 32766 0 32766 32766 32766 32766 22 
56080 1969 7 6 7156 32766 32766 105 149 70 101 81 365 21 32766 32766 23 32766 32766 32766 32766 33 
56080 1969 7 7 7148 32766 32766 110 202 11 98 76 353 0 32766 32766 0 32766 32766 32766 32766 115 
56080 1969 7 8 7141 32766 32766 112 172 69 105 79 365 78 32766 32766 18 32766 32766 32766 32766 74 
56080 1969 7 9 7135 32766 32766 122 211 26 105 75 347 32700 32766 32766 13 32766 32766 32766 32766 88 
56080 1969 7 10 7132 32766 32766 126 204 67 112 78 359 0 32766 32766 8 32766 32766 32766 32766 79 
56080 1969 7 11 7146 32766 32766 132 202 64 114 77 355 132 32766 32766 13 32766 32766 32766 32766 128 
56080 1969 7 12 7147 32766 32766 129 186 81 113 77 358 5 32766 32766 0 32766 32766 32766 32766 67 
56080 1969 7 13 7142 32766 32766 126 203 70 122 85 362 185 32766 32766 10 32766 32766 32766 32766 58 
56080 1969 7 14 7141 32766 32766 113 176 80 110 83 373 39 32766 32766 8 32766 32766 32766 32766 81 
56080 1969 7 15 7130 32766 32766 108 192 47 100 79 356 2 32766 32766 20 32766 32766 32766 32766 106 
56080 1969 7 16 7145 32766 32766 104 194 18 100 79 363 22 32766 32766 5 32766 32766 32766 32766 109 
56080 1969 7 17 7135 32766 32766 121 205 32 105 75 357 0 32766 32766 25 32766 32766 32766 32766 100 
56080 1969 7 18 7124 32766 32766 113 167 78 107 81 367 60 32766 32766 30 32766 32766 32766 32766 8 
56080 1969 7 19 7150 32766 32766 121 214 31 114 81 370 32700 32766 32766 15 32766 32766 32766 32766 103 
56080 1969 7 20 7147 32766 32766 138 237 31 116 74 352 32700 32766 32766 8 32766 32766 32766 32766 132 
56080 1969 7 21 7140 32766 32766 145 232 69 111 70 350 44 32766 32766 10 32766 32766 32766 32766 110 
56080 1969 7 22 7155 32766 32766 128 181 71 114 78 366 6 32766 32766 18 32766 32766 32766 32766 61 
56080 1969 7 23 7143 32766 32766 109 168 74 113 88 381 21 32766 32766 23 32766 32766 32766 32766 77 
56080 1969 7 24 7149 32766 32766 112 188 87 117 88 381 54 32766 32766 5 32766 32766 32766 32766 39 
56080 1969 7 25 7145 32766 32766 127 184 93 112 79 355 140 32766 32766 23 32766 32766 32766 32766 56 
56080 1969 7 26 7134 32766 32766 125 159 90 122 84 377 9 32766 32766 8 32766 32766 32766 32766 0 
56080 1969 7 27 7136 32766 32766 117 147 90 122 89 378 11 32766 32766 33 32766 32766 32766 32766 4 
56080 1969 7 28 7129 32766 32766 135 220 79 127 83 363 111 32766 32766 23 32766 32766 32766 32766 66 
56080 1969 7 29 7116 32766 32766 162 232 124 146 82 352 42 32766 32766 0 32766 32766 32766 32766 72 
56080 1969 7 30 7103 32766 32766 179 248 125 165 83 359 0 32766 32766 8 32766 32766 32766 32766 98 
56080 1969 7 31 7125 32766 32766 181 251 115 150 74 354 0 32766 32766 13 32766 32766 32766 32766 108 
56080 1969 8 1 7142 32766 32766 159 220 144 157 87 381 32700 32766 32766 18 32766 32766 32766 32766 31 
56080 1969 8 2 7142 32766 32766 149 181 123 144 85 377 46 32766 32766 18 32766 32766 32766 32766 12 
56080 1969 8 3 7156 32766 32766 148 210 97 122 76 346 32700 32766 32766 5 32766 32766 32766 32766 63 
56080 1969 8 4 7157 32766 32766 139 220 46 96 64 337 0 32766 32766 5 32766 32766 32766 32766 109 
56080 1969 8 5 7142 32766 32766 138 228 51 98 66 334 0 32766 32766 23 32766 32766 32766 32766 103 
56080 1969 8 6 7148 32766 32766 92 170 66 103 88 383 97 32766 32766 35 32766 32766 32766 32766 0 
56080 1969 8 7 7152 32766 32766 108 173 67 100 79 358 3 32766 32766 20 32766 32766 32766 32766 79 
56080 1969 8 8 7141 32766 32766 101 173 22 101 82 356 12 32766 32766 5 32766 32766 32766 32766 48 
56080 1969 8 9 7128 32766 32766 115 138 95 119 88 377 105 32766 32766 3 32766 32766 32766 32766 0 
56080 1969 8 10 7153 32766 32766 103 153 75 93 75 355 16 32766 32766 18 32766 32766 32766 32766 34 
56080 1969 8 11 7155 32766 32766 94 177 -1 77 71 337 0 32766 32766 18 32766 32766 32766 32766 111 
56080 1969 8 12 7155 32766 32766 117 217 21 77 63 326 0 32766 32766 8 32766 32766 32766 32766 126 
56080 1969 8 13 7171 32766 32766 117 227 27 96 74 336 32700 32766 32766 3 32766 32766 32766 32766 92 
56080 1969 8 14 7160 32766 32766 130 230 40 101 73 341 12 32766 32766 5 32766 32766 32766 32766 108 
56080 1969 8 15 7133 32766 32766 137 233 52 99 70 331 0 32766 32766 8 32766 32766 32766 32766 112 
56080 1969 8 16 7163 32766 32766 90 169 57 96 84 365 119 32766 32766 33 32766 32766 32766 32766 7 
56080 1969 8 17 7186 32766 32766 106 191 43 87 71 350 32700 32766 32766 5 32766 32766 32766 32766 92 
56080 1969 8 18 7165 32766 32766 119 221 22 79 65 325 0 32766 32766 8 32766 32766 32766 32766 85 
56080 1969 8 19 7137 32766 32766 125 238 21 100 72 338 0 32766 32766 18 32766 32766 32766 32766 116 
56080 1969 8 20 7126 32766 32766 115 170 67 110 81 363 11 32766 32766 45 32766 32766 32766 32766 55 
56080 1969 8 21 7158 32766 32766 103 199 31 76 68 319 32700 32766 32766 13 32766 32766 32766 32766 103 
56080 1969 8 22 7164 32766 32766 73 127 13 76 76 353 32700 32766 32766 23 32766 32766 32766 32766 0 
56080 1969 8 23 7168 32766 32766 100 193 4 80 69 340 0 32766 32766 23 32766 32766 32766 32766 118 
56080 1969 8 24 7167 32766 32766 116 184 67 88 66 346 0 32766 32766 10 32766 32766 32766 32766 35 
56080 1969 8 25 7171 32766 32766 101 157 52 78 68 336 32700 32766 32766 18 32766 32766 32766 32766 13 
56080 1969 8 26 7173 32766 32766 106 179 55 82 66 350 32700 32766 32766 10 32766 32766 32766 32766 56 
56080 1969 8 27 7157 32766 32766 109 197 15 87 70 344 1 32766 32766 10 32766 32766 32766 32766 77 
56080 1969 8 28 7160 32766 32766 106 222 10 87 72 341 20 32766 32766 8 32766 32766 32766 32766 91 
56080 1969 8 29 7155 32766 32766 121 200 56 99 73 351 28 32766 32766 25 32766 32766 32766 32766 86 
56080 1969 8 30 7168 32766 32766 90 170 18 81 73 353 19 32766 32766 10 32766 32766 32766 32766 90 
56080 1969 8 31 7150 32766 32766 109 220 8 86 70 339 0 32766 32766 10 32766 32766 32766 32766 122 
56080 1969 9 1 7128 32766 32766 117 166 77 108 79 362 52 32766 32766 13 32766 32766 32766 32766 39 
56080 1969 9 2 7163 32766 32766 80 174 6 68 68 341 0 32766 32766 20 32766 32766 32766 32766 97 
56080 1969 9 3 7163 32766 32766 104 184 51 79 68 323 32700 32766 32766 23 32766 32766 32766 32766 87 
56080 1969 9 4 7195 32766 32766 57 94 31 77 84 381 20 32766 32766 33 32766 32766 32766 32766 0 
56080 1969 9 5 7203 32766 32766 82 152 44 76 72 353 6 32766 32766 18 32766 32766 32766 32766 70 
56080 1969 9 6 7188 32766 32766 84 168 8 64 65 335 0 32766 32766 18 32766 32766 32766 32766 46 
56080 1969 9 7 7164 32766 32766 82 154 12 75 71 345 3 32766 32766 18 32766 32766 32766 32766 49 
56080 1969 9 8 7165 32766 32766 81 135 33 81 77 359 32700 32766 32766 10 32766 32766 32766 32766 17 
56080 1969 9 9 7169 32766 32766 75 99 56 90 87 383 17 32766 32766 13 32766 32766 32766 32766 0 
56080 1969 9 10 7182 32766 32766 73 101 49 83 81 367 61 32766 32766 10 32766 32766 32766 32766 0 
56080 1969 9 11 7177 32766 32766 62 72 46 85 91 382 30 32766 32766 28 32766 32766 32766 32766 0 
56080 1969 9 12 7197 32766 32766 64 144 1 70 76 347 32700 32766 32766 13 32766 32766 32766 32766 54 
56080 1969 9 13 7187 32766 32766 65 177 -18 60 69 333 0 32766 32766 8 32766 32766 32766 32766 106 
56080 1969 9 14 7164 32766 32766 79 200 -26 53 59 320 0 32766 32766 8 32766 32766 32766 32766 115 
56080 1969 9 15 7151 32766 32766 95 220 -21 60 57 326 0 32766 32766 8 32766 32766 32766 32766 114 
56080 1969 9 16 7146 32766 32766 118 249 16 81 64 329 0 32766 32766 8 32766 32766 32766 32766 104 
56080 1969 9 17 7172 32766 32766 78 137 40 81 77 362 0 32766 32766 30 32766 32766 32766 32766 0 
56080 1969 9 18 7176 32766 32766 62 104 29 77 82 365 17 32766 32766 20 32766 32766 32766 32766 0 
56080 1969 9 19 7159 32766 32766 95 190 31 83 74 344 32700 32766 32766 13 32766 32766 32766 32766 84 
56080 1969 9 20 7159 32766 32766 80 98 55 90 84 380 177 32766 32766 20 32766 32766 32766 32766 0 
56080 1969 9 21 7166 32766 32766 78 138 45 86 81 370 85 32766 32766 10 32766 32766 32766 32766 38 
56080 1969 9 22 7164 32766 32766 89 130 65 96 85 373 21 32766 32766 8 32766 32766 32766 32766 5 
56080 1969 9 23 7165 32766 32766 92 151 50 91 79 364 12 32766 32766 13 32766 32766 32766 32766 37 
56080 1969 9 24 7121 32766 32766 109 192 56 103 81 357 2 32766 32766 40 32766 32766 32766 32766 65 
56080 1969 9 25 7138 32766 32766 99 175 59 102 85 372 41 32766 32766 33 32766 32766 32766 32766 32 
56080 1969 9 26 7168 32766 32766 58 108 38 85 92 389 111 32766 32766 35 32766 32766 32766 32766 0 
56080 1969 9 27 7164 32766 32766 56 94 27 84 92 386 24 32766 32766 0 32766 32766 32766 32766 0 
56080 1969 9 28 7168 32766 32766 62 112 41 85 89 380 33 32766 32766 28 32766 32766 32766 32766 1 
56080 1969 9 29 7193 32766 32766 60 127 34 75 81 366 21 32766 32766 23 32766 32766 32766 32766 71 
56080 1969 9 30 7189 32766 32766 60 120 28 67 74 348 32700 32766 32766 10 32766 32766 32766 32766 32 
56080 1969 10 1 7179 32766 32766 62 145 15 63 70 338 0 32766 32766 8 32766 32766 32766 32766 99 
56080 1969 10 2 7163 32766 32766 53 129 5 70 80 356 16 32766 32766 10 32766 32766 32766 32766 45 
56080 1969 10 3 7176 32766 32766 73 147 35 71 72 342 3 32766 32766 8 32766 32766 32766 32766 73 
56080 1969 10 4 7163 32766 32766 80 152 38 83 79 348 25 32766 32766 8 32766 32766 32766 32766 43 
56080 1969 10 5 7160 32766 32766 88 153 48 84 77 346 8 32766 32766 40 32766 32766 32766 32766 62 
56080 1969 10 6 7193 32766 32766 66 120 31 65 68 342 8 32766 32766 8 32766 32766 32766 32766 70 
56080 1969 10 7 7199 32766 32766 43 109 6 60 74 347 32700 32766 32766 8 32766 32766 32766 32766 65 
56080 1969 10 8 7213 32766 32766 37 122 -19 50 67 334 0 32766 32766 20 32766 32766 32766 32766 77 
56080 1969 10 9 7226 32766 32766 50 124 -9 47 61 322 32700 32766 32766 18 32766 32766 32766 32766 102 
56080 1969 10 10 7199 32766 32766 44 159 -59 40 56 318 0 32766 32766 13 32766 32766 32766 32766 98 
56080 1969 10 11 7146 32766 32766 50 175 -45 43 58 321 0 32766 32766 15 32766 32766 32766 32766 74 
56080 1969 10 12 7133 32766 32766 62 171 -21 50 59 325 0 32766 32766 13 32766 32766 32766 32766 89 
56080 1969 10 13 7156 32766 32766 52 187 -37 56 69 331 32700 32766 32766 13 32766 32766 32766 32766 58 
56080 1969 10 14 7180 32766 32766 86 161 35 66 63 333 0 32766 32766 10 32766 32766 32766 32766 83 
56080 1969 10 15 7170 32766 32766 58 136 -15 69 76 355 0 32766 32766 5 32766 32766 32766 32766 29 
56080 1969 10 16 7172 32766 32766 63 144 -11 63 70 338 0 32766 32766 10 32766 32766 32766 32766 56 
56080 1969 10 17 7140 32766 32766 50 162 -19 63 76 340 40 32766 32766 8 32766 32766 32766 32766 67 
56080 1969 10 18 7130 32766 32766 31 65 6 66 86 379 30 19 32766 13 32766 32766 32766 32766 43 
56080 1969 10 19 7144 32766 32766 21 135 -42 58 84 350 12 21 32766 15 32766 32766 32766 32766 35 
56080 1969 10 20 7157 32766 32766 44 85 3 65 79 356 32700 17 32766 20 32766 32766 32766 32766 37 
56080 1969 10 21 7173 32766 32766 44 96 6 62 76 348 32700 15 32766 18 32766 32766 32766 32766 7 
56080 1969 10 22 7155 32766 32766 37 104 5 53 71 334 31 31 32766 15 32766 32766 32766 32766 71 
56080 1969 10 23 7157 32766 32766 24 137 -61 33 55 318 0 37 32766 3 32766 32766 32766 32766 99 
56080 1969 10 24 7162 32766 32766 -2 86 -55 43 73 344 0 23 32766 30 32766 32766 32766 32766 77 
56080 1969 10 25 7209 32766 32766 -7 78 -75 40 70 342 31016 26 32766 5 32766 32766 32766 32766 86 
56080 1969 10 26 7198 32766 32766 -7 101 -86 28 56 319 0 22 32766 10 32766 32766 32766 32766 96 
56080 1969 10 27 7182 32766 32766 -1 130 -90 31 58 317 0 23 32766 10 32766 32766 32766 32766 85 
56080 1969 10 28 7141 32766 32766 25 169 -79 28 49 316 0 38 32766 5 32766 32766 32766 32766 92 
56080 1969 10 29 7133 32766 32766 28 165 -73 34 55 311 0 43 32766 10 32766 32766 32766 32766 98 
56080 1969 10 30 7174 32766 32766 34 122 -15 50 68 339 0 34 32766 5 32766 32766 32766 32766 77 
56080 1969 10 31 7174 32766 32766 15 113 -52 40 64 331 0 30 32766 20 32766 32766 32766 32766 86 
56080 1969 11 1 7198 32766 32766 7 52 -22 46 73 351 31023 18 32766 13 32766 32766 32766 32766 47 
56080 1969 11 2 7165 32766 32766 2 122 -80 35 63 330 0 26 32766 0 32766 32766 32766 32766 96 
56080 1969 11 3 7167 32766 32766 -28 35 -63 36 74 352 32700 16 32766 28 32766 32766 32766 32766 40 
56080 1969 11 4 7198 32766 32766 -42 22 -70 33 76 356 31003 12 32766 33 32766 32766 32766 32766 5 
56080 1969 11 5 7201 32766 32766 -33 63 -74 31 66 345 31003 18 32766 13 32766 32766 32766 32766 73 
56080 1969 11 6 7184 32766 32766 -23 106 -115 24 56 317 0 27 32766 8 32766 32766 32766 32766 94 
56080 1969 11 7 7194 32766 32766 -8 90 -85 22 48 311 0 31 32766 18 32766 32766 32766 32766 93 
56080 1969 11 8 7159 32766 32766 -9 113 -114 20 45 310 0 32 32766 10 32766 32766 32766 32766 91 
56080 1969 11 9 7193 32766 32766 -21 79 -96 29 59 333 0 18 32766 10 32766 32766 32766 32766 89 
56080 1969 11 10 7164 32766 32766 -26 95 -104 26 58 327 0 14 32766 3 32766 32766 32766 32766 74 
56080 1969 11 11 7145 32766 32766 -18 114 -109 19 47 310 0 26 32766 13 32766 32766 32766 32766 94 
56080 1969 11 12 7090 32766 32766 -1 129 -108 25 46 322 0 30 32766 8 32766 32766 32766 32766 89 
56080 1969 11 13 7081 32766 32766 -4 125 -83 32 58 328 0 29 32766 15 32766 32766 32766 32766 67 
56080 1969 11 14 7137 32766 32766 -40 36 -69 34 74 366 31006 14 32766 23 32766 32766 32766 32766 38 
56080 1969 11 15 7146 32766 32766 -63 -22 -92 35 91 384 31037 10 32766 13 32766 32766 32766 32766 8 
56080 1969 11 16 7162 32766 32766 -76 3 -121 27 79 363 32700 9 32766 10 32766 32766 32766 32766 63 
56080 1969 11 17 7155 32766 32766 -62 9 -87 26 68 355 32700 14 32766 20 32766 32766 32766 32766 65 
56080 1969 11 18 7134 32766 32766 -57 36 -127 20 58 317 32700 23 32766 13 32766 32766 32766 32766 59 
56080 1969 11 19 7131 32766 32766 -53 53 -125 14 40 311 0 28 32766 48 32766 32766 32766 32766 93 
56080 1969 11 20 7117 32766 32766 -69 41 -148 19 58 327 0 18 32766 10 32766 32766 32766 32766 83 
56080 1969 11 21 7140 32766 32766 -68 -1 -105 20 57 331 0 21 32766 8 32766 32766 32766 32766 83 
56080 1969 11 22 7139 32766 32766 -80 -22 -125 19 59 338 0 19 32766 35 32766 32766 32766 32766 79 
56080 1969 11 23 7190 32766 32766 -91 -7 -159 16 56 332 0 19 32766 13 32766 32766 32766 32766 76 
56080 1969 11 24 7204 32766 32766 -81 -10 -126 18 57 337 0 11 32766 15 32766 32766 32766 32766 55 
56080 1969 11 25 7197 32766 32766 -76 25 -141 15 50 314 0 19 32766 8 32766 32766 32766 32766 88 
56080 1969 11 26 7152 32766 32766 -89 36 -182 12 48 309 0 17 32766 8 32766 32766 32766 32766 88 
56080 1969 11 27 7148 32766 32766 -88 15 -176 13 51 316 0 22 32766 5 32766 32766 32766 32766 61 
56080 1969 11 28 7189 32766 32766 -124 -41 -188 11 53 318 0 18 32766 28 32766 32766 32766 32766 81 
56080 1969 11 29 7168 32766 32766 -112 19 -226 10 48 316 0 15 32766 13 32766 32766 32766 32766 89 
56080 1969 11 30 7115 32766 32766 -86 39 -174 13 47 319 0 19 32766 0 32766 32766 32766 32766 77 
56080 1969 12 1 7145 32766 32766 -100 27 -185 14 56 322 0 18 32766 15 32766 32766 32766 32766 85 
56080 1969 12 2 7211 32766 32766 -115 6 -200 12 57 323 0 15 32766 0 32766 32766 32766 32766 85 
56080 1969 12 3 7174 32766 32766 -113 12 -213 10 45 324 0 12 32766 0 32766 32766 32766 32766 72 
56080 1969 12 4 7124 32766 32766 -86 47 -206 10 40 313 0 31 32766 43 32766 32766 32766 32766 87 
56080 1969 12 5 7079 32766 32766 -73 95 -187 8 30 308 0 26 32766 15 32766 32766 32766 32766 77 
56080 1969 12 6 7089 32766 32766 -51 25 -93 14 35 318 0 24 32766 18 32766 32766 32766 32766 60 
56080 1969 12 7 7138 32766 32766 -114 -37 -182 17 70 335 0 13 32766 18 32766 32766 32766 32766 61 
56080 1969 12 8 7187 32766 32766 -120 -10 -209 12 60 324 0 17 32766 8 32766 32766 32766 32766 83 
56080 1969 12 9 7167 32766 32766 -99 18 -199 11 43 317 0 17 32766 10 32766 32766 32766 32766 86 
56080 1969 12 10 7152 32766 32766 -105 39 -208 12 51 320 0 19 32766 0 32766 32766 32766 32766 87 
56080 1969 12 11 7130 32766 32766 -83 39 -172 11 38 315 0 11 32766 8 32766 32766 32766 32766 70 
56080 1969 12 12 7155 32766 32766 -103 11 -181 15 56 326 0 14 32766 18 32766 32766 32766 32766 84 
56080 1969 12 13 7138 32766 32766 -88 32 -174 14 52 322 0 20 32766 10 32766 32766 32766 32766 84 
56080 1969 12 14 7122 32766 32766 -85 23 -183 13 45 326 0 16 32766 10 32766 32766 32766 32766 87 
56080 1969 12 15 7137 32766 32766 -77 47 -166 13 44 309 0 28 32766 5 32766 32766 32766 32766 82 
56080 1969 12 16 7140 32766 32766 -72 51 -191 6 24 306 0 23 32766 18 32766 32766 32766 32766 84 
56080 1969 12 17 7146 32766 32766 -65 35 -159 13 33 323 0 13 32766 8 32766 32766 32766 32766 77 
56080 1969 12 18 7156 32766 32766 -97 33 -189 11 46 316 0 26 32766 0 32766 32766 32766 32766 61 
56080 1969 12 19 7130 32766 32766 -74 40 -180 11 36 314 0 32 32766 15 32766 32766 32766 32766 63 
56080 1969 12 20 7162 32766 32766 -91 11 -153 15 50 333 0 4 32766 10 32766 32766 32766 32766 71 
56080 1969 12 21 7160 32766 32766 -109 51 -213 9 45 312 0 13 32766 10 32766 32766 32766 32766 86 
56080 1969 12 22 7130 32766 32766 -97 5 -179 11 36 331 0 16 32766 8 32766 32766 32766 32766 52 
56080 1969 12 23 7133 32766 32766 -95 52 -195 10 41 315 0 22 32766 0 32766 32766 32766 32766 85 
56080 1969 12 24 7118 32766 32766 -97 36 -193 8 30 314 0 13 32766 3 32766 32766 32766 32766 47 
56080 1969 12 25 7127 32766 32766 -60 22 -114 11 30 320 0 19 32766 8 32766 32766 32766 32766 66 
56080 1969 12 26 7138 32766 32766 -99 -1 -176 9 35 315 0 25 32766 20 32766 32766 32766 32766 63 
56080 1969 12 27 7170 32766 32766 -87 23 -181 7 26 309 0 23 32766 20 32766 32766 32766 32766 86 
56080 1969 12 28 7118 32766 32766 -93 35 -209 7 26 310 0 17 32766 3 32766 32766 32766 32766 59 
56080 1969 12 29 7138 32766 32766 -89 39 -193 9 35 312 0 18 32766 8 32766 32766 32766 32766 87 
56080 1969 12 30 7123 32766 32766 -78 84 -204 7 26 308 0 24 32766 10 32766 32766 32766 32766 76 
56080 1969 12 31 7127 32766 32766 -75 66 -200 9 33 311 0 20 32766 13 32766 32766 32766 32766 79 
56080 1970 1 1 7129 32766 32766 -93 18 -177 12 40 325 0 13 32766 5 32766 32766 32766 32766 65 
56080 1970 1 2 7130 32766 32766 -82 43 -202 7 33 303 0 33 32766 33 32766 32766 32766 32766 61 
56080 1970 1 3 7115 32766 32766 -95 36 -195 10 35 315 0 16 32766 20 32766 32766 32766 32766 78 
