V01000 V04001 V04002 V04003 V10004 V10201 V10202 V12001 V12052 V12053 V13004 V13003 V13007 V13201 V13241 V13242 V11002 V11042 V11212 V11041 V11043 V14032
54161 1965 1 4 9944 32766 32766 -203 -149 -269 9 72 55 0 4 32766 55 154 13 32766 32766 42 
54161 1965 1 5 9844 32766 32766 -105 -50 -177 24 82 67 32700 8 32766 73 122 9 32766 32766 66 
54161 1965 1 6 9849 32766 32766 -128 -50 -179 19 82 54 32700 4 32766 13 41 14 32766 32766 52 
54161 1965 1 7 9838 32766 32766 -118 -69 -152 21 85 70 32700 4 32766 25 71 1 32766 32766 42 
54161 1965 1 8 9859 32766 32766 -171 -117 -222 13 79 53 0 6 32766 20 47 14 32766 32766 48 
54161 1965 1 9 9897 32766 32766 -163 -98 -201 13 76 59 32700 5 32766 48 133 8 32766 32766 63 
54161 1965 1 10 9997 32766 32766 -241 -173 -281 6 73 56 32700 9 32766 58 125 3 32766 32766 74 
54161 1965 1 11 10003 32766 32766 -256 -217 -302 6 74 60 32700 6 32766 43 115 15 32766 32766 34 
54161 1965 1 12 10007 32766 32766 -197 -160 -238 11 81 77 31003 2 32766 55 32766 32766 32766 32766 0 
54161 1965 1 13 10032 32766 32766 -165 -134 -201 14 84 77 32700 3 32766 23 32766 32766 32766 32766 59 
54161 1965 1 14 10021 32766 32766 -170 -120 -205 13 80 58 0 6 32766 28 74 11 32766 32766 60 
54161 1965 1 15 9980 32766 32766 -175 -132 -224 12 80 68 32700 6 32766 33 93 15 32766 32766 65 
54161 1965 1 16 10045 32766 32766 -215 -156 -262 9 79 65 0 3 32766 20 48 9 32766 32766 71 
54161 1965 1 17 10002 32766 32766 -155 -108 -210 14 73 59 32700 7 32766 25 50 10 32766 32766 52 
54161 1965 1 18 9951 32766 32766 -119 -66 -142 21 87 76 31007 4 32766 13 32766 32766 32766 32766 47 
54161 1965 1 19 9960 32766 32766 -168 -115 -204 15 89 80 0 2 32766 33 93 10 32766 32766 75 
54161 1965 1 20 9960 32766 32766 -175 -115 -226 13 78 63 0 7 32766 45 90 11 32766 32766 78 
54161 1965 1 21 9932 32766 32766 -154 -92 -195 14 75 67 0 6 32766 53 106 9 32766 32766 76 
54161 1965 1 22 9883 32766 32766 -131 -73 -167 16 73 52 0 9 32766 68 137 10 32766 32766 70 
54161 1965 1 23 9928 32766 32766 -182 -116 -238 12 78 66 0 7 32766 50 121 12 32766 32766 82 
54161 1965 1 24 9955 32766 32766 -175 -117 -238 11 66 52 0 7 32766 68 147 11 32766 32766 86 
54161 1965 1 25 9883 32766 32766 -107 -46 -164 22 76 61 0 8 32766 83 176 11 32766 32766 48 
54161 1965 1 26 9854 32766 32766 -89 -55 -132 27 86 76 32700 6 32766 43 95 12 32766 32766 20 
54161 1965 1 27 9936 32766 32766 -152 -82 -214 16 84 70 32700 8 32766 30 105 5 32766 32766 77 
54161 1965 1 28 9960 32766 32766 -114 -53 -172 16 65 38 0 13 32766 60 125 15 32766 32766 92 
54161 1965 1 29 9989 32766 32766 -130 -59 -179 16 71 47 0 8 32766 25 52 10 32766 32766 77 
54161 1965 1 30 9932 32766 32766 -96 -42 -159 23 73 52 31020 17 32766 50 107 13 32766 32766 46 
54161 1965 1 31 9912 32766 32766 -131 -31 -177 19 81 56 31011 10 32766 50 102 15 32766 32766 38 
54161 1965 2 1 9929 32766 32766 -195 -135 -252 9 62 50 0 10 32766 50 107 11 32766 32766 53 
54161 1965 2 2 9925 32766 32766 -222 -169 -242 6 58 44 0 4 32766 50 113 13 32766 32766 77 
54161 1965 2 3 9947 32766 32766 -213 -136 -285 8 65 51 0 4 32766 48 104 11 32766 32766 80 
54161 1965 2 4 9941 32766 32766 -183 -120 -218 9 62 33 0 8 32766 33 75 2 32766 32766 70 
54161 1965 2 5 9914 32766 32766 -211 -144 -263 7 63 48 0 6 32766 53 98 9 32766 32766 89 
54161 1965 2 6 9847 32766 32766 -134 -80 -212 16 72 49 32700 9 32766 50 106 11 32766 32766 81 
54161 1965 2 7 9873 32766 32766 -88 -1 -159 19 63 33 32700 12 32766 23 77 13 32766 32766 91 
54161 1965 2 8 9849 32766 32766 -47 27 -119 28 61 53 0 20 32766 65 202 9 32766 32766 83 
54161 1965 2 9 9897 32766 32766 -104 -54 -150 15 56 24 0 17 32766 28 100 1 32766 32766 90 
54161 1965 2 10 9928 32766 32766 -149 -96 -184 12 64 35 32700 11 32766 38 83 14 32766 32766 86 
54161 1965 2 11 9954 32766 32766 -174 -114 -224 10 65 34 0 11 32766 33 82 3 32766 32766 89 
54161 1965 2 12 9933 32766 32766 -174 -111 -218 9 55 40 0 11 32766 45 110 3 32766 32766 87 
54161 1965 2 13 9935 32766 32766 -169 -106 -220 9 56 33 0 12 32766 43 108 1 32766 32766 77 
54161 1965 2 14 9925 32766 32766 -143 -66 -203 10 52 33 0 12 32766 35 113 10 32766 32766 96 
54161 1965 2 15 9916 32766 32766 -117 -51 -177 13 55 25 0 11 32766 35 103 13 32766 32766 96 
54161 1965 2 16 9939 32766 32766 -122 -92 -155 18 74 56 31013 15 32766 55 149 2 32766 32766 72 
54161 1965 2 17 9969 32766 32766 -142 -93 -213 13 64 40 0 10 32766 25 67 8 32766 32766 82 
54161 1965 2 18 9916 32766 32766 -78 -28 -162 24 66 50 32700 13 32766 15 62 32766 32766 32766 48 
54161 1965 2 19 9882 32766 32766 -33 14 -90 38 77 53 31010 17 32766 48 200 11 32766 32766 0 
54161 1965 2 20 9928 32766 32766 -130 -69 -171 13 55 31 0 13 32766 40 107 12 32766 32766 92 
54161 1965 2 21 9978 32766 32766 -158 -93 -236 10 54 31 0 10 32766 33 88 13 32766 32766 96 
54161 1965 2 22 9971 32766 32766 -161 -94 -200 10 59 35 0 12 32766 38 78 13 32766 32766 94 
54161 1965 2 23 9980 32766 32766 -158 -100 -203 11 59 33 0 9 32766 18 71 1 32766 32766 90 
54161 1965 2 24 10001 32766 32766 -161 -104 -236 10 58 35 0 8 32766 18 68 1 32766 32766 88 
54161 1965 2 25 10007 32766 32766 -126 -46 -195 16 69 49 32700 11 32766 43 80 15 32766 32766 86 
54161 1965 2 26 9955 32766 32766 -112 -22 -202 16 65 26 0 19 32766 60 176 11 32766 32766 94 
54161 1965 2 27 9868 32766 32766 -83 -20 -152 19 59 27 32700 26 32766 65 169 1 32766 32766 75 
54161 1965 2 28 9973 32766 32766 -137 -71 -168 11 54 24 31001 16 32766 48 125 15 32766 32766 98 
54161 1965 3 1 9960 32766 32766 -98 -17 -159 15 53 33 0 15 32766 30 97 11 32766 32766 96 
54161 1965 3 2 9942 32766 32766 -103 -54 -154 16 58 35 0 17 32766 43 131 15 32766 32766 98 
54161 1965 3 3 9971 32766 32766 -116 -69 -166 15 59 25 32700 16 32766 28 139 14 32766 32766 80 
54161 1965 3 4 9996 32766 32766 -130 -52 -203 10 46 20 0 18 32766 40 118 13 32766 32766 100 
54161 1965 3 5 9983 32766 32766 -120 -57 -184 12 48 30 0 13 32766 33 97 11 32766 32766 101 
54161 1965 3 6 9982 32766 32766 -96 -12 -174 14 50 19 0 27 32766 48 166 11 32766 32766 106 
54161 1965 3 7 9874 32766 32766 -52 21 -138 22 52 11 0 41 32766 80 199 11 32766 32766 95 
54161 1965 3 8 9824 32766 32766 -77 -21 -113 21 62 28 31005 26 32766 38 150 15 32766 32766 76 
54161 1965 3 9 9911 32766 32766 -105 -52 -163 15 56 30 0 13 32766 33 113 15 32766 32766 80 
54161 1965 3 10 9873 32766 32766 -46 32 -146 21 47 36 0 30 32766 68 174 10 32766 32766 79 
54161 1965 3 11 9764 32766 32766 -30 30 -52 40 80 53 31014 21 32766 78 187 13 32766 32766 0 
54161 1965 3 12 9862 32766 32766 -81 -36 -127 24 71 46 31021 35 32766 60 146 16 32766 32766 97 
54161 1965 3 13 9878 32766 32766 -54 11 -144 23 58 41 0 21 32766 40 118 10 32766 32766 98 
54161 1965 3 14 9848 32766 32766 -1 52 -42 38 63 39 32700 19 32766 45 107 16 32766 32766 10 
54161 1965 3 15 9899 32766 32766 -41 -11 -66 40 89 80 31003 9 32766 90 190 1 32766 32766 0 
54161 1965 3 16 9921 32766 32766 -9 44 -76 43 76 46 32700 21 32766 38 112 2 32766 32766 102 
54161 1965 3 17 9908 32766 32766 3 36 -28 46 75 52 0 11 32766 18 68 2 32766 32766 62 
54161 1965 3 18 9843 32766 32766 5 55 -23 37 59 14 32700 33 32766 38 187 14 32766 32766 79 
54161 1965 3 19 9859 32766 32766 -40 -8 -67 31 67 45 32700 21 32766 75 211 15 32766 32766 15 
54161 1965 3 20 9892 32766 32766 -28 46 -107 26 58 11 0 30 32766 35 122 12 32766 32766 108 
54161 1965 3 21 9886 32766 32766 13 61 -43 23 36 19 0 33 32766 30 115 2 32766 32766 97 
54161 1965 3 22 9853 32766 32766 37 131 -53 25 35 8 0 58 32766 65 144 11 32766 32766 94 
54161 1965 3 23 9801 32766 32766 42 99 12 46 53 19 6 57 32766 83 212 12 32766 32766 44 
54161 1965 3 24 9876 32766 32766 -53 19 -107 12 29 10 0 52 32766 78 196 12 32766 32766 103 
54161 1965 3 25 9849 32766 32766 -93 -49 -124 16 51 28 32700 27 32766 68 209 15 32766 32766 69 
54161 1965 3 26 9929 32766 32766 -74 -8 -136 21 63 24 32700 25 32766 50 141 15 32766 32766 105 
54161 1965 3 27 9934 32766 32766 -39 30 -102 16 38 8 0 40 32766 58 165 13 32766 32766 112 
54161 1965 3 28 9892 32766 32766 -29 39 -109 17 36 13 0 36 32766 48 144 13 32766 32766 108 
54161 1965 3 29 9873 32766 32766 -5 60 -79 20 36 10 0 48 32766 30 154 14 32766 32766 114 
54161 1965 3 30 9800 32766 32766 45 130 -43 18 23 7 0 70 32766 58 166 13 32766 32766 96 
54161 1965 3 31 9815 32766 32766 -22 62 -67 18 36 13 0 33 32766 65 183 16 32766 32766 112 
54161 1965 4 1 9820 32766 32766 -25 28 -90 19 39 13 32700 39 32766 53 157 15 32766 32766 109 
54161 1965 4 2 9881 32766 32766 -30 27 -86 15 31 19 0 36 32766 33 161 15 32766 32766 98 
54161 1965 4 3 9966 32766 32766 -18 50 -107 15 32 12 0 40 32766 53 136 13 32766 32766 115 
54161 1965 4 4 9964 32766 32766 1 62 -88 14 24 11 0 50 32766 48 220 15 32766 32766 107 
54161 1965 4 5 9938 32766 32766 23 118 -79 16 24 8 0 55 32766 43 138 12 32766 32766 116 
54161 1965 4 6 9905 32766 32766 62 162 -37 20 23 6 0 81 32766 53 136 11 32766 32766 114 
54161 1965 4 7 9852 32766 32766 102 181 1 27 23 5 0 144 32766 98 228 14 32766 32766 110 
54161 1965 4 8 9790 32766 32766 83 153 35 29 27 12 0 146 32766 125 266 11 32766 32766 114 
54161 1965 4 9 9876 32766 32766 -19 37 -77 13 25 15 0 72 32766 80 210 13 32766 32766 93 
54161 1965 4 10 9893 32766 32766 -45 5 -103 18 43 23 32700 39 32766 45 184 16 32766 32766 68 
54161 1965 4 11 9901 32766 32766 2 66 -80 15 28 12 0 38 32766 18 138 15 32766 32766 118 
54161 1965 4 12 9901 32766 32766 54 150 -37 20 24 7 0 77 32766 45 142 7 32766 32766 112 
54161 1965 4 13 9885 32766 32766 75 161 -31 32 35 10 0 56 32766 18 93 15 32766 32766 112 
54161 1965 4 14 9816 32766 32766 129 225 32 56 40 10 0 155 32766 100 251 10 32766 32766 112 
54161 1965 4 15 9754 32766 32766 167 226 105 65 33 17 32700 262 32766 173 324 10 32766 32766 59 
54161 1965 4 16 9931 32766 32766 38 134 -1 42 55 30 31026 41 32766 38 151 1 32766 32766 0 
54161 1965 4 17 9969 32766 32766 24 89 -27 42 65 5 32700 46 32766 48 141 1 32766 32766 96 
54161 1965 4 18 9926 32766 32766 42 105 -33 27 34 7 0 51 32766 43 117 4 32766 32766 110 
54161 1965 4 19 9879 32766 32766 41 89 11 41 51 16 32700 52 32766 33 117 7 32766 32766 34 
54161 1965 4 20 9898 32766 32766 43 111 -43 32 41 7 0 46 32766 28 117 16 32766 32766 122 
54161 1965 4 21 9852 32766 32766 69 163 3 54 53 24 0 78 32766 73 175 32766 32766 32766 67 
54161 1965 4 22 9821 32766 32766 79 157 27 56 56 9 13 96 32766 98 242 32766 32766 32766 18 
54161 1965 4 23 9770 32766 32766 69 119 38 65 67 4 56 84 32766 93 269 32766 32766 32766 81 
54161 1965 4 24 9857 32766 32766 86 170 -12 52 50 7 0 62 32766 28 133 32766 32766 32766 125 
54161 1965 4 25 9859 32766 32766 92 142 39 45 37 4 0 105 32766 78 233 32766 32766 32766 28 
54161 1965 4 26 9909 32766 32766 31 93 -27 19 28 1 0 90 32766 60 232 16 32766 32766 114 
54161 1965 4 27 9902 32766 32766 38 108 -40 23 33 2 0 77 32766 55 162 1 32766 32766 126 
54161 1965 4 28 9868 32766 32766 59 114 -20 25 28 3 0 69 32766 30 108 15 32766 32766 121 
54161 1965 4 29 9839 32766 32766 61 135 -20 29 34 6 0 84 32766 35 143 1 32766 32766 116 
54161 1965 4 30 9866 32766 32766 78 153 -4 30 32 5 0 85 32766 40 180 15 32766 32766 124 
54161 1965 5 1 9897 32766 32766 100 169 16 35 30 13 0 60 32766 15 72 4 32766 32766 109 
54161 1965 5 2 9857 32766 32766 129 216 31 35 27 6 0 135 32766 55 138 7 32766 32766 123 
54161 1965 5 3 9828 32766 32766 142 212 61 46 30 18 0 144 32766 65 139 6 32766 32766 115 
54161 1965 5 4 9795 32766 32766 138 230 81 87 58 36 24 164 32766 103 254 10 32766 32766 82 
54161 1965 5 5 9801 32766 32766 83 135 42 72 68 29 143 58 32766 40 223 11 32766 32766 115 
54161 1965 5 6 9728 32766 32766 92 158 47 75 66 23 2 71 32766 80 226 15 32766 32766 62 
54161 1965 5 7 9727 32766 32766 96 152 22 64 59 16 35 64 32766 43 117 8 32766 32766 94 
54161 1965 5 8 9736 32766 32766 146 206 101 73 44 18 32700 111 32766 73 169 15 32766 32766 76 
54161 1965 5 9 9806 32766 32766 102 180 17 44 36 11 0 105 32766 43 157 1 32766 32766 121 
54161 1965 5 10 9806 32766 32766 106 161 28 39 32 13 0 117 32766 45 212 1 32766 32766 131 
54161 1965 5 11 9861 32766 32766 121 183 27 56 43 21 0 72 32766 23 122 5 32766 32766 112 
54161 1965 5 12 9801 32766 32766 165 220 121 65 36 20 32700 185 32766 103 261 13 32766 32766 47 
54161 1965 5 13 9813 32766 32766 138 208 81 75 51 14 32700 129 32766 58 168 15 32766 32766 97 
54161 1965 5 14 9775 32766 32766 136 201 85 51 35 16 0 147 32766 65 167 16 32766 32766 125 
54161 1965 5 15 9770 32766 32766 128 192 81 50 34 19 32700 78 32766 28 128 2 32766 32766 44 
54161 1965 5 16 9765 32766 32766 94 172 14 43 37 12 32700 115 32766 68 195 16 32766 32766 118 
54161 1965 5 17 9782 32766 32766 106 173 14 42 37 14 0 118 32766 35 181 16 32766 32766 111 
54161 1965 5 18 9759 32766 32766 117 181 65 62 47 22 28 115 32766 60 227 16 32766 32766 75 
54161 1965 5 19 9757 32766 32766 151 240 83 93 55 34 28 121 32766 58 215 9 32766 32766 61 
54161 1965 5 20 9727 32766 32766 114 136 98 113 83 34 38 26 32766 53 211 16 32766 32766 8 
54161 1965 5 21 9734 32766 32766 125 196 56 77 58 16 32700 97 32766 40 154 16 32766 32766 102 
54161 1965 5 22 9700 32766 32766 179 275 83 82 42 8 0 136 32766 45 121 11 32766 32766 110 
54161 1965 5 23 9755 32766 32766 165 199 141 91 49 30 32700 80 32766 38 127 15 32766 32766 48 
54161 1965 5 24 9772 32766 32766 168 266 57 62 38 12 0 179 32766 75 202 11 32766 32766 124 
54161 1965 5 25 9752 32766 32766 213 306 133 79 32 15 0 202 32766 73 199 11 32766 32766 117 
54161 1965 5 26 9788 32766 32766 236 316 143 96 35 18 0 155 32766 45 118 12 32766 32766 120 
54161 1965 5 27 9795 32766 32766 225 305 140 95 38 19 0 170 32766 43 130 2 32766 32766 126 
54161 1965 5 28 9798 32766 32766 239 316 126 89 32 16 0 121 32766 18 58 9 32766 32766 126 
54161 1965 5 29 9808 32766 32766 250 327 175 99 32 19 32700 150 32766 35 151 14 32766 32766 67 
54161 1965 5 30 9803 32766 32766 257 344 170 107 35 18 0 246 32766 73 152 13 32766 32766 131 
54161 1965 5 31 9829 32766 32766 173 254 118 105 54 39 32700 124 32766 58 179 2 32766 32766 102 
54161 1965 6 1 9866 32766 32766 141 195 103 87 55 33 2 81 32766 43 100 3 32766 32766 37 
54161 1965 6 2 9827 32766 32766 178 257 93 69 39 14 0 138 32766 38 121 13 32766 32766 123 
54161 1965 6 3 9737 32766 32766 217 306 145 65 28 5 32700 242 32766 85 225 14 32766 32766 100 
54161 1965 6 4 9721 32766 32766 158 228 81 61 37 13 32700 127 32766 38 157 13 32766 32766 101 
54161 1965 6 5 9724 32766 32766 143 206 73 56 37 23 2 129 32766 43 158 16 32766 32766 127 
54161 1965 6 6 9815 32766 32766 129 185 57 73 50 44 32700 99 32766 55 197 3 32766 32766 77 
54161 1965 6 7 9879 32766 32766 168 239 56 72 42 21 0 93 32766 15 150 16 32766 32766 120 
54161 1965 6 8 9863 32766 32766 214 290 132 67 28 14 0 198 32766 43 177 14 32766 32766 126 
54161 1965 6 9 9848 32766 32766 234 314 137 70 26 19 0 230 32766 68 164 13 32766 32766 131 
54161 1965 6 10 9827 32766 32766 224 293 151 105 40 35 0 103 32766 68 168 13 32766 32766 113 
54161 1965 6 11 9830 32766 32766 220 294 149 127 51 30 32700 133 32766 33 98 12 32766 32766 116 
54161 1965 6 12 9816 32766 32766 232 305 148 118 43 26 0 135 32766 25 90 15 32766 32766 123 
54161 1965 6 13 9802 32766 32766 251 323 155 114 38 18 0 146 32766 25 68 9 32766 32766 127 
54161 1965 6 14 9790 32766 32766 255 326 172 128 41 27 0 220 32766 60 153 8 32766 32766 118 
54161 1965 6 15 9803 32766 32766 196 261 165 170 74 49 64 58 32766 20 181 11 32766 32766 69 
54161 1965 6 16 9785 32766 32766 191 276 141 157 74 27 26 78 32766 45 120 9 32766 32766 75 
54161 1965 6 17 9754 32766 32766 210 292 139 131 58 8 1 109 32766 43 112 11 32766 32766 124 
54161 1965 6 18 9753 32766 32766 217 320 147 143 60 14 73 185 32766 70 175 5 32766 32766 112 
54161 1965 6 19 9795 32766 32766 212 264 155 170 68 42 32700 82 32766 23 167 6 32766 32766 80 
54161 1965 6 20 9800 32766 32766 241 310 155 154 55 18 0 101 32766 15 83 9 32766 32766 132 
54161 1965 6 21 9767 32766 32766 259 335 172 153 48 20 0 177 32766 48 148 13 32766 32766 139 
54161 1965 6 22 9761 32766 32766 276 349 195 131 37 20 0 224 32766 50 138 13 32766 32766 131 
54161 1965 6 23 9765 32766 32766 282 346 215 160 43 24 0 206 32766 58 134 13 32766 32766 133 
54161 1965 6 24 9781 32766 32766 266 317 211 175 52 36 32700 157 32766 50 122 12 32766 32766 96 
54161 1965 6 25 9754 32766 32766 243 333 187 183 63 34 43 148 32766 58 226 14 32766 32766 55 
54161 1965 6 26 9783 32766 32766 206 246 163 154 66 24 56 85 32766 30 88 5 32766 32766 136 
54161 1965 6 27 9709 32766 32766 226 304 141 130 52 16 32700 146 32766 50 149 13 32766 32766 124 
54161 1965 6 28 9692 32766 32766 210 271 183 172 71 36 7 65 32766 43 128 15 32766 32766 10 
54161 1965 6 29 9706 32766 32766 182 217 172 201 96 77 379 18 32766 53 148 13 32766 32766 10 
54161 1965 6 30 9745 32766 32766 190 246 146 174 81 35 98 58 32766 45 138 15 32766 32766 68 
54161 1965 7 1 9771 32766 32766 219 285 153 164 66 38 0 73 32766 18 72 8 32766 32766 124 
54161 1965 7 2 9740 32766 32766 219 281 180 187 72 51 19 68 32766 45 115 11 32766 32766 79 
54161 1965 7 3 9748 32766 32766 211 267 147 175 72 46 32001 64 32766 33 68 3 32766 32766 114 
54161 1965 7 4 9670 32766 32766 207 237 180 200 82 69 18 41 32766 28 90 7 32766 32766 11 
54161 1965 7 5 9690 32766 32766 194 250 156 175 79 43 76 51 32766 35 118 13 32766 32766 76 
54161 1965 7 6 9776 32766 32766 219 275 147 161 63 39 5 79 32766 13 82 15 32766 32766 122 
54161 1965 7 7 9784 32766 32766 235 300 178 207 73 43 28 71 32766 23 137 9 32766 32766 82 
54161 1965 7 8 9779 32766 32766 210 246 188 209 84 70 53 61 32766 53 128 9 32766 32766 80 
54161 1965 7 9 9778 32766 32766 218 265 180 211 81 57 48 69 32766 50 188 15 32766 32766 66 
54161 1965 7 10 9735 32766 32766 238 293 192 211 74 41 0 72 32766 33 97 11 32766 32766 115 
54161 1965 7 11 9703 32766 32766 233 310 183 204 74 43 71 103 32766 68 192 12 32766 32766 99 
54161 1965 7 12 9699 32766 32766 202 270 157 161 70 39 91 90 32766 65 168 11 32766 32766 93 
54161 1965 7 13 9748 32766 32766 239 306 167 175 60 42 0 116 32766 43 125 9 32766 32766 129 
54161 1965 7 14 9737 32766 32766 227 268 189 193 71 54 32700 58 32766 33 119 7 32766 32766 41 
54161 1965 7 15 9771 32766 32766 230 301 163 195 72 48 6 87 32766 50 145 10 32766 32766 120 
54161 1965 7 16 9744 32766 32766 259 319 198 189 58 40 0 137 32766 45 156 11 32766 32766 108 
54161 1965 7 17 9708 32766 32766 237 297 187 233 82 52 190 87 32766 53 176 2 32766 32766 59 
54161 1965 7 18 9727 32766 32766 230 303 183 232 84 50 17 57 32766 60 199 12 32766 32766 79 
54161 1965 7 19 9769 32766 32766 200 227 174 194 83 56 353 95 32766 33 167 11 32766 32766 50 
54161 1965 7 20 9796 32766 32766 199 249 142 172 76 42 32001 59 32766 20 91 3 32766 32766 97 
54161 1965 7 21 9755 32766 32766 222 274 154 194 74 53 0 54 32766 20 51 5 32766 32766 92 
54161 1965 7 22 9725 32766 32766 215 265 186 219 86 61 79 47 32766 10 93 10 32766 32766 60 
54161 1965 7 23 9749 32766 32766 216 270 186 221 86 67 118 56 32766 43 131 13 32766 32766 84 
54161 1965 7 24 9785 32766 32766 223 270 178 222 83 65 72 49 32766 40 115 9 32766 32766 84 
54161 1965 7 25 9800 32766 32766 233 276 202 231 82 63 0 61 32766 45 119 10 32766 32766 78 
54161 1965 7 26 9803 32766 32766 220 257 194 226 86 67 32700 38 32766 45 115 9 32766 32766 22 
54161 1965 7 27 9767 32766 32766 231 279 198 226 81 62 6 67 32766 63 152 9 32766 32766 74 
54161 1965 7 28 9761 32766 32766 230 265 188 248 89 68 65 65 32766 53 105 10 32766 32766 92 
54161 1965 7 29 9731 32766 32766 233 290 186 227 80 47 32001 64 32766 18 82 14 32766 32766 131 
54161 1965 7 30 9751 32766 32766 235 291 166 209 74 41 32700 60 32766 8 47 8 32766 32766 111 
54161 1965 7 31 9722 32766 32766 233 279 196 248 87 68 203 32 32766 25 198 11 32766 32766 13 
54161 1965 8 1 9740 32766 32766 234 271 214 257 90 72 314 56 32766 38 138 10 32766 32766 43 
54161 1965 8 2 9751 32766 32766 205 231 198 230 96 89 314 10 32766 33 93 2 32766 32766 0 
54161 1965 8 3 9724 32766 32766 183 204 165 198 95 86 128 31 32766 38 93 14 32766 32766 0 
54161 1965 8 4 9747 32766 32766 192 235 159 186 84 60 1 47 32766 43 91 11 32766 32766 82 
54161 1965 8 5 9752 32766 32766 175 209 144 172 87 68 32001 30 32766 28 80 2 32766 32766 45 
54161 1965 8 6 9688 32766 32766 180 219 148 191 93 80 10 28 32766 65 119 3 32766 32766 4 
54161 1965 8 7 9672 32766 32766 185 201 172 204 96 89 109 0 32766 48 133 1 32766 32766 0 
54161 1965 8 8 9747 32766 32766 210 266 145 196 80 54 0 56 32766 30 60 11 32766 32766 114 
54161 1965 8 9 9750 32766 32766 226 272 190 237 86 72 201 52 32766 25 91 5 32766 32766 35 
54161 1965 8 10 9753 32766 32766 231 277 205 242 87 60 1 41 32766 23 81 10 32766 32766 63 
54161 1965 8 11 9754 32766 32766 219 258 195 222 85 65 28 31 32766 18 129 7 32766 32766 44 
54161 1965 8 12 9783 32766 32766 200 249 181 211 91 69 44 41 32766 33 97 11 32766 32766 66 
54161 1965 8 13 9812 32766 32766 224 275 172 227 84 65 29 64 32766 43 94 11 32766 32766 127 
54161 1965 8 14 9809 32766 32766 239 292 195 251 86 61 32001 56 32766 55 100 11 32766 32766 98 
54161 1965 8 15 9790 32766 32766 236 271 201 237 82 60 61 56 32766 43 136 11 32766 32766 65 
54161 1965 8 16 9768 32766 32766 209 252 183 217 88 72 127 42 32766 33 170 10 32766 32766 67 
54161 1965 8 17 9808 32766 32766 212 257 191 201 80 56 32700 42 32766 38 128 10 32766 32766 110 
54161 1965 8 18 9838 32766 32766 212 263 166 205 83 55 0 46 32766 40 89 10 32766 32766 87 
54161 1965 8 19 9860 32766 32766 210 268 149 204 83 55 30 35 32766 30 199 14 32766 32766 78 
54161 1965 8 20 9869 32766 32766 204 258 157 177 75 48 13 51 32766 10 33 11 32766 32766 118 
54161 1965 8 21 9821 32766 32766 210 257 161 196 80 49 3 31 32766 15 57 7 32766 32766 62 
54161 1965 8 22 9784 32766 32766 214 269 157 191 77 45 32001 103 32766 35 72 9 32766 32766 127 
54161 1965 8 23 9773 32766 32766 228 281 168 199 74 41 0 45 32766 20 49 9 32766 32766 124 
54161 1965 8 24 9815 32766 32766 196 237 169 168 74 50 0 69 32766 55 134 14 32766 32766 125 
54161 1965 8 25 9861 32766 32766 203 273 126 155 67 43 0 63 32766 33 112 9 32766 32766 124 
54161 1965 8 26 9804 32766 32766 241 320 177 173 59 35 0 127 32766 65 152 9 32766 32766 119 
54161 1965 8 27 9802 32766 32766 189 254 164 184 85 65 108 52 32766 63 176 10 32766 32766 28 
54161 1965 8 28 9831 32766 32766 174 202 158 182 92 80 49 20 32766 28 84 16 32766 32766 0 
54161 1965 8 29 9839 32766 32766 183 216 150 186 89 69 1 19 32766 23 74 1 32766 32766 40 
54161 1965 8 30 9826 32766 32766 158 187 140 165 92 82 32700 14 32766 43 86 16 32766 32766 0 
54161 1965 8 31 9795 32766 32766 158 191 146 168 93 75 146 31 32766 23 74 10 32766 32766 13 
54161 1965 9 1 9764 32766 32766 185 249 147 171 82 49 19 48 32766 50 98 10 32766 32766 81 
54161 1965 9 2 9735 32766 32766 186 232 157 154 73 42 4 56 32766 55 128 10 32766 32766 77 
54161 1965 9 3 9732 32766 32766 161 212 126 153 84 60 63 40 32766 50 123 11 32766 32766 65 
54161 1965 9 4 9743 32766 32766 154 184 137 164 94 75 18 12 32766 33 103 13 32766 32766 15 
54161 1965 9 5 9733 32766 32766 152 213 100 155 91 56 49 27 32766 15 104 9 32766 32766 59 
54161 1965 9 6 9750 32766 32766 155 198 135 157 90 59 24 16 32766 28 98 15 32766 32766 43 
54161 1965 9 7 9818 32766 32766 159 222 110 146 83 53 32700 43 32766 30 73 12 32766 32766 103 
54161 1965 9 8 9858 32766 32766 155 225 94 123 72 41 32001 45 32766 33 75 14 32766 32766 88 
54161 1965 9 9 9889 32766 32766 157 221 76 104 61 27 0 51 32766 10 33 15 32766 32766 118 
54161 1965 9 10 9854 32766 32766 165 225 85 110 61 36 0 54 32766 15 91 2 32766 32766 120 
54161 1965 9 11 9837 32766 32766 158 218 112 122 69 42 0 47 32766 5 68 15 32766 32766 80 
54161 1965 9 12 9850 32766 32766 169 242 98 129 69 39 0 40 32766 25 50 6 32766 32766 113 
54161 1965 9 13 9878 32766 32766 170 242 126 124 65 37 0 64 32766 43 107 9 32766 32766 70 
54161 1965 9 14 9915 32766 32766 175 240 102 140 72 39 0 33 32766 20 67 7 32766 32766 78 
54161 1965 9 15 9883 32766 32766 174 235 129 143 74 46 0 39 32766 15 43 7 32766 32766 59 
54161 1965 9 16 9860 32766 32766 150 211 122 132 78 51 32700 27 32766 33 118 16 32766 32766 61 
54161 1965 9 17 9851 32766 32766 128 191 45 70 51 22 0 59 32766 23 87 11 32766 32766 109 
54161 1965 9 18 9827 32766 32766 121 188 54 87 64 31 32700 41 32766 35 105 12 32766 32766 84 
54161 1965 9 19 9873 32766 32766 110 186 28 83 66 36 0 52 32766 23 83 11 32766 32766 113 
54161 1965 9 20 9834 32766 32766 161 246 80 102 57 32 0 73 32766 58 129 8 32766 32766 101 
54161 1965 9 21 9774 32766 32766 217 282 157 134 54 34 0 179 32766 108 273 9 32766 32766 92 
54161 1965 9 22 9850 32766 32766 154 224 99 100 59 32 40 85 32766 50 136 32766 32766 32766 112 
54161 1965 9 23 9919 32766 32766 151 235 74 95 58 30 0 55 32766 20 68 13 32766 32766 111 
54161 1965 9 24 9894 32766 32766 190 275 113 110 53 25 0 92 32766 60 108 7 32766 32766 98 
54161 1965 9 25 9870 32766 32766 185 223 149 155 73 65 0 55 32766 43 142 10 32766 32766 55 
54161 1965 9 26 9866 32766 32766 120 171 90 102 75 39 17 35 32766 25 100 14 32766 32766 50 
54161 1965 9 27 9839 32766 32766 79 154 36 78 75 33 32700 36 32766 23 120 15 32766 32766 5 
54161 1965 9 28 9841 32766 32766 93 177 23 70 64 29 0 47 32766 40 114 11 32766 32766 108 
54161 1965 9 29 9808 32766 32766 117 202 54 69 55 24 0 80 32766 60 182 14 32766 32766 93 
54161 1965 9 30 9879 32766 32766 104 188 17 65 56 23 0 42 32766 23 51 8 32766 32766 107 
54161 1965 10 1 9886 32766 32766 133 213 64 74 51 29 0 69 32766 23 53 11 32766 32766 99 
54161 1965 10 2 9925 32766 32766 165 261 90 92 53 25 0 86 32766 48 127 9 32766 32766 104 
54161 1965 10 3 9907 32766 32766 177 238 116 122 61 36 4 110 32766 75 203 9 32766 32766 79 
54161 1965 10 4 9926 32766 32766 131 172 100 72 49 24 1 54 32766 30 161 12 32766 32766 57 
54161 1965 10 5 9889 32766 32766 86 160 25 61 59 24 0 50 32766 38 115 14 32766 32766 105 
54161 1965 10 6 9881 32766 32766 70 98 32 60 60 39 32700 30 32766 43 120 1 32766 32766 45 
54161 1965 10 7 9921 32766 32766 53 124 -21 52 60 33 0 34 32766 25 72 15 32766 32766 99 
54161 1965 10 8 9884 32766 32766 87 160 3 51 48 23 0 48 32766 38 103 10 32766 32766 104 
54161 1965 10 9 9880 32766 32766 92 170 19 54 48 27 0 52 32766 20 64 3 32766 32766 102 
54161 1965 10 10 9930 32766 32766 93 164 2 55 50 28 0 40 32766 10 68 2 32766 32766 101 
54161 1965 10 11 9977 32766 32766 113 183 41 56 43 27 0 48 32766 8 56 4 32766 32766 99 
54161 1965 10 12 9920 32766 32766 123 192 67 81 56 44 0 60 32766 53 135 9 32766 32766 10 
54161 1965 10 13 9828 32766 32766 94 131 67 110 93 78 123 9 32766 43 94 7 32766 32766 0 
54161 1965 10 14 9785 32766 32766 44 92 8 71 85 57 2 15 32766 48 121 14 32766 32766 62 
54161 1965 10 15 9849 32766 32766 23 50 3 56 78 48 30033 17 32766 65 142 13 32766 32766 0 
54161 1965 10 16 9906 32766 32766 38 83 3 47 61 27 0 25 32766 38 79 14 32766 32766 66 
54161 1965 10 17 9908 32766 32766 46 110 -16 46 56 30 0 38 32766 40 87 9 32766 32766 98 
54161 1965 10 18 9859 32766 32766 91 177 26 70 60 39 0 62 32766 63 150 9 32766 32766 87 
54161 1965 10 19 9921 32766 32766 87 145 54 76 69 42 0 41 32766 50 100 16 32766 32766 98 
54161 1965 10 20 10015 32766 32766 31 90 -3 37 52 22 0 39 32766 38 105 16 32766 32766 89 
54161 1965 10 21 10031 32766 32766 22 86 -46 33 48 22 0 25 32766 13 49 4 32766 32766 97 
54161 1965 10 22 9930 32766 32766 38 90 -13 45 55 37 3 16 32766 33 122 12 32766 32766 14 
54161 1965 10 23 9894 32766 32766 77 156 13 64 66 30 0 38 32766 28 74 11 32766 32766 95 
54161 1965 10 24 9845 32766 32766 94 166 22 61 54 30 0 50 32766 50 188 10 32766 32766 90 
54161 1965 10 25 9866 32766 32766 88 155 32 41 35 20 0 90 32766 83 235 10 32766 32766 94 
54161 1965 10 26 9872 32766 32766 43 77 13 49 60 39 67 12 32766 33 106 1 32766 32766 0 
54161 1965 10 27 9861 32766 32766 56 112 3 88 94 68 2 11 32766 35 154 9 32766 32766 19 
54161 1965 10 28 9825 32766 32766 116 185 30 113 81 60 0 51 32766 80 192 10 32766 32766 49 
54161 1965 10 29 9965 32766 32766 36 86 1 60 79 37 1 15 32766 23 48 3 32766 32766 62 
54161 1965 10 30 9897 32766 32766 85 164 20 72 66 37 0 31 32766 45 108 1 32766 32766 53 
54161 1965 10 31 9927 32766 32766 23 85 0 49 70 45 0 31 32766 55 99 1 32766 32766 42 
54161 1965 11 1 9924 32766 32766 17 89 -42 41 64 25 0 20 32766 33 58 10 32766 32766 90 
54161 1965 11 2 9836 32766 32766 28 93 -12 40 55 27 0 36 32766 58 125 11 32766 32766 93 
54161 1965 11 3 9878 32766 32766 45 126 -43 37 47 19 0 45 32766 65 126 10 32766 32766 95 
54161 1965 11 4 9794 32766 32766 91 130 47 67 57 42 0 91 32766 103 240 9 32766 32766 74 
54161 1965 11 5 9876 32766 32766 -4 100 -49 22 38 25 0 45 32766 60 137 16 32766 32766 83 
54161 1965 11 6 9895 32766 32766 14 95 -67 30 45 25 0 33 32766 43 126 10 32766 32766 67 
54161 1965 11 7 9994 32766 32766 -56 50 -84 29 67 39 31026 22 32766 43 119 16 32766 32766 90 
54161 1965 11 8 9988 32766 32766 -76 -48 -102 22 64 42 0 11 32766 25 97 2 32766 32766 39 
54161 1965 11 9 9916 32766 32766 -108 -79 -131 19 71 52 32700 13 32766 63 125 16 32766 32766 0 
54161 1965 11 10 9971 32766 32766 -103 -62 -159 21 79 57 32700 7 32766 38 89 11 32766 32766 72 
54161 1965 11 11 9981 32766 32766 -91 -49 -135 20 64 42 0 8 32766 23 61 12 32766 32766 51 
54161 1965 11 12 9959 32766 32766 -45 -7 -100 25 58 39 0 7 32766 25 123 7 32766 32766 27 
54161 1965 11 13 9830 32766 32766 17 52 -20 51 71 39 51 32 32766 93 197 10 32766 32766 73 
54161 1965 11 14 9910 32766 32766 -36 6 -66 23 49 29 0 31 32766 65 126 12 32766 32766 88 
54161 1965 11 15 9832 32766 32766 -10 35 -47 46 80 53 30036 16 32766 65 154 10 32766 32766 0 
54161 1965 11 16 9984 32766 32766 -91 -33 -146 23 73 64 31002 12 32766 63 120 10 32766 32766 81 
54161 1965 11 17 9988 32766 32766 -52 -20 -101 31 76 61 0 9 32766 40 95 11 32766 32766 85 
54161 1965 11 18 9889 32766 32766 18 68 -49 57 78 70 0 24 32766 80 223 10 32766 32766 82 
54161 1965 11 19 9851 32766 32766 24 76 -53 49 62 30 0 35 32766 120 235 10 32766 32766 56 
54161 1965 11 20 9974 32766 32766 -104 -51 -125 13 50 34 0 24 32766 58 149 13 32766 32766 88 
54161 1965 11 21 9975 32766 32766 -70 -12 -135 24 62 34 32700 15 32766 33 94 8 32766 32766 71 
54161 1965 11 22 9907 32766 32766 26 45 -20 66 89 75 18 4 32766 33 76 10 32766 32766 0 
54161 1965 11 23 9930 32766 32766 -6 55 -68 50 79 51 32700 13 32766 63 107 10 32766 32766 67 
54161 1965 11 24 10036 32766 32766 -121 -65 -145 14 60 34 0 11 32766 45 97 15 32766 32766 73 
54161 1965 11 25 9948 32766 32766 -107 -64 -143 15 57 40 32700 9 32766 53 125 14 32766 32766 37 
54161 1965 11 26 9941 32766 32766 -135 -94 -176 14 65 37 32700 10 32766 63 113 11 32766 32766 83 
54161 1965 11 27 9836 32766 32766 -26 42 -122 34 63 36 0 22 32766 73 204 10 32766 32766 19 
54161 1965 11 28 9815 32766 32766 8 39 -17 53 82 73 31002 24 32766 43 179 10 32766 32766 0 
54161 1965 11 29 9908 32766 32766 -107 -11 -162 22 74 57 31002 8 32766 55 110 16 32766 32766 45 
54161 1965 11 30 9948 32766 32766 -168 -127 -195 11 66 47 32700 5 32766 18 37 15 32766 32766 61 
54161 1965 12 1 9895 32766 32766 -137 -84 -197 13 61 35 0 8 32766 48 110 9 32766 32766 65 
54161 1965 12 2 9834 32766 32766 -38 6 -99 31 68 51 0 22 32766 78 180 9 32766 32766 34 
54161 1965 12 3 9931 32766 32766 -141 -97 -175 17 82 72 31004 4 32766 40 85 1 32766 32766 62 
54161 1965 12 4 9991 32766 32766 -183 -140 -218 10 68 50 0 4 32766 25 86 12 32766 32766 78 
54161 1965 12 5 9998 32766 32766 -190 -153 -216 8 60 41 0 5 32766 50 97 12 32766 32766 78 
54161 1965 12 6 9916 32766 32766 -123 -58 -202 11 46 28 0 17 32766 93 180 10 32766 32766 81 
54161 1965 12 7 9827 32766 32766 -73 -20 -102 19 55 30 0 23 32766 48 95 11 32766 32766 47 
54161 1965 12 8 9859 32766 32766 -119 -66 -151 13 54 25 0 15 32766 58 170 13 32766 32766 76 
54161 1965 12 9 9873 32766 32766 -155 -111 -196 16 80 48 31001 3 32766 20 65 6 32766 32766 0 
54161 1965 12 10 9803 32766 32766 -104 -34 -162 25 87 83 32700 2 32766 38 98 16 32766 32766 0 
54161 1965 12 11 9850 32766 32766 -170 -126 -189 13 80 77 32700 4 32766 68 142 16 32766 32766 0 
54161 1965 12 12 9948 32766 32766 -208 -170 -241 8 69 53 31002 6 32766 33 106 16 32766 32766 76 
54161 1965 12 13 9875 32766 32766 -115 -33 -216 23 73 58 31002 10 32766 73 149 7 32766 32766 0 
54161 1965 12 14 9891 32766 32766 -198 -31 -242 10 78 63 31042 36 32766 50 106 13 32766 32766 69 
54161 1965 12 15 10008 32766 32766 -267 -186 -310 4 54 35 31001 4 32766 63 137 13 32766 32766 75 
54161 1965 12 16 10061 32766 32766 -282 -232 -332 4 57 45 0 6 32766 33 66 10 32766 32766 70 
54161 1965 12 17 9975 32766 32766 -190 -126 -280 9 60 56 0 7 32766 70 173 10 32766 32766 59 
54161 1965 12 18 9884 32766 32766 -87 -46 -136 21 67 60 0 11 32766 83 192 11 32766 32766 77 
54161 1965 12 19 9836 32766 32766 -56 -11 -97 27 66 57 0 23 32766 90 190 10 32766 32766 70 
54161 1965 12 20 9859 32766 32766 -101 -36 -172 25 83 71 32700 9 32766 40 126 11 32766 32766 0 
54161 1965 12 21 9927 32766 32766 -165 -113 -205 14 79 70 0 4 32766 10 37 6 32766 32766 27 
54161 1965 12 22 9917 32766 32766 -136 -91 -167 18 81 66 0 5 32766 33 84 1 32766 32766 52 
54161 1965 12 23 9928 32766 32766 -196 -153 -240 9 63 50 31003 6 32766 50 93 15 32766 32766 64 
54161 1965 12 24 9924 32766 32766 -236 -189 -293 6 65 55 0 2 32766 43 97 11 32766 32766 68 
54161 1965 12 25 9866 32766 32766 -136 -72 -206 15 65 54 32700 7 32766 50 100 10 32766 32766 0 
54161 1965 12 26 9980 32766 32766 -169 -101 -233 12 74 54 32700 4 32766 40 103 9 32766 32766 76 
54161 1965 12 27 9920 32766 32766 -68 -18 -156 24 63 51 0 19 32766 83 173 10 32766 32766 70 
54161 1965 12 28 9974 32766 32766 -103 -52 -158 24 81 58 32700 7 32766 53 121 1 32766 32766 31 
54161 1965 12 29 10069 32766 32766 -208 -156 -243 6 56 45 0 6 32766 48 106 1 32766 32766 76 
54161 1965 12 30 10033 32766 32766 -218 -150 -271 7 68 56 0 3 32766 43 76 11 32766 32766 74 
54161 1965 12 31 9983 32766 32766 -183 -127 -213 9 59 50 0 8 32766 30 54 10 32766 32766 74 
54161 1966 1 1 9976 32766 32766 -154 -83 -211 11 60 344 0 7 32766 35 94 10 32766 32766 76 
54161 1966 1 2 9974 32766 32766 -132 -52 -188 14 63 345 0 6 32766 20 40 6 32766 32766 69 
54161 1966 1 3 9903 32766 32766 -133 -69 -179 15 68 351 0 5 32766 20 33 10 32766 32766 59 
