V01000 V04001 V04002 V04003 V10004 V10201 V10202 V12001 V12052 V12053 V13004 V13003 V13007 V13201 V13241 V13242 V11002 V11042 V11212 V11041 V11043 V14032
54161 1973 1 4 9963 32766 32766 -134 -71 -180 14 63 348 0 8 32766 45 90 11 32766 32766 76 
54161 1973 1 5 10034 32766 32766 -123 -58 -177 14 60 349 0 10 32766 28 57 11 32766 32766 76 
54161 1973 1 6 10038 32766 32766 -105 -35 -174 18 64 343 0 9 32766 23 40 6 32766 32766 69 
54161 1973 1 7 9954 32766 32766 -73 -15 -116 25 70 351 0 8 32766 10 33 8 32766 32766 27 
54161 1973 1 8 9889 32766 32766 -84 -17 -139 24 75 351 0 8 32766 28 63 11 32766 32766 49 
54161 1973 1 9 9922 32766 32766 -158 -71 -210 13 74 358 0 5 32766 28 60 13 32766 32766 60 
54161 1973 1 10 10030 32766 32766 -171 -113 -215 11 69 351 0 5 32766 20 50 15 32766 32766 75 
54161 1973 1 11 10071 32766 32766 -155 -78 -206 12 65 343 0 6 32766 8 43 6 32766 32766 76 
54161 1973 1 12 10022 32766 32766 -145 -80 -186 13 64 348 0 8 32766 25 60 3 32766 32766 75 
54161 1973 1 13 10009 32766 32766 -138 -61 -200 13 61 339 0 6 32766 13 43 3 32766 32766 75 
54161 1973 1 14 9969 32766 32766 -112 -42 -170 14 59 333 0 9 32766 15 37 8 32766 32766 79 
54161 1973 1 15 9955 32766 32766 -100 -22 -159 17 61 345 0 10 32766 20 37 11 32766 32766 74 
54161 1973 1 16 9947 32766 32766 -100 -47 -138 17 61 352 0 10 32766 15 50 1 32766 32766 52 
54161 1973 1 17 9930 32766 32766 -139 -72 -195 17 79 359 0 10 32766 8 27 1 32766 32766 75 
54161 1973 1 18 9887 32766 32766 -137 -65 -190 15 71 349 0 7 32766 8 30 903 32766 32766 81 
54161 1973 1 19 9916 32766 32766 -132 -59 -187 16 73 350 0 6 32766 5 23 3 32766 32766 68 
54161 1973 1 20 9948 32766 32766 -99 -25 -157 18 66 343 0 9 32766 18 47 5 32766 32766 72 
54161 1973 1 21 9986 32766 32766 -89 -23 -141 22 70 351 0 10 32766 15 47 3 32766 32766 60 
54161 1973 1 22 10005 32766 32766 -85 -1 -152 26 76 359 0 9 32766 8 43 8 32766 32766 7 
54161 1973 1 23 9973 32766 32766 -53 -13 -106 36 84 374 31021 15 32766 35 90 2 32766 32766 0 
54161 1973 1 24 9962 32766 32766 -139 -87 -182 13 62 349 0 12 32766 43 87 2 32766 32766 84 
54161 1973 1 25 9949 32766 32766 -149 -86 -200 13 68 346 0 8 32766 5 33 2 32766 32766 78 
54161 1973 1 26 9949 32766 32766 -133 -62 -182 15 68 358 0 8 32766 18 50 11 32766 32766 79 
54161 1973 1 27 10024 32766 32766 -143 -64 -230 14 69 354 0 8 32766 15 57 12 32766 32766 82 
54161 1973 1 28 10001 32766 32766 -120 -59 -186 15 63 352 0 10 32766 43 110 10 32766 32766 56 
54161 1973 1 29 9924 32766 32766 -121 -56 -170 18 72 359 0 16 32766 58 110 11 32766 32766 75 
54161 1973 1 30 9915 32766 32766 -95 -19 -173 20 64 356 0 16 32766 43 120 11 32766 32766 77 
54161 1973 1 31 9914 32766 32766 -72 -33 -117 21 57 332 0 21 32766 70 130 11 32766 32766 75 
54161 1973 2 1 10053 32766 32766 -164 -100 -223 8 48 337 0 13 32766 23 53 14 32766 32766 86 
54161 1973 2 2 10043 32766 32766 -131 -61 -193 10 43 329 0 12 32766 28 67 11 32766 32766 80 
54161 1973 2 3 9952 32766 32766 -86 -48 -110 26 79 342 31017 10 32766 15 63 11 32766 32766 0 
54161 1973 2 4 9940 32766 32766 -97 -30 -186 26 85 375 0 8 32766 13 73 11 32766 32766 51 
54161 1973 2 5 9932 32766 32766 -111 -30 -186 23 78 358 31002 10 32766 38 77 11 32766 32766 69 
54161 1973 2 6 9942 32766 32766 -199 -145 -245 8 59 350 0 7 32766 43 90 13 32766 32766 81 
54161 1973 2 7 10021 32766 32766 -197 -126 -254 9 70 356 0 6 32766 23 47 12 32766 32766 82 
54161 1973 2 8 10028 32766 32766 -170 -97 -220 10 64 341 0 8 32766 20 37 12 32766 32766 88 
54161 1973 2 9 10013 32766 32766 -143 -67 -200 13 60 353 0 11 32766 28 67 13 32766 32766 87 
54161 1973 2 10 9968 32766 32766 -125 -58 -172 13 54 349 0 12 32766 35 83 11 32766 32766 94 
54161 1973 2 11 9942 32766 32766 -119 -43 -193 13 50 344 0 12 32766 33 63 11 32766 32766 92 
54161 1973 2 12 9932 32766 32766 -74 7 -149 18 48 345 0 23 32766 50 87 11 32766 32766 90 
54161 1973 2 13 9825 32766 32766 -41 13 -83 32 68 362 32700 21 32766 55 137 10 32766 32766 8 
54161 1973 2 14 9860 32766 32766 -60 19 -142 23 64 334 0 24 32766 43 113 9 32766 32766 87 
54161 1973 2 15 9902 32766 32766 -43 5 -96 26 58 339 32700 22 32766 18 77 11 32766 32766 67 
54161 1973 2 16 9878 32766 32766 22 50 -36 53 73 371 32700 9 32766 28 70 9 32766 32766 0 
54161 1973 2 17 9930 32766 32766 -87 48 -131 27 82 372 31004 9 32766 43 80 15 32766 32766 41 
54161 1973 2 18 9949 32766 32766 -140 -77 -189 14 67 350 0 11 32766 25 70 10 32766 32766 77 
54161 1973 2 19 9936 32766 32766 -123 -54 -158 16 66 355 0 16 32766 20 87 15 32766 32766 79 
54161 1973 2 20 9863 32766 32766 -115 -47 -196 16 61 335 32700 19 32766 53 107 11 32766 32766 77 
54161 1973 2 21 9861 32766 32766 -137 -61 -182 16 77 363 31005 7 32766 15 40 2 32766 32766 0 
54161 1973 2 22 9826 32766 32766 -116 -56 -158 14 57 335 0 17 32766 15 67 11 32766 32766 67 
54161 1973 2 23 9828 32766 32766 -132 -88 -177 15 70 343 32700 17 32766 50 100 12 32766 32766 75 
54161 1973 2 24 9907 32766 32766 -151 -95 -194 12 64 335 32700 14 32766 50 120 9 32766 32766 92 
54161 1973 2 25 9845 32766 32766 -101 -23 -149 15 55 335 0 24 32766 80 157 11 32766 32766 75 
54161 1973 2 26 9814 32766 32766 -37 47 -116 28 65 328 0 34 32766 78 140 11 32766 32766 105 
54161 1973 2 27 9838 32766 32766 -47 -5 -86 26 62 329 0 25 32766 43 77 16 32766 32766 69 
54161 1973 2 28 9897 32766 32766 -100 -53 -126 15 52 332 32700 21 32766 28 90 15 32766 32766 99 
54161 1973 3 1 9914 32766 32766 -110 -45 -170 10 40 328 0 24 32766 50 80 14 32766 32766 100 
54161 1973 3 2 9888 32766 32766 -88 -17 -170 13 42 326 0 26 32766 30 70 13 32766 32766 94 
54161 1973 3 3 9867 32766 32766 -63 -9 -115 15 42 323 0 31 32766 33 83 15 32766 32766 86 
54161 1973 3 4 9867 32766 32766 -89 -29 -144 14 45 331 0 30 32766 50 120 14 32766 32766 87 
54161 1973 3 5 9922 32766 32766 -110 -47 -174 14 55 329 0 21 32766 30 80 14 32766 32766 101 
54161 1973 3 6 9971 32766 32766 -57 20 -141 12 33 319 0 32 32766 38 90 11 32766 32766 100 
54161 1973 3 7 9884 32766 32766 -47 -4 -87 31 71 346 31005 20 32766 60 120 14 32766 32766 39 
54161 1973 3 8 9940 32766 32766 -83 -8 -135 20 64 341 32700 23 32766 25 83 13 32766 32766 101 
54161 1973 3 9 9960 32766 32766 -62 -6 -126 20 54 335 0 16 32766 25 80 11 32766 32766 42 
54161 1973 3 10 9923 32766 32766 -27 11 -61 40 80 362 31004 12 32766 8 30 8 32766 32766 10 
54161 1973 3 11 9878 32766 32766 -5 26 -28 55 92 384 31008 0 32766 25 60 6 32766 32766 0 
54161 1973 3 12 9869 32766 32766 -31 4 -77 47 94 389 31060 15 32766 48 97 16 32766 32766 39 
54161 1973 3 13 9945 32766 32766 -80 -23 -136 26 78 357 0 17 32766 23 57 11 32766 32766 102 
54161 1973 3 14 10007 32766 32766 -88 -11 -182 26 82 367 0 10 32766 13 30 12 32766 32766 81 
54161 1973 3 15 9955 32766 32766 -65 -25 -110 26 68 360 0 14 32766 5 30 2 32766 32766 0 
54161 1973 3 16 9918 32766 32766 -49 12 -108 28 66 358 0 16 32766 13 53 11 32766 32766 107 
54161 1973 3 17 9905 32766 32766 -24 23 -86 30 58 347 0 17 32766 20 63 16 32766 32766 98 
54161 1973 3 18 9923 32766 32766 -25 25 -78 35 70 351 0 17 32766 15 57 3 32766 32766 102 
54161 1973 3 19 9913 32766 32766 -11 14 -57 33 58 351 0 27 32766 53 83 6 32766 32766 28 
54161 1973 3 20 9919 32766 32766 -7 20 -41 40 70 351 32700 27 32766 38 80 1 32766 32766 71 
54161 1973 3 21 9897 32766 32766 7 74 -61 40 63 337 0 28 32766 35 87 12 32766 32766 109 
54161 1973 3 22 9798 32766 32766 46 123 -12 48 59 334 0 62 32766 73 130 11 32766 32766 103 
54161 1973 3 23 9817 32766 32766 -35 47 -75 27 56 340 32700 47 32766 105 170 12 32766 32766 83 
54161 1973 3 24 9930 32766 32766 -72 -33 -106 19 55 332 31001 34 32766 70 137 15 32766 32766 98 
54161 1973 3 25 9936 32766 32766 -60 -5 -112 18 47 333 0 23 32766 8 47 15 32766 32766 109 
54161 1973 3 26 9914 32766 32766 -13 69 -96 21 42 318 0 35 32766 23 63 8 32766 32766 113 
54161 1973 3 27 9817 32766 32766 12 40 -12 51 76 343 30218 20 32766 55 100 8 32766 32766 0 
54161 1973 3 28 9837 32766 32766 18 41 -2 63 92 386 28 15 32766 20 73 16 32766 32766 50 
54161 1973 3 29 9827 32766 32766 50 97 4 62 73 352 2 40 32766 45 97 13 32766 32766 105 
54161 1973 3 30 9781 32766 32766 67 126 16 64 65 359 0 40 32766 33 107 2 32766 32766 107 
54161 1973 3 31 9836 32766 32766 9 85 -16 38 59 341 0 53 32766 78 150 12 32766 32766 111 
54161 1973 4 1 9858 32766 32766 1 35 -39 32 54 334 0 40 32766 45 97 12 32766 32766 110 
54161 1973 4 2 9827 32766 32766 5 61 -55 34 57 339 0 40 32766 48 127 11 32766 32766 113 
54161 1973 4 3 9763 32766 32766 10 40 -20 46 71 360 31001 39 32766 55 127 11 32766 32766 97 
54161 1973 4 4 9844 32766 32766 -4 43 -37 40 70 331 32700 25 32766 25 100 14 32766 32766 71 
54161 1973 4 5 9850 32766 32766 11 73 -53 34 54 331 31001 41 32766 40 90 13 32766 32766 107 
54161 1973 4 6 9867 32766 32766 20 75 -26 46 65 352 32700 27 32766 23 60 10 32766 32766 0 
54161 1973 4 7 9848 32766 32766 70 154 -5 56 63 325 32700 69 32766 60 193 10 32766 32766 78 
54161 1973 4 8 9872 32766 32766 65 112 16 61 65 340 65 43 32766 28 110 11 32766 32766 95 
54161 1973 4 9 9832 32766 32766 49 106 7 67 75 361 3 23 32766 53 140 10 32766 32766 24 
54161 1973 4 10 9779 32766 32766 74 116 37 58 57 332 0 85 32766 95 180 12 32766 32766 94 
54161 1973 4 11 9822 32766 32766 42 113 -31 33 44 316 0 68 32766 45 107 12 32766 32766 121 
54161 1973 4 12 9765 32766 32766 79 170 5 36 36 319 0 175 32766 95 243 11 32766 32766 92 
54161 1973 4 13 9875 32766 32766 39 99 -15 25 34 310 0 100 32766 45 127 12 32766 32766 112 
54161 1973 4 14 9894 32766 32766 88 178 -12 37 32 320 0 98 32766 38 100 7 32766 32766 104 
54161 1973 4 15 9854 32766 32766 105 181 53 70 56 338 0 82 32766 38 103 11 32766 32766 26 
54161 1973 4 16 9852 32766 32766 43 123 0 68 82 364 76 17 32766 40 110 16 32766 32766 0 
54161 1973 4 17 9777 32766 32766 29 97 -35 47 65 339 31009 55 32766 63 143 12 32766 32766 118 
54161 1973 4 18 9742 32766 32766 64 125 16 57 59 354 32700 41 32766 45 117 12 32766 32766 58 
54161 1973 4 19 9696 32766 32766 129 195 55 51 34 323 0 170 32766 90 220 11 32766 32766 88 
54161 1973 4 20 9791 32766 32766 82 170 -21 36 38 311 0 113 32766 48 140 12 32766 32766 107 
54161 1973 4 21 9738 32766 32766 142 237 66 53 32 326 0 196 32766 70 240 11 32766 32766 103 
54161 1973 4 22 9767 32766 32766 119 217 45 59 48 318 32700 124 32766 48 120 12 32766 32766 98 
54161 1973 4 23 9819 32766 32766 145 249 45 74 41 327 0 145 32766 50 110 7 32766 32766 95 
54161 1973 4 24 9713 32766 32766 150 208 108 103 60 349 0 86 32766 55 160 11 32766 32766 46 
54161 1973 4 25 9793 32766 32766 90 165 38 28 26 306 32700 167 32766 100 190 12 32766 32766 85 
54161 1973 4 26 9828 32766 32766 67 132 -12 23 25 308 0 116 32766 70 110 14 32766 32766 123 
54161 1973 4 27 9824 32766 32766 73 136 -7 43 41 330 0 64 32766 23 90 16 32766 32766 105 
54161 1973 4 28 9808 32766 32766 120 215 22 43 35 312 0 90 32766 23 70 16 32766 32766 83 
54161 1973 4 29 9856 32766 32766 134 213 42 49 34 322 0 95 32766 23 57 3 32766 32766 123 
54161 1973 4 30 9823 32766 32766 164 256 100 69 39 323 32700 172 32766 75 167 11 32766 32766 70 
54161 1973 5 1 9863 32766 32766 114 170 46 64 49 334 0 94 32766 55 100 3 32766 32766 112 
54161 1973 5 2 9819 32766 32766 76 122 39 54 53 339 0 71 32766 40 90 16 32766 32766 0 
54161 1973 5 3 9838 32766 32766 87 168 2 42 40 324 0 97 32766 55 130 14 32766 32766 129 
54161 1973 5 4 9780 32766 32766 172 264 58 30 16 310 0 271 32766 110 237 10 32766 32766 96 
54161 1973 5 5 9758 32766 32766 183 235 147 67 33 323 0 317 32766 145 220 10 32766 32766 56 
54161 1973 5 6 9778 32766 32766 173 251 102 83 42 331 32700 205 32766 125 217 10 32766 32766 50 
54161 1973 5 7 9824 32766 32766 105 185 67 89 73 340 50 71 32766 38 120 16 32766 32766 0 
54161 1973 5 8 9793 32766 32766 82 158 17 58 59 319 0 110 32766 65 187 12 32766 32766 110 
54161 1973 5 9 9801 32766 32766 106 173 21 39 33 313 32700 150 32766 63 133 12 32766 32766 116 
54161 1973 5 10 9835 32766 32766 100 147 30 57 50 326 4 87 32766 35 113 14 32766 32766 99 
54161 1973 5 11 9845 32766 32766 128 192 25 50 36 321 0 68 32766 13 47 6 32766 32766 89 
54161 1973 5 12 9796 32766 32766 145 200 100 79 49 335 32700 70 32766 18 53 9 32766 32766 29 
54161 1973 5 13 9819 32766 32766 165 258 70 95 57 325 0 115 32766 30 70 11 32766 32766 128 
54161 1973 5 14 9798 32766 32766 207 287 117 94 41 327 0 259 32766 103 207 10 32766 32766 115 
54161 1973 5 15 9796 32766 32766 223 297 158 107 41 324 0 240 32766 98 150 11 32766 32766 106 
54161 1973 5 16 9818 32766 32766 158 213 104 84 48 327 0 124 32766 63 100 2 32766 32766 100 
54161 1973 5 17 9736 32766 32766 128 220 69 77 54 336 33 98 32766 38 83 12 32766 32766 51 
54161 1973 5 18 9669 32766 32766 78 117 47 96 90 382 189 35 32766 38 80 11 32766 32766 20 
54161 1973 5 19 9706 32766 32766 75 97 52 89 87 374 7 22 32766 30 83 12 32766 32766 3 
54161 1973 5 20 9787 32766 32766 74 101 55 82 80 362 1 34 32766 48 90 16 32766 32766 21 
54161 1973 5 21 9872 32766 32766 83 124 47 79 73 350 0 33 32766 15 60 15 32766 32766 8 
54161 1973 5 22 9917 32766 32766 122 186 46 71 53 331 0 68 32766 15 47 7 32766 32766 137 
54161 1973 5 23 9890 32766 32766 188 273 90 82 41 322 0 158 32766 60 130 10 32766 32766 134 
54161 1973 5 24 9826 32766 32766 219 288 155 92 37 324 0 294 32766 130 230 11 32766 32766 98 
54161 1973 5 25 9812 32766 32766 204 270 134 80 35 319 0 255 32766 103 173 9 32766 32766 124 
54161 1973 5 26 9835 32766 32766 130 196 99 111 75 354 31 51 32766 55 130 11 32766 32766 0 
54161 1973 5 27 9859 32766 32766 141 210 71 86 59 329 0 82 32766 48 100 12 32766 32766 123 
54161 1973 5 28 9779 32766 32766 133 222 85 111 73 349 96 58 32766 33 110 8 32766 32766 68 
54161 1973 5 29 9697 32766 32766 130 174 95 120 81 364 33 38 32766 30 80 11 32766 32766 82 
54161 1973 5 30 9737 32766 32766 133 178 90 116 77 352 6 57 32766 33 107 12 32766 32766 95 
54161 1973 5 31 9815 32766 32766 130 177 74 127 85 371 43 30 32766 18 63 2 32766 32766 67 
54161 1973 6 1 9856 32766 32766 121 175 81 105 76 350 4 44 32766 53 100 3 32766 32766 52 
54161 1973 6 2 9869 32766 32766 161 240 71 88 54 323 0 110 32766 33 90 11 32766 32766 140 
54161 1973 6 3 9844 32766 32766 196 263 106 75 35 319 0 180 32766 55 113 12 32766 32766 138 
54161 1973 6 4 9815 32766 32766 188 259 107 77 38 320 0 169 32766 55 117 11 32766 32766 67 
54161 1973 6 5 9776 32766 32766 208 270 150 105 44 329 32700 177 32766 73 200 11 32766 32766 52 
54161 1973 6 6 9795 32766 32766 177 243 124 115 59 340 0 98 32766 15 90 12 32766 32766 112 
54161 1973 6 7 9799 32766 32766 173 234 125 139 70 366 16 52 32766 20 87 16 32766 32766 71 
54161 1973 6 8 9808 32766 32766 190 247 122 151 70 349 32700 65 32766 25 53 9 32766 32766 87 
54161 1973 6 9 9833 32766 32766 199 253 157 176 76 367 14 70 32766 18 90 8 32766 32766 49 
54161 1973 6 10 9860 32766 32766 229 288 185 153 57 332 0 123 32766 48 110 12 32766 32766 99 
54161 1973 6 11 9874 32766 32766 199 235 170 158 69 358 32700 72 32766 35 70 9 32766 32766 0 
54161 1973 6 12 9869 32766 32766 219 278 158 155 62 339 32700 70 32766 5 37 8 32766 32766 65 
54161 1973 6 13 9846 32766 32766 192 272 164 171 77 370 64 56 32766 18 73 16 32766 32766 29 
54161 1973 6 14 9818 32766 32766 194 255 150 184 83 370 2 57 32766 23 67 12 32766 32766 87 
54161 1973 6 15 9791 32766 32766 221 283 155 177 69 343 32700 72 32766 5 53 7 32766 32766 88 
54161 1973 6 16 9758 32766 32766 196 233 181 188 83 375 39 41 32766 23 63 11 32766 32766 4 
54161 1973 6 17 9746 32766 32766 184 222 165 191 91 379 549 29 32766 15 40 9 32766 32766 45 
54161 1973 6 18 9753 32766 32766 192 240 154 199 89 377 276 46 32766 5 80 4 32766 32766 44 
54161 1973 6 19 9757 32766 32766 212 266 146 171 70 344 3 71 32766 13 43 1 32766 32766 136 
54161 1973 6 20 9722 32766 32766 198 274 147 185 81 371 127 85 32766 45 103 13 32766 32766 60 
54161 1973 6 21 9695 32766 32766 191 229 154 183 83 376 179 55 32766 48 133 14 32766 32766 59 
54161 1973 6 22 9699 32766 32766 170 201 139 171 89 382 218 42 32766 35 110 16 32766 32766 36 
54161 1973 6 23 9754 32766 32766 198 252 117 168 74 359 0 58 32766 5 33 9 32766 32766 129 
54161 1973 6 24 9732 32766 32766 230 285 159 168 62 338 0 92 32766 33 67 10 32766 32766 127 
54161 1973 6 25 9762 32766 32766 215 255 175 119 47 338 0 93 32766 23 63 3 32766 32766 42 
54161 1973 6 26 9787 32766 32766 222 278 142 157 61 339 0 104 32766 28 60 2 32766 32766 133 
54161 1973 6 27 9780 32766 32766 230 279 168 187 67 356 0 81 32766 20 40 10 32766 32766 117 
54161 1973 6 28 9787 32766 32766 228 287 169 188 70 343 0 82 32766 10 43 8 32766 32766 131 
54161 1973 6 29 9819 32766 32766 227 292 177 212 77 369 40 62 32766 18 40 11 32766 32766 83 
54161 1973 6 30 9815 32766 32766 252 314 184 169 56 329 0 103 32766 18 43 6 32766 32766 139 
54161 1973 7 1 9805 32766 32766 246 305 186 206 68 349 0 89 32766 30 70 12 32766 32766 101 
54161 1973 7 2 9815 32766 32766 248 298 200 213 69 352 0 89 32766 35 60 8 32766 32766 83 
54161 1973 7 3 9811 32766 32766 258 302 207 231 70 356 32700 69 32766 15 57 10 32766 32766 63 
54161 1973 7 4 9801 32766 32766 270 320 217 236 67 352 32700 120 32766 45 97 10 32766 32766 103 
54161 1973 7 5 9822 32766 32766 258 290 226 250 76 367 32700 80 32766 58 87 10 32766 32766 23 
54161 1973 7 6 9845 32766 32766 240 280 214 261 88 376 86 53 32766 40 113 12 32766 32766 62 
54161 1973 7 7 9859 32766 32766 255 304 204 253 79 359 0 78 32766 40 73 10 32766 32766 136 
54161 1973 7 8 9831 32766 32766 262 317 207 243 73 352 0 105 32766 40 77 10 32766 32766 134 
54161 1973 7 9 9790 32766 32766 256 292 219 252 77 365 83 90 32766 53 110 10 32766 32766 65 
54161 1973 7 10 9825 32766 32766 226 278 200 189 70 349 0 62 32766 15 57 14 32766 32766 67 
54161 1973 7 11 9819 32766 32766 227 303 154 191 71 355 0 95 32766 23 47 12 32766 32766 137 
54161 1973 7 12 9738 32766 32766 200 227 164 206 87 367 282 27 32766 38 93 11 32766 32766 0 
54161 1973 7 13 9682 32766 32766 231 257 194 231 82 364 259 67 32766 60 93 10 32766 32766 12 
54161 1973 7 14 9765 32766 32766 221 276 167 213 80 369 0 80 32766 30 73 12 32766 32766 139 
54161 1973 7 15 9794 32766 32766 210 250 158 187 76 367 109 32 32766 23 100 6 32766 32766 21 
54161 1973 7 16 9786 32766 32766 196 247 154 200 88 368 411 65 32766 28 50 16 32766 32766 87 
54161 1973 7 17 9810 32766 32766 212 242 180 234 92 385 129 14 32766 5 43 8 32766 32766 0 
54161 1973 7 18 9774 32766 32766 228 266 198 252 91 388 76 50 32766 10 40 5 32766 32766 98 
54161 1973 7 19 9748 32766 32766 262 295 213 277 82 372 0 60 32766 13 50 6 32766 32766 85 
54161 1973 7 20 9725 32766 32766 235 288 195 253 87 383 301 78 32766 53 110 8 32766 32766 23 
54161 1973 7 21 9733 32766 32766 235 251 225 264 91 387 21 23 32766 23 50 7 32766 32766 0 
54161 1973 7 22 9756 32766 32766 250 292 205 264 84 376 0 70 32766 33 100 11 32766 32766 132 
54161 1973 7 23 9786 32766 32766 245 289 191 257 84 378 39 80 32766 25 100 11 32766 32766 129 
54161 1973 7 24 9797 32766 32766 254 293 211 268 83 371 0 68 32766 43 90 10 32766 32766 70 
54161 1973 7 25 9787 32766 32766 256 297 222 271 83 369 0 68 32766 43 103 11 32766 32766 77 
54161 1973 7 26 9765 32766 32766 235 272 209 255 89 377 196 74 32766 38 93 11 32766 32766 80 
54161 1973 7 27 9755 32766 32766 227 278 194 235 86 370 26 56 32766 68 110 10 32766 32766 42 
54161 1973 7 28 9739 32766 32766 240 286 187 267 90 380 28 44 32766 43 103 2 32766 32766 72 
54161 1973 7 29 9748 32766 32766 243 303 180 240 79 367 78 63 32766 23 70 7 32766 32766 125 
54161 1973 7 30 9736 32766 32766 243 298 203 260 86 370 32 49 32766 3 40 15 32766 32766 87 
54161 1973 7 31 9715 32766 32766 214 268 180 229 89 382 66 33 32766 23 83 16 32766 32766 30 
54161 1973 8 1 9704 32766 32766 197 251 175 206 90 381 466 122 32766 18 80 1 32766 32766 20 
54161 1973 8 2 9703 32766 32766 195 258 169 212 93 389 491 88 32766 20 120 12 32766 32766 24 
54161 1973 8 3 9717 32766 32766 231 273 192 229 81 376 28 45 32766 48 77 9 32766 32766 13 
54161 1973 8 4 9746 32766 32766 236 287 187 239 82 372 0 66 32766 43 123 11 32766 32766 56 
54161 1973 8 5 9807 32766 32766 249 302 195 270 85 374 37 67 32766 45 127 11 32766 32766 98 
54161 1973 8 6 9831 32766 32766 263 303 225 276 81 369 32700 60 32766 55 100 11 32766 32766 87 
54161 1973 8 7 9818 32766 32766 253 292 214 272 85 372 763 32766 32766 43 87 11 32766 32766 53 
54161 1973 8 8 9817 32766 32766 257 288 232 280 85 379 16 51 32766 58 103 11 32766 32766 24 
54161 1973 8 9 9863 32766 32766 252 287 220 290 91 379 20 26 32766 25 53 11 32766 32766 87 
54161 1973 8 10 9838 32766 32766 256 295 217 278 85 374 0 49 32766 45 90 10 32766 32766 68 
54161 1973 8 11 9784 32766 32766 237 266 220 248 85 379 2 37 32766 58 120 11 32766 32766 0 
54161 1973 8 12 9832 32766 32766 204 257 153 196 83 361 47 51 32766 8 50 1 32766 32766 68 
54161 1973 8 13 9848 32766 32766 200 221 185 220 94 390 102 10 32766 13 30 13 32766 32766 0 
54161 1973 8 14 9881 32766 32766 186 223 147 165 78 353 2 50 32766 15 37 1 32766 32766 92 
54161 1973 8 15 9843 32766 32766 197 253 150 163 73 351 1 56 32766 18 27 3 32766 32766 109 
54161 1973 8 16 9775 32766 32766 228 296 154 207 73 365 0 57 32766 35 57 10 32766 32766 104 
54161 1973 8 17 9745 32766 32766 200 250 157 200 85 378 32700 37 32766 38 73 10 32766 32766 22 
54161 1973 8 18 9800 32766 32766 165 221 131 135 74 350 0 57 32766 33 60 15 32766 32766 77 
54161 1973 8 19 9857 32766 32766 194 262 120 150 68 350 0 67 32766 25 33 10 32766 32766 125 
54161 1973 8 20 9837 32766 32766 204 267 155 175 73 359 6 67 32766 35 87 11 32766 32766 77 
54161 1973 8 21 9794 32766 32766 184 210 167 200 94 390 215 14 32766 28 60 3 32766 32766 0 
54161 1973 8 22 9865 32766 32766 172 229 112 148 77 352 0 54 32766 28 50 2 32766 32766 126 
54161 1973 8 23 9881 32766 32766 191 251 119 160 75 350 0 55 32766 10 30 4 32766 32766 125 
54161 1973 8 24 9850 32766 32766 215 278 150 201 79 361 0 50 32766 23 37 10 32766 32766 107 
54161 1973 8 25 9829 32766 32766 231 280 190 229 82 362 32700 48 32766 33 70 11 32766 32766 86 
54161 1973 8 26 9796 32766 32766 222 265 200 224 83 379 9 33 32766 38 70 11 32766 32766 16 
54161 1973 8 27 9835 32766 32766 185 207 166 186 88 382 32700 17 32766 13 30 2 32766 32766 0 
54161 1973 8 28 9861 32766 32766 180 235 116 147 74 348 0 66 32766 25 57 2 32766 32766 125 
54161 1973 8 29 9860 32766 32766 171 241 106 149 78 354 0 51 32766 25 47 2 32766 32766 100 
54161 1973 8 30 9909 32766 32766 174 227 121 148 76 351 3 44 32766 18 37 1 32766 32766 105 
54161 1973 8 31 9895 32766 32766 163 205 105 135 73 356 0 35 32766 15 40 4 32766 32766 66 
54161 1973 9 1 9844 32766 32766 167 239 98 141 76 352 0 58 32766 33 50 3 32766 32766 114 
54161 1973 9 2 9855 32766 32766 188 242 123 148 70 347 0 54 32766 25 43 3 32766 32766 86 
54161 1973 9 3 9858 32766 32766 183 241 146 163 80 353 32700 53 32766 30 77 13 32766 32766 86 
54161 1973 9 4 9898 32766 32766 182 234 137 157 77 353 0 47 32766 20 37 16 32766 32766 98 
54161 1973 9 5 9914 32766 32766 177 243 106 139 71 345 0 60 32766 23 40 3 32766 32766 120 
54161 1973 9 6 9881 32766 32766 190 260 113 137 66 335 0 57 32766 13 60 12 32766 32766 109 
54161 1973 9 7 9861 32766 32766 163 218 126 122 68 344 0 66 32766 40 80 1 32766 32766 80 
54161 1973 9 8 9864 32766 32766 162 227 100 135 74 356 0 49 32766 28 50 3 32766 32766 110 
54161 1973 9 9 9846 32766 32766 171 234 104 120 65 332 0 75 32766 43 73 2 32766 32766 109 
54161 1973 9 10 9864 32766 32766 150 213 78 94 57 336 0 79 32766 50 77 2 32766 32766 116 
54161 1973 9 11 9847 32766 32766 158 220 94 105 60 339 0 80 32766 50 90 1 32766 32766 116 
54161 1973 9 12 9864 32766 32766 164 253 75 105 61 331 0 61 32766 15 40 2 32766 32766 115 
54161 1973 9 13 9869 32766 32766 186 258 112 112 55 331 0 54 32766 10 33 1 32766 32766 96 
54161 1973 9 14 9862 32766 32766 185 256 100 125 62 334 0 58 32766 15 33 9 32766 32766 108 
54161 1973 9 15 9855 32766 32766 194 273 119 122 57 329 0 70 32766 25 47 13 32766 32766 86 
54161 1973 9 16 9866 32766 32766 177 247 107 134 67 353 32700 33 32766 15 43 13 32766 32766 70 
54161 1973 9 17 9874 32766 32766 186 260 110 131 64 337 0 49 32766 13 47 11 32766 32766 94 
54161 1973 9 18 9849 32766 32766 169 218 134 155 82 359 0 34 32766 20 40 11 32766 32766 56 
54161 1973 9 19 9860 32766 32766 162 233 84 107 63 329 0 58 32766 23 33 2 32766 32766 111 
54161 1973 9 20 9876 32766 32766 174 253 84 92 50 326 0 54 32766 15 30 7 32766 32766 108 
54161 1973 9 21 9875 32766 32766 179 263 114 120 62 332 70 74 32766 43 90 8 32766 32766 110 
54161 1973 9 22 9868 32766 32766 155 220 118 150 86 364 67 29 32766 15 60 11 32766 32766 57 
54161 1973 9 23 9893 32766 32766 163 238 113 141 78 350 0 42 32766 20 30 9 32766 32766 81 
54161 1973 9 24 9889 32766 32766 175 251 120 123 64 338 0 61 32766 43 90 16 32766 32766 102 
54161 1973 9 25 9917 32766 32766 81 148 57 72 68 344 75 40 32766 35 63 1 32766 32766 30 
54161 1973 9 26 9889 32766 32766 79 140 11 54 54 329 0 54 32766 33 77 2 32766 32766 105 
54161 1973 9 27 9867 32766 32766 116 208 24 61 48 322 0 58 32766 33 50 12 32766 32766 115 
54161 1973 9 28 9898 32766 32766 150 234 73 100 60 337 0 57 32766 23 60 11 32766 32766 104 
54161 1973 9 29 9879 32766 32766 151 218 106 118 71 344 0 34 32766 23 43 11 32766 32766 54 
54161 1973 9 30 9820 32766 32766 156 220 110 102 57 332 32700 85 32766 68 127 12 32766 32766 100 
54161 1973 10 1 9882 32766 32766 73 138 0 40 41 323 0 80 32766 45 93 13 32766 32766 105 
54161 1973 10 2 9895 32766 32766 52 107 4 57 67 336 7 28 32766 18 70 12 32766 32766 6 
54161 1973 10 3 9955 32766 32766 77 142 18 65 66 334 18 35 32766 28 50 13 32766 32766 99 
54161 1973 10 4 9996 32766 32766 84 142 32 52 49 325 0 27 32766 15 30 10 32766 32766 51 
54161 1973 10 5 9978 32766 32766 77 152 11 51 50 330 0 51 32766 28 57 12 32766 32766 104 
54161 1973 10 6 9938 32766 32766 78 153 6 43 44 321 0 50 32766 30 50 13 32766 32766 104 
54161 1973 10 7 9940 32766 32766 96 160 30 48 42 323 0 52 32766 20 40 1 32766 32766 96 
54161 1973 10 8 9984 32766 32766 88 163 15 51 49 320 0 44 32766 13 33 8 32766 32766 94 
54161 1973 10 9 9947 32766 32766 107 187 37 57 47 323 0 63 32766 33 60 11 32766 32766 100 
54161 1973 10 10 9919 32766 32766 127 193 59 80 55 339 0 75 32766 50 93 10 32766 32766 96 
54161 1973 10 11 9919 32766 32766 140 216 80 104 67 345 0 58 32766 48 73 10 32766 32766 83 
54161 1973 10 12 9954 32766 32766 87 141 29 53 44 315 0 80 32766 43 107 16 32766 32766 83 
54161 1973 10 13 9945 32766 32766 12 62 -37 25 39 320 0 50 32766 55 93 16 32766 32766 97 
54161 1973 10 14 9914 32766 32766 32 115 -58 32 44 327 0 41 32766 28 80 12 32766 32766 96 
54161 1973 10 15 9899 32766 32766 96 177 8 52 47 323 0 77 32766 58 100 12 32766 32766 100 
54161 1973 10 16 9879 32766 32766 78 148 6 49 42 316 0 112 32766 95 170 11 32766 32766 89 
54161 1973 10 17 9933 32766 32766 -1 67 -59 16 29 308 0 69 32766 65 123 13 32766 32766 97 
54161 1973 10 18 9925 32766 32766 7 84 -75 18 31 311 0 41 32766 45 90 13 32766 32766 96 
54161 1973 10 19 9881 32766 32766 94 181 7 68 53 347 0 59 32766 48 100 11 32766 32766 72 
54161 1973 10 20 9832 32766 32766 97 135 82 102 86 361 79 22 32766 43 107 11 32766 32766 0 
54161 1973 10 21 9820 32766 32766 15 90 -8 61 89 386 17 7 32766 33 67 3 32766 32766 0 
54161 1973 10 22 9847 32766 32766 16 25 0 63 93 391 42 4 32766 48 67 16 32766 32766 0 
54161 1973 10 23 9880 32766 32766 2 17 -11 58 94 389 31045 2 32766 30 50 13 32766 32766 0 
54161 1973 10 24 9899 32766 32766 -1 14 -14 54 89 383 1 4 32766 28 53 16 32766 32766 0 
54161 1973 10 25 9967 32766 32766 4 45 -30 46 74 360 0 13 32766 18 40 16 32766 32766 73 
54161 1973 10 26 9989 32766 32766 20 63 -35 49 71 353 0 15 32766 28 40 5 32766 32766 79 
54161 1973 10 27 9934 32766 32766 49 85 10 68 79 364 32700 7 32766 15 57 15 32766 32766 0 
54161 1973 10 28 9889 32766 32766 23 68 -14 57 81 356 20 19 32766 50 73 12 32766 32766 75 
54161 1973 10 29 9871 32766 32766 74 150 -2 67 65 347 0 42 32766 70 120 10 32766 32766 88 
54161 1973 10 30 9948 32766 32766 31 104 -22 51 65 345 32700 40 32766 53 87 10 32766 32766 78 
54161 1973 10 31 10007 32766 32766 -19 32 -53 33 63 342 0 55 32766 18 43 16 32766 32766 80 
54161 1973 11 1 9992 32766 32766 -24 30 -82 25 51 324 0 14 32766 13 30 14 32766 32766 96 
54161 1973 11 2 9977 32766 32766 -10 56 -72 26 48 324 0 22 32766 20 57 9 32766 32766 90 
54161 1973 11 3 9891 32766 32766 41 88 -30 58 68 353 0 38 32766 83 190 10 32766 32766 25 
54161 1973 11 4 9962 32766 32766 -11 39 -67 28 51 326 0 32 32766 38 63 13 32766 32766 91 
54161 1973 11 5 9926 32766 32766 -4 64 -55 25 44 321 0 32 32766 45 90 12 32766 32766 85 
54161 1973 11 6 9886 32766 32766 12 77 -47 29 46 324 0 31 32766 50 83 12 32766 32766 90 
54161 1973 11 7 9842 32766 32766 67 137 5 49 49 341 0 80 32766 80 163 11 32766 32766 76 
54161 1973 11 8 9825 32766 32766 86 134 28 70 64 347 0 58 32766 70 120 10 32766 32766 25 
54161 1973 11 9 9728 32766 32766 40 118 -51 73 87 374 30027 35 32766 75 150 8 32766 32766 0 
54161 1973 11 10 9765 32766 32766 -79 -38 -101 24 70 359 31005 19 32766 100 163 12 32766 32766 62 
54161 1973 11 11 9865 32766 32766 -71 -32 -96 26 72 355 31001 15 32766 60 97 12 32766 32766 62 
54161 1973 11 12 9933 32766 32766 -45 20 -96 35 78 358 0 15 32766 40 60 12 32766 32766 86 
54161 1973 11 13 9909 32766 32766 0 69 -69 41 70 341 0 21 32766 48 120 11 32766 32766 80 
54161 1973 11 14 9891 32766 32766 -6 42 -58 46 80 355 0 13 32766 40 77 12 32766 32766 84 
54161 1973 11 15 9792 32766 32766 4 40 -40 45 72 358 0 18 32766 45 77 11 32766 32766 21 
54161 1973 11 16 9808 32766 32766 -28 7 -58 44 88 378 31001 9 32766 23 60 16 32766 32766 28 
54161 1973 11 17 9870 32766 32766 -86 -35 -139 27 81 368 31011 10 32766 45 100 16 32766 32766 34 
54161 1973 11 18 9863 32766 32766 -105 -62 -143 20 73 354 0 9 32766 48 90 16 32766 32766 66 
54161 1973 11 19 9915 32766 32766 -148 -107 -203 12 61 339 0 8 32766 48 60 16 32766 32766 76 
54161 1973 11 20 9899 32766 32766 -111 -73 -149 20 73 364 31001 8 32766 30 57 14 32766 32766 30 
54161 1973 11 21 9942 32766 32766 -130 -79 -166 17 75 354 0 8 32766 35 60 16 32766 32766 85 
54161 1973 11 22 9921 32766 32766 -62 -2 -155 29 70 357 0 16 32766 53 110 11 32766 32766 69 
54161 1973 11 23 9882 32766 32766 35 78 -38 59 78 356 0 16 32766 83 203 11 32766 32766 43 
54161 1973 11 24 9915 32766 32766 -26 62 -74 34 64 348 32700 44 32766 73 140 12 32766 32766 70 
54161 1973 11 25 9962 32766 32766 -68 -16 -133 18 53 336 0 24 32766 55 110 11 32766 32766 82 
54161 1973 11 26 9798 32766 32766 -15 43 -61 27 51 326 0 42 32766 73 180 11 32766 32766 78 
54161 1973 11 27 9900 32766 32766 -102 -40 -133 18 63 346 32700 13 32766 45 83 15 32766 32766 27 
54161 1973 11 28 9947 32766 32766 -97 -37 -161 18 64 340 0 10 32766 28 50 13 32766 32766 0 
54161 1973 11 29 9859 32766 32766 -76 -5 -137 28 81 366 31005 9 32766 38 90 16 32766 32766 29 
54161 1973 11 30 9888 32766 32766 -103 -32 -156 22 78 362 31001 10 32766 48 93 10 32766 32766 70 
54161 1973 12 1 9789 32766 32766 -26 28 -107 29 56 353 0 31 32766 90 190 11 32766 32766 49 
54161 1973 12 2 9853 32766 32766 -96 -37 -143 14 48 332 0 23 32766 48 73 13 32766 32766 80 
54161 1973 12 3 9879 32766 32766 -144 -102 -171 11 56 333 0 9 32766 48 80 15 32766 32766 73 
54161 1973 12 4 9917 32766 32766 -159 -111 -205 9 53 331 0 9 32766 58 100 10 32766 32766 71 
54161 1973 12 5 9857 32766 32766 -129 -71 -187 11 48 339 0 22 32766 88 167 11 32766 32766 78 
54161 1973 12 6 9903 32766 32766 -195 -146 -230 8 63 338 0 7 32766 20 67 13 32766 32766 55 
54161 1973 12 7 9930 32766 32766 -156 -102 -203 9 50 333 0 11 32766 45 97 12 32766 32766 79 
54161 1973 12 8 9961 32766 32766 -137 -74 -199 12 59 334 0 13 32766 35 83 11 32766 32766 79 
54161 1973 12 9 9913 32766 32766 -108 -54 -147 16 61 346 32700 18 32766 43 110 11 32766 32766 75 
54161 1973 12 10 9928 32766 32766 -115 -46 -178 15 63 336 0 11 32766 38 70 12 32766 32766 78 
54161 1973 12 11 9874 32766 32766 -67 2 -112 24 66 350 0 27 32766 48 127 11 32766 32766 36 
54161 1973 12 12 9942 32766 32766 -106 -51 -147 19 72 347 32700 9 32766 23 53 13 32766 32766 64 
54161 1973 12 13 9918 32766 32766 -75 2 -139 20 58 338 0 20 32766 63 117 11 32766 32766 77 
54161 1973 12 14 9879 32766 32766 -64 0 -116 24 65 338 0 18 32766 38 60 12 32766 32766 76 
54161 1973 12 15 9918 32766 32766 -92 -57 -136 19 60 344 32700 11 32766 38 60 2 32766 32766 63 
54161 1973 12 16 9930 32766 32766 -123 -62 -173 14 58 342 0 8 32766 23 50 16 32766 32766 71 
54161 1973 12 17 9913 32766 32766 -104 -26 -176 17 60 336 0 12 32766 35 67 11 32766 32766 62 
54161 1973 12 18 9910 32766 32766 -94 -64 -141 22 73 352 31001 8 32766 43 80 10 32766 32766 67 
54161 1973 12 19 9867 32766 32766 -58 -3 -108 21 53 338 0 22 32766 63 107 11 32766 32766 51 
54161 1973 12 20 9864 32766 32766 -50 22 -92 29 68 352 32700 14 32766 38 77 11 32766 32766 0 
54161 1973 12 21 9893 32766 32766 -160 -64 -213 11 58 342 31007 14 32766 65 100 16 32766 32766 64 
54161 1973 12 22 9887 32766 32766 -228 -181 -271 6 62 343 0 5 32766 18 50 15 32766 32766 72 
54161 1973 12 23 9962 32766 32766 -236 -198 -282 7 67 361 32700 4 32766 60 100 16 32766 32766 0 
54161 1973 12 24 10038 32766 32766 -201 -145 -245 8 64 349 0 5 32766 40 57 11 32766 32766 71 
54161 1973 12 25 10010 32766 32766 -144 -85 -202 11 54 345 0 9 32766 50 73 11 32766 32766 72 
54161 1973 12 26 9944 32766 32766 -86 -12 -152 20 56 349 0 18 32766 63 110 11 32766 32766 70 
54161 1973 12 27 9930 32766 32766 -124 -41 -181 19 80 360 0 9 32766 35 83 11 32766 32766 60 
54161 1973 12 28 9948 32766 32766 -163 -101 -232 13 73 356 31001 5 32766 50 83 12 32766 32766 73 
54161 1973 12 29 9902 32766 32766 -139 -89 -170 12 60 341 0 10 32766 48 87 12 32766 32766 70 
54161 1973 12 30 9836 32766 32766 -111 -48 -174 15 58 337 0 18 32766 70 147 11 32766 32766 35 
54161 1973 12 31 9813 32766 32766 -110 -47 -171 18 67 345 0 12 32766 40 80 11 32766 32766 77 
54161 1974 1 1 9806 32766 32766 -37 35 -88 24 53 336 0 25 32766 80 150 12 32766 32766 74 
54161 1974 1 2 9897 32766 32766 -69 3 -134 21 61 341 0 15 32766 35 53 11 32766 32766 77 
54161 1974 1 3 9933 32766 32766 -58 27 -116 25 61 346 0 20 32766 45 80 12 32766 32766 75 
