V01000 V04001 V04002 V04003 V10004 V10201 V10202 V12001 V12052 V12053 V13004 V13003 V13007 V13201 V13241 V13242 V11002 V11042 V11212 V11041 V11043 V14032
54823 2007 1 8 10119 10151 10103 -14 47 -63 17 32 18 0 26 32766 33 59 5 104 4 87 
54823 2007 1 9 10059 10108 10032 14 71 -16 20 30 19 0 26 32766 33 62 10 105 10 66 
54823 2007 1 10 10090 10111 10055 1 51 -39 34 56 36 0 15 32766 28 46 5 67 4 59 
54823 2007 1 11 10133 10150 10106 -20 4 -33 38 71 42 0 13 32766 31 55 5 80 5 0 
54823 2007 1 12 10135 10153 10116 -28 35 -73 20 42 25 0 12 32766 15 34 5 45 5 79 
54823 2007 1 13 10118 10135 10099 -18 66 -64 20 41 14 0 14 32766 30 36 7 44 7 83 
54823 2007 1 14 10088 10114 10061 15 76 -37 22 33 18 0 20 32766 25 48 12 72 11 61 
54823 2007 1 15 10060 10078 10039 17 58 -18 28 41 31 0 15 32766 15 37 7 48 10 21 
54823 2007 1 16 10065 10085 10053 2 51 -28 33 54 33 0 12 32766 22 33 7 43 1 0 
54823 2007 1 17 10060 10073 10046 7 76 -34 30 49 23 0 15 32766 22 37 12 63 12 65 
54823 2007 1 18 10093 10110 10063 11 87 -33 26 42 22 0 20 32766 25 38 7 51 4 69 
54823 2007 1 19 10065 10100 10047 20 81 -19 28 40 27 0 15 32766 31 42 9 68 12 0 
54823 2007 1 20 10066 10078 10053 41 114 6 40 51 25 0 27 32766 22 46 13 76 13 75 
54823 2007 1 21 10101 10122 10076 19 52 -14 41 59 41 0 18 32766 30 52 4 83 4 14 
54823 2007 1 22 10128 10146 10103 1 60 -39 27 45 25 0 20 32766 26 87 5 132 5 79 
54823 2007 1 23 10110 10123 10100 -2 40 -20 32 54 37 0 11 32766 15 34 5 48 5 0 
54823 2007 1 24 10099 10119 10079 -4 62 -53 29 51 25 0 16 32766 18 37 16 56 16 65 
54823 2007 1 25 10043 10089 10004 23 65 -5 43 60 42 32700 18 32766 26 66 9 113 8 0 
54823 2007 1 26 10074 10101 10043 -11 32 -46 31 59 24 0 17 32766 16 37 15 57 15 69 
54823 2007 1 27 10080 10115 10050 1 44 -30 24 39 24 0 18 32766 24 47 1 79 2 64 
54823 2007 1 28 10078 10121 10034 -5 59 -56 21 38 20 0 27 32766 29 43 9 71 13 84 
54823 2007 1 29 10002 10046 9975 64 118 21 27 28 20 0 40 32766 61 88 9 138 9 85 
54823 2007 1 30 10074 10103 10044 17 79 -36 12 18 9 0 36 32766 25 79 4 111 4 91 
54823 2007 1 31 10087 10142 10019 20 51 -19 22 31 18 0 37 32766 42 70 1 122 2 71 
54823 2007 2 1 10114 10146 10092 -13 66 -74 12 21 11 0 24 32766 27 48 5 82 5 86 
54823 2007 2 2 10062 10106 10010 46 113 -23 19 23 13 0 40 32766 49 98 9 148 9 85 
54823 2007 2 3 10013 10044 9972 66 107 27 30 31 18 0 52 32766 41 115 9 182 9 80 
54823 2007 2 4 9994 10046 9951 81 145 8 33 29 20 0 42 32766 36 74 9 135 11 77 
54823 2007 2 5 9955 9984 9937 116 169 66 57 44 31 0 43 32766 41 80 9 133 9 59 
54823 2007 2 6 10019 10035 9984 52 112 26 64 73 47 0 21 32766 16 52 5 84 4 57 
54823 2007 2 7 10038 10051 10021 27 54 1 66 89 75 9 2 32766 13 33 6 41 2 0 
54823 2007 2 8 10039 10055 10023 22 43 8 67 94 84 9 4 32766 15 30 1 45 16 0 
54823 2007 2 9 10001 10037 9971 53 125 -9 53 67 30 0 29 32766 31 48 13 85 12 84 
54823 2007 2 10 10040 10059 9985 44 91 13 25 30 18 0 42 32766 42 70 4 140 5 95 
54823 2007 2 11 10005 10045 9967 54 117 -8 28 32 19 0 36 32766 37 49 10 83 10 92 
54823 2007 2 12 9937 9976 9915 103 161 61 68 54 32 0 52 32766 34 53 9 85 8 59 
54823 2007 2 13 9946 9983 9904 104 141 82 57 47 21 0 31 32766 42 73 8 119 15 18 
54823 2007 2 14 10063 10089 9983 13 102 -18 15 23 13 0 43 32766 46 89 4 136 2 95 
54823 2007 2 15 10003 10053 9970 53 114 -15 22 24 16 0 29 32766 28 55 7 71 7 69 
54823 2007 2 16 9976 9990 9959 66 104 31 36 38 28 0 23 32766 16 41 8 52 8 0 
54823 2007 2 17 9983 9993 9969 69 108 32 49 49 37 0 26 32766 25 56 4 92 3 18 
54823 2007 2 18 9990 10001 9978 50 112 5 58 70 40 0 19 32766 14 49 4 62 5 0 
54823 2007 2 19 9969 9993 9942 81 130 32 56 52 40 0 32 32766 29 59 12 102 11 29 
54823 2007 2 20 9969 9983 9947 105 155 73 76 61 43 32700 32 32766 36 68 9 126 8 70 
54823 2007 2 21 9974 10002 9942 121 171 77 74 55 28 0 41 32766 55 78 9 111 10 58 
54823 2007 2 22 9945 9969 9913 115 150 89 58 44 17 0 47 32766 38 91 8 136 8 83 
54823 2007 2 23 9998 10015 9968 94 161 31 25 23 8 0 46 32766 28 55 7 87 7 80 
54823 2007 2 24 9990 10018 9955 64 110 37 64 68 27 76 22 32766 40 93 8 129 8 0 
54823 2007 2 25 9990 10013 9974 81 164 15 69 68 37 0 29 32766 41 93 9 126 9 83 
54823 2007 2 26 9998 10010 9975 120 181 75 63 47 28 0 48 32766 46 106 8 152 8 89 
54823 2007 2 27 10045 10068 10007 95 154 45 72 62 38 0 37 32766 24 53 5 81 5 69 
54823 2007 2 28 10035 10061 10007 82 119 48 71 66 42 0 14 32766 15 45 7 67 6 0 
54823 2007 3 1 9982 10019 9968 74 102 64 101 98 44 38 4 32766 20 53 6 83 5 0 
54823 2007 3 2 10003 10017 9989 70 97 57 100 99 89 9 7 32766 23 39 5 63 5 0 
54823 2007 3 3 9968 10014 9912 49 78 40 85 98 93 197 2 32766 34 78 5 114 4 0 
54823 2007 3 4 9940 10014 9883 5 42 -7 64 100 100 220 5 32766 47 69 2 109 1 0 
54823 2007 3 5 10112 10137 10014 -34 -5 -53 23 49 27 4 30 32766 47 82 2 147 4 94 
54823 2007 3 6 10100 10146 10052 -22 38 -79 18 35 15 0 18 32766 23 47 4 77 3 93 
54823 2007 3 7 10033 10058 10010 14 67 -29 35 53 31 0 19 32766 21 36 11 58 14 85 
54823 2007 3 8 10013 10033 9987 43 108 -16 35 45 20 0 34 32766 26 59 10 94 12 82 
54823 2007 3 9 9975 10008 9943 97 148 51 54 46 31 0 52 32766 58 86 8 133 7 68 
54823 2007 3 10 10045 10073 9960 47 111 19 34 37 22 0 44 32766 37 86 9 130 2 80 
54823 2007 3 11 10053 10077 10019 39 105 -25 23 30 17 0 43 32766 31 68 11 100 12 95 
54823 2007 3 12 9999 10038 9967 59 99 28 36 39 26 0 39 32766 27 50 10 85 11 10 
54823 2007 3 13 9977 9992 9961 86 133 38 59 53 32 0 29 32766 23 51 9 87 11 36 
54823 2007 3 14 9977 9986 9960 100 146 66 77 63 45 0 27 32766 15 44 5 68 5 8 
54823 2007 3 15 10001 10017 9981 90 143 50 86 77 54 2 25 32766 20 56 3 90 5 0 
54823 2007 3 16 10062 10079 10017 70 91 53 59 60 37 32700 19 32766 19 45 5 69 5 0 
54823 2007 3 17 10074 10086 10051 81 122 52 47 45 30 0 26 32766 15 45 5 58 5 0 
54823 2007 3 18 10042 10067 10017 76 116 39 56 53 40 2 21 32766 17 39 9 68 9 0 
54823 2007 3 19 10044 10057 10032 85 138 44 62 58 35 0 30 32766 22 43 12 74 13 0 
54823 2007 3 20 10023 10054 9992 105 154 40 72 60 37 0 46 32766 33 62 12 104 11 48 
54823 2007 3 21 9998 10007 9983 131 193 95 68 46 30 0 63 32766 40 76 9 116 9 77 
54823 2007 3 22 9997 10020 9959 150 211 95 76 47 26 0 58 32766 19 57 10 93 12 85 
54823 2007 3 23 9919 9978 9881 142 166 121 107 66 36 32700 31 32766 33 68 8 112 10 0 
54823 2007 3 24 9902 9922 9885 131 185 93 91 65 21 0 47 32766 24 72 5 109 5 83 
54823 2007 3 25 9894 9915 9864 165 244 88 53 28 11 0 79 32766 34 64 13 105 11 97 
54823 2007 3 26 9878 9889 9869 189 241 160 80 38 20 0 75 32766 34 71 10 126 11 74 
54823 2007 3 27 9910 9938 9883 161 222 119 57 33 12 0 79 32766 26 94 5 140 5 91 
54823 2007 3 28 9885 9914 9820 115 200 75 84 63 39 32700 55 32766 25 90 9 145 10 75 
54823 2007 3 29 9834 9890 9780 167 215 118 81 43 28 0 88 32766 67 128 8 185 8 91 
54823 2007 3 30 9888 9919 9842 114 163 70 102 76 51 2 23 32766 14 54 5 83 5 8 
54823 2007 3 31 9882 9905 9855 141 205 79 77 56 13 0 56 32766 31 50 2 83 2 79 
54823 2007 4 1 9943 9984 9904 143 199 120 55 34 17 0 32766 42 43 76 15 115 16 41 
54823 2007 4 2 10055 10075 9983 88 123 56 36 32 15 0 32766 37 33 70 16 117 15 94 
54823 2007 4 3 10053 10088 10016 93 156 10 31 28 14 0 32766 34 25 55 15 97 14 102 
54823 2007 4 4 10023 10041 9991 153 216 88 37 22 10 0 32766 40 37 60 12 97 11 100 
54823 2007 4 5 9990 10019 9967 145 184 121 63 39 25 0 32766 56 63 105 9 170 9 30 
54823 2007 4 6 10007 10026 9994 149 210 106 64 41 17 0 32766 46 28 53 9 85 9 101 
54823 2007 4 7 10004 10020 9992 149 187 117 60 37 18 0 32766 43 44 66 6 106 1 92 
54823 2007 4 8 10014 10036 9987 136 200 70 47 32 14 0 32766 31 27 55 13 94 14 105 
54823 2007 4 9 9958 9997 9925 181 237 134 66 32 23 0 32766 53 71 103 10 169 9 104 
54823 2007 4 10 9959 9975 9938 167 210 128 88 47 32 0 32766 31 28 96 9 149 11 80 
54823 2007 4 11 9926 9963 9889 189 245 119 120 56 35 0 32766 40 38 73 10 132 9 71 
54823 2007 4 12 9891 9930 9865 152 220 107 128 76 46 24 32766 23 45 117 8 222 14 0 
54823 2007 4 13 9954 9977 9929 127 192 74 87 62 33 0 32766 29 25 44 5 82 5 90 
54823 2007 4 14 9904 9942 9888 161 202 121 92 49 35 0 32766 50 49 90 5 129 11 66 
54823 2007 4 15 9917 9935 9894 77 123 51 74 74 30 156 32766 31 34 88 5 124 5 0 
54823 2007 4 16 9938 9948 9923 100 171 32 73 65 29 0 32766 13 24 42 15 69 14 99 
54823 2007 4 17 9946 9969 9921 133 201 79 77 53 28 0 32766 32 23 68 15 106 15 75 
54823 2007 4 18 9886 9940 9842 159 218 107 104 60 33 0 32766 40 64 99 9 179 8 105 
54823 2007 4 19 9829 9868 9792 215 267 171 137 55 34 0 32766 45 104 140 8 198 8 88 
54823 2007 4 20 9861 9882 9803 236 269 196 117 41 14 0 32766 31 42 139 9 182 9 94 
54823 2007 4 21 9880 9910 9852 200 275 153 130 56 26 0 32766 33 44 95 8 143 8 65 
54823 2007 4 22 9966 9987 9910 156 191 124 71 42 19 0 32766 70 45 88 5 134 4 51 
54823 2007 4 23 9983 10001 9964 144 201 78 56 35 23 0 32766 46 21 59 5 91 4 77 
54823 2007 4 24 9939 9987 9910 153 215 117 86 51 32 32700 32766 30 18 52 14 81 14 92 
54823 2007 4 25 9927 9940 9909 201 270 152 62 28 10 0 32766 61 33 54 11 96 11 114 
54823 2007 4 26 9958 9977 9927 218 279 174 65 27 12 0 32766 62 36 61 11 107 10 84 
54823 2007 4 27 10000 10015 9977 169 223 115 89 47 34 0 32766 50 21 52 5 79 5 77 
54823 2007 4 28 10002 10022 9977 209 279 138 109 46 21 0 32766 60 27 45 12 78 11 92 
54823 2007 4 29 9956 9993 9924 231 285 185 118 44 22 0 32766 62 44 57 11 94 10 104 
54823 2007 4 30 9891 9937 9848 179 225 144 122 60 46 0 32766 55 36 85 8 133 9 55 
54823 2007 5 1 9930 9953 9897 163 231 112 111 63 31 32700 32766 32 23 46 6 74 1 57 
54823 2007 5 2 9890 9925 9856 223 290 164 102 39 20 0 32766 68 39 67 11 118 10 118 
54823 2007 5 3 9884 9900 9872 236 282 201 117 41 27 32700 32766 36 29 63 9 110 8 35 
54823 2007 5 4 9859 9893 9822 262 337 202 103 33 9 0 32766 63 46 65 13 106 13 112 
54823 2007 5 5 9862 9888 9817 230 269 190 126 46 20 0 32766 77 53 78 4 133 3 77 
54823 2007 5 6 9885 9909 9857 227 301 132 84 32 15 0 32766 67 27 50 5 83 13 119 
54823 2007 5 7 9851 9872 9829 260 325 220 110 34 19 0 32766 80 34 84 9 127 9 103 
54823 2007 5 8 9869 9889 9842 264 334 216 155 47 24 0 32766 49 36 62 12 97 11 85 
54823 2007 5 9 9956 9981 9860 152 231 91 96 58 34 158 32766 76 46 83 4 143 3 82 
54823 2007 5 10 9953 9986 9906 195 276 105 87 43 14 0 32766 45 40 59 7 93 10 116 
54823 2007 5 11 9909 9921 9892 178 229 160 172 84 22 58 32766 29 33 86 8 134 10 10 
54823 2007 5 12 9933 9955 9913 215 265 166 84 35 14 0 32766 50 44 64 15 112 15 123 
54823 2007 5 13 9885 9932 9849 247 299 192 70 23 14 0 32766 86 60 86 11 147 11 122 
54823 2007 5 14 9872 9886 9857 264 326 209 139 41 23 0 32766 57 28 73 9 123 9 112 
54823 2007 5 15 9832 9883 9789 263 308 242 163 49 30 0 32766 76 79 133 8 202 8 75 
54823 2007 5 16 9824 9840 9798 226 276 204 109 42 18 0 32766 75 53 126 8 179 10 110 
54823 2007 5 17 9806 9833 9777 244 284 210 65 22 14 0 32766 86 61 89 9 141 1 112 
54823 2007 5 18 9893 9907 9828 185 237 146 72 34 18 0 32766 80 37 64 6 123 2 118 
54823 2007 5 19 9905 9929 9871 216 292 139 67 28 13 0 32766 52 30 49 11 83 11 122 
54823 2007 5 20 9848 9885 9817 245 319 202 139 47 25 82 32766 84 57 86 9 128 9 79 
54823 2007 5 21 9864 9885 9847 199 223 182 223 96 72 82 32766 10 15 106 6 154 5 0 
54823 2007 5 22 9813 9855 9784 229 265 192 238 86 66 22 32766 6 49 93 8 121 9 0 
54823 2007 5 23 9807 9815 9787 189 251 170 210 96 78 59 32766 26 15 91 8 127 8 0 
54823 2007 5 24 9823 9841 9804 222 280 174 169 68 32 0 32766 30 18 35 13 57 13 81 
54823 2007 5 25 9824 9831 9812 277 331 192 107 31 14 0 32766 61 37 67 14 107 14 110 
54823 2007 5 26 9825 9841 9809 313 363 257 103 23 17 0 32766 83 37 62 9 106 8 98 
54823 2007 5 27 9827 9837 9818 310 373 278 149 33 14 0 32766 76 41 60 10 93 10 109 
54823 2007 5 28 9861 9871 9837 257 326 211 182 57 27 0 32766 52 23 49 3 85 6 105 
54823 2007 5 29 9904 9922 9853 264 322 199 114 35 16 0 32766 87 40 69 5 104 5 106 
54823 2007 5 30 9894 9911 9868 269 340 227 104 30 15 1 32766 71 47 69 7 95 8 42 
54823 2007 5 31 9880 9900 9869 207 256 164 149 63 37 97 32766 37 35 99 8 137 8 0 
54823 2007 6 1 9868 9881 9850 204 264 171 181 77 51 1 32766 28 31 60 8 82 8 34 
54823 2007 6 2 9879 9893 9858 234 298 176 174 62 42 0 32766 47 30 63 8 87 9 107 
54823 2007 6 3 9889 9902 9870 241 305 184 180 61 38 0 32766 42 28 58 8 89 7 88 
54823 2007 6 4 9889 9910 9867 262 313 205 202 60 42 0 32766 57 26 62 8 107 7 23 
54823 2007 6 5 9869 9884 9847 276 342 215 188 53 30 0 32766 62 24 43 11 68 11 99 
54823 2007 6 6 9858 9871 9838 293 347 250 172 43 26 0 32766 70 41 64 10 101 10 31 
54823 2007 6 7 9857 9869 9840 311 380 261 145 34 14 0 32766 90 37 69 9 119 9 86 
54823 2007 6 8 9879 9895 9856 316 385 259 156 35 16 0 32766 73 25 46 5 67 5 90 
54823 2007 6 9 9896 9910 9876 306 375 241 124 29 16 0 32766 59 39 82 5 129 5 106 
54823 2007 6 10 9894 9915 9869 287 340 231 127 33 22 0 32766 66 39 57 7 83 8 43 
54823 2007 6 11 9876 9892 9852 262 310 217 150 44 22 0 32766 70 36 81 8 105 7 0 
54823 2007 6 12 9861 9878 9836 271 338 220 181 52 22 0 32766 67 34 66 8 98 8 0 
54823 2007 6 13 9860 9875 9837 266 323 223 162 48 25 0 32766 62 31 78 8 104 8 19 
54823 2007 6 14 9876 9888 9860 258 324 202 145 47 20 0 32766 76 35 60 4 101 5 92 
54823 2007 6 15 9878 9893 9861 270 339 197 138 40 21 0 32766 61 27 62 8 90 8 78 
54823 2007 6 16 9889 9907 9873 279 336 226 146 40 27 0 32766 80 19 88 8 119 8 82 
54823 2007 6 17 9887 9905 9868 276 322 227 182 50 37 0 32766 60 32 55 8 80 5 36 
54823 2007 6 18 9882 9902 9865 281 328 238 159 42 30 0 32766 59 20 46 4 79 4 7 
54823 2007 6 19 9899 9915 9869 243 282 190 172 57 35 8 32766 39 28 63 8 87 8 0 
54823 2007 6 20 9883 9904 9865 205 244 196 238 99 64 216 32766 7 22 43 5 69 5 0 
54823 2007 6 21 9865 9881 9859 208 232 196 239 97 87 71 32766 6 21 35 4 59 2 0 
54823 2007 6 22 9864 9877 9851 222 273 198 251 94 63 35 32766 17 15 34 12 54 11 23 
54823 2007 6 23 9835 9864 9812 241 292 208 252 85 64 27 32766 25 15 34 9 55 8 28 
54823 2007 6 24 9816 9829 9801 257 311 226 250 77 44 2 32766 30 25 41 16 70 15 66 
54823 2007 6 25 9808 9830 9780 282 349 204 213 59 34 0 32766 51 32 68 8 97 8 89 
54823 2007 6 26 9805 9831 9784 307 355 247 258 59 36 0 32766 47 45 73 8 106 8 50 
54823 2007 6 27 9794 9815 9767 244 303 202 270 89 67 126 32766 25 40 80 6 126 7 0 
54823 2007 6 28 9817 9826 9789 252 317 204 253 81 49 13 32766 43 19 40 16 83 1 82 
54823 2007 6 29 9844 9867 9818 275 342 222 272 76 52 210 32766 31 24 70 1 136 2 0 
54823 2007 6 30 9818 9865 9793 244 277 222 285 94 77 93 32766 36 25 69 6 96 5 0 
54823 2007 7 1 9822 9841 9802 221 252 209 252 95 77 24 32766 32 28 48 16 85 3 0 
54823 2007 7 2 9842 9858 9824 252 313 195 241 77 50 0 32766 45 27 46 4 71 4 97 
54823 2007 7 3 9821 9835 9804 261 313 245 249 74 56 32700 32766 29 26 39 7 56 10 7 
54823 2007 7 4 9818 9826 9806 278 332 221 234 65 37 0 32766 47 24 52 12 86 12 67 
54823 2007 7 5 9821 9835 9805 278 331 219 259 71 41 0 32766 39 25 54 8 71 7 57 
54823 2007 7 6 9822 9836 9808 275 337 223 246 70 43 0 32766 26 17 43 11 59 11 22 
54823 2007 7 7 9822 9837 9798 270 327 227 255 72 53 0 32766 39 27 49 12 76 13 76 
54823 2007 7 8 9799 9825 9775 272 338 222 247 70 26 0 32766 48 20 51 9 76 11 60 
54823 2007 7 9 9772 9815 9749 277 335 226 256 70 48 0 32766 32 25 50 7 78 7 45 
54823 2007 7 10 9779 9789 9767 294 343 253 235 59 33 0 32766 62 25 49 16 77 15 109 
54823 2007 7 11 9799 9820 9782 261 350 241 240 71 44 59 32766 49 32 99 5 145 5 41 
54823 2007 7 12 9843 9854 9819 262 322 200 243 74 50 0 32766 50 14 50 5 71 7 64 
54823 2007 7 13 9844 9860 9832 263 300 234 273 81 63 33 32766 23 20 67 7 105 8 0 
54823 2007 7 14 9827 9846 9804 262 303 220 266 80 58 0 32766 31 18 38 4 57 4 0 
54823 2007 7 15 9813 9831 9801 243 276 198 264 88 69 146 32766 17 19 48 7 72 12 0 
54823 2007 7 16 9807 9819 9787 263 316 210 247 74 47 0 32766 52 25 52 12 79 15 91 
54823 2007 7 17 9792 9808 9772 299 351 254 305 73 52 0 32766 62 29 59 8 89 11 88 
54823 2007 7 18 9759 9784 9716 294 350 245 325 81 61 1438 32766 52 44 82 9 134 10 51 
54823 2007 7 19 9814 9844 9750 249 292 221 260 84 59 78 32766 27 42 71 5 110 3 0 
54823 2007 7 20 9850 9861 9843 232 274 199 170 60 46 6 32766 29 18 42 5 58 4 0 
54823 2007 7 21 9854 9862 9836 242 297 198 188 63 49 32700 32766 41 20 59 8 77 8 76 
54823 2007 7 22 9874 9884 9859 251 288 217 243 77 59 0 32766 35 24 35 5 52 5 0 
54823 2007 7 23 9878 9888 9864 260 305 202 193 60 32 0 32766 41 29 47 5 72 2 112 
54823 2007 7 24 9880 9887 9869 246 275 211 260 85 63 32700 32766 19 15 27 6 37 5 0 
54823 2007 7 25 9876 9890 9859 245 270 223 279 91 74 1 32766 3 15 44 9 64 8 0 
54823 2007 7 26 9870 9878 9861 252 289 230 279 88 69 4 32766 19 20 40 13 66 13 0 
54823 2007 7 27 9874 9889 9856 291 343 235 281 71 51 0 32766 39 31 53 12 92 10 89 
54823 2007 7 28 9877 9886 9859 301 360 239 278 67 41 0 32766 59 29 61 12 109 13 94 
54823 2007 7 29 9890 9926 9874 277 334 226 308 84 61 270 32766 31 20 74 15 121 14 4 
54823 2007 7 30 9874 9897 9846 305 361 249 315 73 49 0 32766 30 29 56 8 79 8 41 
54823 2007 7 31 9815 9857 9785 274 329 229 308 86 63 355 32766 41 47 96 8 173 9 82 
54823 2007 8 1 9801 9813 9784 304 354 276 340 79 58 32700 32766 32 33 52 10 89 11 28 
54823 2007 8 2 9853 9881 9813 232 286 214 258 91 75 112 32766 23 48 73 6 131 3 0 
54823 2007 8 3 9856 9872 9842 245 292 215 225 74 50 32700 32766 54 29 69 5 103 5 55 
54823 2007 8 4 9851 9858 9840 260 324 202 247 75 47 0 32766 39 16 30 6 41 1 6 
54823 2007 8 5 9865 9880 9850 268 327 221 279 80 50 0 32766 27 24 35 6 50 5 46 
54823 2007 8 6 9870 9885 9850 271 303 237 289 81 63 0 32766 15 15 51 8 66 8 0 
54823 2007 8 7 9829 9871 9803 247 292 240 307 99 82 163 32766 7 28 56 15 85 14 7 
54823 2007 8 8 9826 9837 9815 283 331 233 311 82 62 0 32766 25 29 56 12 88 12 72 
54823 2007 8 9 9845 9855 9825 298 348 271 326 78 62 0 32766 41 37 81 6 121 6 26 
54823 2007 8 10 9831 9887 9818 226 271 210 268 98 69 1156 32766 18 31 105 7 133 7 0 
54823 2007 8 11 9816 9834 9802 252 308 211 276 87 62 0 32766 19 23 62 5 90 4 84 
54823 2007 8 12 9792 9808 9775 252 304 206 245 78 54 0 32766 31 22 47 3 75 3 102 
54823 2007 8 13 9810 9819 9794 263 320 212 249 75 47 0 32766 28 25 37 6 59 3 82 
54823 2007 8 14 9836 9844 9812 259 316 218 264 80 52 32700 32766 30 20 35 6 47 15 33 
54823 2007 8 15 9874 9890 9844 252 293 225 272 86 65 4 32766 19 21 36 6 45 7 0 
54823 2007 8 16 9905 9915 9889 218 244 209 260 100 94 175 32766 2 25 56 5 90 5 0 
54823 2007 8 17 9905 9918 9893 219 227 211 262 100 100 193 32766 15 20 31 5 39 3 0 
54823 2007 8 18 9889 9904 9868 250 302 221 282 90 64 41 32766 13 18 29 5 47 2 18 
54823 2007 8 19 9885 9897 9875 253 297 225 292 92 73 0 32766 14 21 34 2 53 3 8 
54823 2007 8 20 9873 9890 9853 275 332 238 326 90 63 0 32766 16 16 31 6 48 1 22 
54823 2007 8 21 9861 9872 9847 288 333 243 330 84 64 0 32766 30 39 55 5 85 5 63 
54823 2007 8 22 9891 9905 9861 277 323 248 254 70 38 0 32766 35 38 76 5 116 5 115 
54823 2007 8 23 9906 9919 9894 264 322 205 221 65 46 0 32766 47 17 52 5 72 5 57 
54823 2007 8 24 9915 9925 9903 293 348 249 318 79 57 0 32766 12 25 46 8 66 14 78 
54823 2007 8 25 9935 9949 9915 265 305 258 335 97 78 21 32766 20 17 59 4 90 5 0 
54823 2007 8 26 9925 9937 9908 279 344 245 301 83 51 150 32766 30 28 50 1 72 2 73 
54823 2007 8 27 9937 9947 9923 224 248 213 263 97 93 8 32766 26 24 44 4 76 5 0 
54823 2007 8 28 9920 9939 9903 244 297 207 221 74 42 0 32766 35 37 65 5 98 6 91 
54823 2007 8 29 9908 9920 9896 224 265 202 209 77 49 1 32766 50 29 62 5 86 5 0 
54823 2007 8 30 9902 9908 9889 197 225 166 224 98 72 122 32766 6 15 48 5 59 5 0 
54823 2007 8 31 9906 9915 9898 195 218 180 206 91 72 32 32766 7 20 55 5 77 6 0 
54823 2007 9 1 9892 9913 9876 227 292 185 222 82 50 0 32766 16 19 30 16 52 1 66 
54823 2007 9 2 9895 9904 9878 243 308 187 233 79 45 0 32766 28 21 34 7 47 14 95 
54823 2007 9 3 9926 9937 9901 224 264 194 205 75 66 0 32766 20 32 72 5 121 5 0 
54823 2007 9 4 9944 9955 9928 223 278 160 178 68 40 0 32766 56 23 59 5 96 5 101 
54823 2007 9 5 9938 9949 9924 223 280 161 166 65 33 0 32766 28 24 69 5 94 5 85 
54823 2007 9 6 9920 9934 9900 218 278 161 182 71 43 0 32766 30 27 63 5 89 4 94 
54823 2007 9 7 9905 9918 9888 220 292 160 165 65 33 0 32766 36 23 39 5 65 1 85 
54823 2007 9 8 9909 9921 9893 229 302 177 168 63 28 0 32766 50 25 35 7 55 16 74 
54823 2007 9 9 9919 9929 9899 241 313 181 157 56 24 0 32766 45 23 42 12 69 10 91 
54823 2007 9 10 9924 9935 9915 247 310 198 158 52 25 0 32766 50 27 50 10 79 13 90 
54823 2007 9 11 9937 9952 9915 248 326 185 166 56 20 0 32766 48 29 41 6 63 8 92 
54823 2007 9 12 9929 9940 9911 245 315 181 178 60 32 0 32766 30 28 43 7 55 6 71 
54823 2007 9 13 9926 9935 9909 232 258 212 196 70 54 1 32766 10 18 34 6 49 11 0 
54823 2007 9 14 9906 9937 9880 205 248 179 215 90 65 24 32766 25 13 44 5 62 5 0 
54823 2007 9 15 9889 9900 9869 222 287 175 216 82 52 0 32766 15 22 33 6 42 13 35 
54823 2007 9 16 9903 9912 9887 237 303 189 217 76 44 0 32766 32 18 36 3 56 4 63 
54823 2007 9 17 9926 9940 9910 238 291 185 197 69 39 0 32766 30 19 31 6 44 16 46 
54823 2007 9 18 9910 9926 9892 221 259 193 209 80 61 6 32766 26 19 36 15 61 15 5 
54823 2007 9 19 9920 9933 9905 209 261 168 188 77 50 32700 32766 43 35 68 4 117 3 55 
54823 2007 9 20 9927 9956 9899 199 260 183 185 81 44 32700 32766 50 30 83 4 127 4 53 
54823 2007 9 21 9983 9997 9957 224 305 156 155 61 27 0 32766 38 27 39 7 55 3 103 
54823 2007 9 22 9990 10004 9975 227 295 166 147 56 28 0 32766 53 40 77 5 110 5 88 
54823 2007 9 23 9974 9992 9956 221 276 168 206 79 50 0 32766 25 26 54 5 77 5 54 
54823 2007 9 24 9968 9981 9956 225 276 178 211 79 49 0 32766 26 29 48 4 68 3 51 
54823 2007 9 25 9965 9986 9945 233 279 207 230 82 58 32700 32766 15 13 42 5 60 5 0 
54823 2007 9 26 9925 9955 9901 250 305 207 238 76 54 0 32766 28 15 36 11 53 11 0 
54823 2007 9 27 9944 9977 9905 174 252 154 189 94 77 250 32766 11 40 96 4 153 3 0 
54823 2007 9 28 10021 10041 9975 162 201 136 145 79 43 6 32766 17 26 56 5 83 5 0 
54823 2007 9 29 10045 10069 10034 141 161 125 157 98 84 124 32766 2 27 50 2 78 3 0 
54823 2007 9 30 10005 10042 9981 139 150 124 159 100 100 226 32766 0 11 29 3 45 3 0 
54823 2007 10 1 9973 9985 9963 150 159 142 171 100 100 68 32766 1 12 28 16 44 1 0 
54823 2007 10 2 9976 9986 9958 156 198 134 166 94 74 2 32766 19 11 27 14 44 15 5 
54823 2007 10 3 9977 9992 9967 182 232 139 182 88 65 32700 32766 2 15 37 7 52 5 0 
54823 2007 10 4 9983 10004 9965 187 203 172 215 100 84 62 32766 7 16 35 6 47 3 0 
54823 2007 10 5 9951 9979 9932 189 206 179 218 100 91 15 32766 3 17 42 7 59 7 0 
54823 2007 10 6 9922 9946 9907 181 210 171 208 100 100 49 32766 6 21 43 15 61 15 0 
54823 2007 10 7 9979 10018 9922 152 177 131 142 81 53 12 32766 13 36 81 4 142 4 0 
54823 2007 10 8 10033 10047 10017 139 180 109 89 56 38 0 32766 34 25 47 3 77 3 22 
54823 2007 10 9 10030 10049 10013 143 188 96 77 49 29 0 32766 30 19 38 3 62 1 0 
54823 2007 10 10 10019 10034 10008 120 152 100 98 71 48 16 32766 22 14 29 5 43 3 0 
54823 2007 10 11 10025 10044 10004 114 140 93 129 96 81 12 32766 13 14 49 7 69 7 0 
54823 2007 10 12 10073 10089 10041 132 167 92 122 81 64 0 32766 3 21 51 5 75 5 0 
54823 2007 10 13 10076 10096 10052 135 182 112 113 74 45 0 32766 16 17 35 7 45 8 5 
54823 2007 10 14 10076 10094 10060 146 200 107 87 55 24 0 32766 33 20 42 2 73 16 93 
54823 2007 10 15 10064 10081 10042 138 211 74 79 53 23 0 32766 35 23 36 7 59 15 90 
54823 2007 10 16 10045 10062 10024 145 230 88 79 53 17 0 32766 40 24 37 7 52 12 77 
54823 2007 10 17 10017 10039 9991 183 228 122 92 45 30 0 32766 38 38 70 8 109 9 71 
54823 2007 10 18 10008 10034 9987 163 204 113 101 57 36 4 32766 32 46 90 9 141 9 35 
54823 2007 10 19 10031 10049 10003 118 186 52 66 52 19 32700 32766 25 30 64 13 96 14 94 
54823 2007 10 20 10033 10054 10012 143 201 73 57 36 19 0 32766 28 30 54 5 86 4 96 
54823 2007 10 21 9970 10013 9939 175 220 133 77 38 28 0 32766 31 45 71 11 129 10 85 
54823 2007 10 22 9981 10005 9951 185 236 142 99 48 30 0 32766 24 25 58 9 92 9 67 
54823 2007 10 23 10031 10050 10005 139 196 98 134 85 65 0 32766 16 17 32 16 46 16 12 
54823 2007 10 24 10008 10034 9990 162 212 121 142 78 54 0 32766 5 39 57 8 81 8 0 
54823 2007 10 25 10009 10021 9993 162 219 140 155 86 52 30 32766 4 21 30 16 51 16 42 
54823 2007 10 26 10000 10019 9976 160 227 106 113 65 33 0 32766 28 18 45 6 58 5 38 
54823 2007 10 27 9954 9988 9926 169 197 149 137 72 52 16 32766 20 42 72 9 109 9 0 
54823 2007 10 28 10016 10057 9951 83 151 41 95 85 63 193 32766 11 41 74 14 108 14 34 
54823 2007 10 29 10056 10079 10033 82 140 19 55 54 27 0 32766 23 32 53 9 93 9 70 
54823 2007 10 30 10023 10046 9996 120 173 82 62 45 29 0 32766 30 41 67 8 113 9 76 
54823 2007 10 31 10047 10071 10012 110 133 92 93 71 40 0 32766 14 28 79 9 141 9 0 
54823 2007 11 1 10087 10112 10059 73 120 43 38 39 17 0 45 32766 30 62 14 95 14 79 
54823 2007 11 2 10012 10060 9982 107 166 44 39 32 13 0 51 32766 30 46 12 79 9 96 
54823 2007 11 3 10055 10079 10007 97 172 51 53 46 21 0 22 32766 26 40 7 54 1 87 
54823 2007 11 4 10079 10094 10062 101 170 48 61 51 27 0 36 32766 26 38 7 58 13 48 
54823 2007 11 5 10064 10079 10049 121 191 67 77 55 34 0 40 32766 27 43 8 67 7 71 
54823 2007 11 6 10049 10069 10025 128 192 71 84 60 31 0 36 32766 25 48 12 69 12 71 
54823 2007 11 7 9999 10036 9973 151 196 114 87 51 39 0 36 32766 26 48 11 73 12 74 
54823 2007 11 8 10005 10035 9978 122 162 99 107 76 54 0 11 32766 29 49 5 92 4 0 
54823 2007 11 9 10061 10078 10031 93 141 69 92 81 43 0 18 32766 22 52 5 81 5 57 
54823 2007 11 10 10071 10082 10061 72 131 32 62 64 34 0 17 32766 24 34 6 44 16 0 
54823 2007 11 11 10061 10079 10044 79 150 36 62 60 34 0 21 32766 26 35 7 42 6 72 
54823 2007 11 12 10024 10052 10001 105 145 49 63 52 35 0 24 32766 24 42 12 73 9 0 
54823 2007 11 13 10001 10017 9991 113 155 90 69 53 38 0 26 32766 20 33 7 51 8 0 
54823 2007 11 14 10010 10032 9993 118 165 88 93 67 55 0 21 32766 23 41 12 67 11 0 
54823 2007 11 15 10109 10131 10032 41 120 27 72 87 68 32700 11 32766 48 93 5 149 5 0 
54823 2007 11 16 10080 10131 10032 32 85 -12 48 67 34 0 20 32766 18 52 4 76 3 67 
54823 2007 11 17 10026 10071 9988 78 115 28 59 57 30 0 27 32766 43 69 5 106 5 29 
54823 2007 11 18 10120 10148 10071 39 84 7 27 34 18 0 33 32766 27 78 4 135 3 79 
54823 2007 11 19 10036 10103 10009 73 114 22 41 40 28 0 44 32766 50 102 10 166 9 73 
54823 2007 11 20 10039 10063 10015 79 143 20 44 42 24 0 35 32766 35 70 8 109 8 73 
54823 2007 11 21 10061 10078 10032 94 158 51 59 52 32 0 29 32766 22 45 6 53 7 71 
54823 2007 11 22 10044 10075 10013 134 176 73 72 48 30 0 39 32766 36 68 8 119 9 69 
54823 2007 11 23 10042 10059 10025 77 135 28 74 72 35 0 19 32766 25 64 5 87 5 38 
54823 2007 11 24 10045 10067 10017 63 117 -6 65 67 55 0 14 32766 18 50 5 73 11 30 
54823 2007 11 25 10023 10071 10000 119 156 81 89 65 46 32700 20 32766 40 92 9 140 9 58 
54823 2007 11 26 10106 10126 10071 35 86 9 24 32 17 0 35 32766 37 64 3 105 3 83 
54823 2007 11 27 10044 10097 10020 30 100 -9 27 37 17 0 24 32766 28 37 7 51 13 75 
54823 2007 11 28 10014 10028 9997 50 119 7 34 40 21 0 27 32766 25 34 7 50 11 78 
54823 2007 11 29 10078 10110 10028 42 92 12 50 60 31 0 21 32766 26 55 5 94 5 26 
54823 2007 11 30 10081 10112 10056 35 80 -7 53 70 50 0 14 32766 22 37 11 65 12 0 
54823 2007 12 1 10045 10060 10023 61 111 31 60 65 40 4 11 32766 21 44 8 65 7 36 
54823 2007 12 2 10041 10050 10024 35 61 15 78 99 84 82 10 32766 18 36 16 56 16 0 
54823 2007 12 3 10089 10133 10048 31 62 5 56 74 59 0 15 32766 32 60 5 93 5 13 
54823 2007 12 4 10162 10180 10133 10 71 -26 36 58 27 0 15 32766 18 49 5 72 5 65 
54823 2007 12 5 10122 10171 10076 25 80 -17 40 58 31 0 15 32766 27 45 10 81 10 62 
54823 2007 12 6 10034 10076 10016 31 53 -5 54 71 32 0 19 32766 29 72 9 115 10 0 
54823 2007 12 7 10078 10098 10056 10 72 -31 31 49 24 0 18 32766 23 32 6 54 16 76 
54823 2007 12 8 10063 10083 10047 19 89 -14 41 59 31 0 14 32766 24 33 7 42 6 42 
54823 2007 12 9 10046 10066 10025 40 86 1 44 55 38 0 16 32766 15 34 6 44 6 9 
54823 2007 12 10 9988 10032 9968 38 59 27 75 94 52 48 2 32766 21 35 7 52 3 0 
54823 2007 12 11 10018 10034 9984 27 37 16 63 84 68 0 9 32766 27 44 4 67 5 0 
54823 2007 12 12 10009 10036 9986 9 44 -11 53 82 59 0 12 32766 21 42 3 65 3 0 
54823 2007 12 13 10006 10023 9993 -9 47 -38 36 65 28 0 12 32766 27 41 14 63 14 60 
54823 2007 12 14 9981 10008 9945 33 109 -19 37 49 24 0 24 32766 29 45 11 76 10 60 
54823 2007 12 15 10052 10075 9982 19 62 -9 26 37 18 0 25 32766 33 64 5 101 5 68 
54823 2007 12 16 10051 10075 10032 36 86 -12 29 37 22 0 18 32766 26 43 7 74 11 16 
54823 2007 12 17 10037 10059 10012 35 87 -1 49 61 46 0 19 32766 21 44 11 62 11 0 
54823 2007 12 18 10039 10067 10013 42 97 -5 42 55 21 0 17 32766 13 34 7 52 10 65 
54823 2007 12 19 9976 10015 9962 43 66 8 56 68 44 0 14 32766 22 62 8 97 8 20 
54823 2007 12 20 10003 10031 9975 14 63 -1 58 86 69 0 9 32766 16 36 16 49 1 0 
54823 2007 12 21 10048 10065 10030 3 11 -7 62 100 95 0 0 32766 16 27 6 41 1 0 
54823 2007 12 22 10040 10056 10025 21 48 5 71 100 100 4 1 32766 12 41 7 56 7 0 
54823 2007 12 23 10085 10109 10046 29 73 0 59 80 36 2 14 32766 23 47 5 89 3 69 
54823 2007 12 24 10073 10092 10059 21 64 -19 43 61 44 0 12 32766 16 35 7 48 16 11 
54823 2007 12 25 10077 10090 10067 29 80 1 54 73 53 0 12 32766 20 32 6 42 1 27 
54823 2007 12 26 10080 10094 10059 33 85 -14 50 66 44 0 13 32766 19 38 6 48 7 20 
54823 2007 12 27 10033 10067 10006 45 58 37 72 86 67 14 4 32766 15 26 8 35 7 0 
54823 2007 12 28 10012 10031 9997 27 48 -14 63 83 27 32700 9 32766 23 65 15 106 15 3 
54823 2007 12 29 10021 10033 10001 -14 28 -42 20 38 15 0 21 32766 31 65 15 99 14 70 
54823 2007 12 30 10070 10091 10033 -26 13 -56 14 28 15 0 24 32766 28 64 15 92 14 83 
54823 2007 12 31 10084 10104 10070 -12 23 -54 15 27 18 0 21 32766 25 59 15 96 15 69 
54823 2008 1 1 10119 10141 10091 -36 16 -76 16 36 19 0 17 32766 22 44 3 74 4 71 
54823 2008 1 2 10083 10117 10048 -1 65 -55 18 31 16 0 20 32766 30 54 11 99 9 68 
54823 2008 1 3 10058 10078 10049 23 73 -19 27 38 26 0 24 32766 26 49 9 100 10 72 
54823 2008 1 4 10048 10074 10025 4 63 -27 33 54 34 0 13 32766 23 34 7 50 16 61 
54823 2008 1 5 10000 10038 9962 57 121 -17 29 34 17 0 27 32766 28 61 9 100 10 67 
54823 2008 1 6 9995 10018 9978 83 128 62 41 38 26 0 32 32766 22 66 4 105 12 19 
54823 2008 1 7 9999 10024 9985 35 87 0 39 52 29 0 17 32766 16 33 16 48 1 20 
