V01000 V04001 V04002 V04003 V10004 V10201 V10202 V12001 V12052 V12053 V13004 V13003 V13007 V13201 V13241 V13242 V11002 V11042 V11212 V11041 V11043 V14032
54161 2003 1 4 9972 9990 9959 -227 -185 -273 8 73 64 32700 3 32766 18 50 15 32766 32766 50 
54161 2003 1 5 10026 10041 9988 -222 -160 -265 7 68 51 0 5 32766 28 50 11 32766 32766 71 
54161 2003 1 6 10007 10044 9990 -164 -104 -208 11 60 52 0 5 32766 43 70 12 32766 32766 80 
54161 2003 1 7 9986 10007 9970 -137 -85 -189 13 59 48 0 9 32766 45 70 11 32766 32766 67 
54161 2003 1 8 9920 9970 9897 -72 -29 -117 22 60 52 0 16 32766 70 103 11 32766 32766 64 
54161 2003 1 9 9920 9941 9892 -83 -47 -126 22 67 43 0 14 32766 30 93 11 32766 32766 73 
54161 2003 1 10 9935 9955 9924 -111 -90 -141 21 78 61 3 5 32766 23 40 3 32766 32766 51 
54161 2003 1 11 9866 9924 9857 -72 -34 -136 27 76 58 0 10 32766 55 83 11 32766 32766 63 
54161 2003 1 12 9809 9861 9785 -29 9 -76 32 65 52 0 16 32766 53 100 12 32766 32766 70 
54161 2003 1 13 9900 9966 9818 -97 -26 -139 18 57 40 0 15 32766 35 73 3 32766 32766 39 
54161 2003 1 14 10015 10030 9966 -165 -116 -198 9 52 39 0 6 32766 18 27 12 32766 32766 76 
54161 2003 1 15 9959 10033 9900 -124 -64 -186 15 59 41 0 11 32766 38 73 10 32766 32766 65 
54161 2003 1 16 9909 9929 9896 -65 -40 -94 33 86 73 1 7 32766 33 73 11 32766 32766 0 
54161 2003 1 17 9998 10015 9930 -124 -87 -150 15 65 44 0 8 32766 20 33 4 32766 32766 77 
54161 2003 1 18 9969 10007 9954 -117 -52 -157 14 57 39 0 10 32766 25 67 12 32766 32766 72 
54161 2003 1 19 9924 9963 9901 -140 -73 -197 14 67 44 0 7 32766 10 30 12 32766 32766 66 
54161 2003 1 20 9923 9944 9897 -144 -103 -170 13 62 45 0 7 32766 18 43 15 32766 32766 80 
54161 2003 1 21 9889 9944 9864 -124 -76 -176 15 61 55 2 6 32766 33 50 8 32766 32766 30 
54161 2003 1 22 9886 9896 9873 -120 -70 -160 18 73 56 0 10 32766 15 40 2 32766 32766 64 
54161 2003 1 23 9894 9900 9883 -145 -98 -170 17 85 64 1 4 32766 8 30 12 32766 32766 28 
54161 2003 1 24 9950 9979 9899 -115 -44 -168 18 71 47 0 8 32766 23 40 11 32766 32766 79 
54161 2003 1 25 9988 10000 9979 -77 -26 -126 20 58 42 0 8 32766 18 27 9 32766 32766 66 
54161 2003 1 26 9952 9985 9935 -70 -49 -91 27 73 52 11 4 32766 18 33 16 32766 32766 0 
54161 2003 1 27 9908 9942 9891 -154 -87 -176 15 80 65 18 3 32766 25 50 1 32766 32766 42 
54161 2003 1 28 9888 9902 9874 -205 -160 -230 10 82 72 3 4 32766 15 47 16 32766 32766 10 
54161 2003 1 29 9931 9943 9896 -225 -171 -268 7 68 54 0 7 32766 38 77 12 32766 32766 81 
54161 2003 1 30 9936 9954 9921 -164 -109 -205 11 65 55 0 6 32766 33 63 14 32766 32766 83 
54161 2003 1 31 10003 10028 9954 -156 -98 -195 12 64 45 0 8 32766 20 33 12 32766 32766 82 
54161 2003 2 1 10025 10036 10011 -134 -61 -192 13 60 42 0 7 32766 13 27 11 32766 32766 80 
54161 2003 2 2 10009 10015 10002 -125 -76 -176 14 60 48 0 6 32766 13 20 16 32766 32766 80 
54161 2003 2 3 9982 10013 9962 -112 -45 -170 17 68 47 0 9 32766 18 43 11 32766 32766 88 
54161 2003 2 4 9960 9973 9949 -96 -41 -157 18 62 43 0 11 32766 15 30 16 32766 32766 76 
54161 2003 2 5 9971 9990 9944 -112 -52 -180 18 69 51 0 12 32766 23 57 10 32766 32766 81 
54161 2003 2 6 9872 9944 9844 -42 19 -107 28 61 53 0 25 32766 58 103 11 32766 32766 84 
54161 2003 2 7 9834 9857 9817 -5 35 -35 36 61 54 0 29 32766 43 110 11 32766 32766 45 
54161 2003 2 8 9876 9891 9857 -35 10 -91 33 69 53 0 10 32766 8 27 3 32766 32766 7 
54161 2003 2 9 9960 10034 9856 -74 -2 -121 25 68 44 2 11 32766 38 73 14 32766 32766 39 
54161 2003 2 10 10022 10049 9990 -145 -84 -187 10 51 31 0 10 32766 10 43 15 32766 32766 89 
54161 2003 2 11 9991 10002 9978 -163 -121 -193 8 47 30 0 10 32766 30 70 14 32766 32766 92 
54161 2003 2 12 9901 9997 9849 -121 -52 -197 11 42 32 0 21 32766 45 107 12 32766 32766 63 
54161 2003 2 13 9900 9927 9849 -80 -21 -146 15 47 31 0 17 32766 18 50 12 32766 32766 90 
54161 2003 2 14 9924 9936 9909 -46 23 -114 22 51 33 0 25 32766 40 77 12 32766 32766 90 
54161 2003 2 15 9879 9920 9849 -21 25 -51 27 52 43 0 21 32766 33 80 11 32766 32766 0 
54161 2003 2 16 9909 9919 9875 -45 21 -110 24 57 35 0 17 32766 20 50 12 32766 32766 89 
54161 2003 2 17 9913 9931 9891 -18 34 -78 26 50 33 0 18 32766 18 40 7 32766 32766 89 
54161 2003 2 18 9896 9913 9884 -27 27 -81 26 54 35 0 18 32766 23 50 3 32766 32766 88 
54161 2003 2 19 9939 9951 9915 -34 11 -95 21 45 28 0 21 32766 23 37 1 32766 32766 88 
54161 2003 2 20 9931 9957 9903 -31 36 -101 24 54 32 0 22 32766 25 60 10 32766 32766 92 
54161 2003 2 21 9908 9923 9896 -7 47 -40 26 45 38 0 26 32766 28 60 11 32766 32766 69 
54161 2003 2 22 9938 9949 9924 -63 -18 -115 20 55 34 0 26 32766 43 67 3 32766 32766 85 
54161 2003 2 23 9885 9931 9860 -48 18 -116 19 48 24 0 18 32766 15 50 3 32766 32766 69 
54161 2003 2 24 9903 9930 9865 -52 -4 -113 19 47 31 0 20 32766 18 40 2 32766 32766 87 
54161 2003 2 25 9922 9937 9902 -48 4 -108 18 44 30 0 18 32766 15 47 3 32766 32766 55 
54161 2003 2 26 9970 9999 9914 -64 -19 -108 20 56 25 2 21 32766 25 53 3 32766 32766 92 
54161 2003 2 27 10001 10029 9962 -43 14 -118 14 33 19 0 17 32766 15 33 11 32766 32766 95 
54161 2003 2 28 9863 9960 9829 10 57 -32 29 44 23 0 53 32766 75 143 11 32766 32766 87 
54161 2003 3 1 9845 9857 9833 -29 34 -92 21 47 9 0 29 32766 25 83 11 32766 32766 99 
54161 2003 3 2 9823 9845 9803 -38 -5 -85 15 31 18 32700 26 32766 33 67 16 32766 32766 56 
54161 2003 3 3 9891 9918 9845 -95 -51 -137 10 33 23 0 20 32766 23 57 16 32766 32766 93 
54161 2003 3 4 9955 9972 9918 -86 -8 -156 11 33 19 0 18 32766 20 40 14 32766 32766 101 
54161 2003 3 5 9987 10001 9969 -52 12 -108 15 36 26 0 20 32766 20 43 12 32766 32766 46 
54161 2003 3 6 9941 9990 9907 -27 12 -73 17 34 22 0 16 32766 8 40 4 32766 32766 0 
54161 2003 3 7 9904 9918 9888 -11 25 -57 27 46 33 0 15 32766 20 40 3 32766 32766 31 
54161 2003 3 8 9976 10001 9918 -30 14 -71 16 34 14 0 31 32766 45 63 2 32766 32766 81 
54161 2003 3 9 10018 10027 10002 -33 41 -113 14 31 17 0 22 32766 5 33 2 32766 32766 102 
54161 2003 3 10 10047 10059 10025 -7 54 -76 19 34 18 0 27 32766 8 37 3 32766 32766 96 
54161 2003 3 11 10035 10056 10022 10 45 -35 24 37 27 0 27 32766 28 47 9 32766 32766 0 
54161 2003 3 12 10041 10048 10023 -3 34 -32 40 68 34 1 40 32766 40 73 13 32766 32766 45 
54161 2003 3 13 10046 10068 10028 -12 38 -39 32 60 17 32700 20 32766 15 43 1 32766 32766 65 
54161 2003 3 14 9997 10032 9963 -21 54 -96 21 45 14 0 26 32766 13 37 13 32766 32766 105 
54161 2003 3 15 9944 9967 9930 -13 55 -81 22 42 21 0 29 32766 28 77 13 32766 32766 103 
54161 2003 3 16 9936 9949 9915 1 56 -61 24 39 24 0 22 32766 8 33 3 32766 32766 89 
54161 2003 3 17 9943 9957 9925 6 79 -79 25 42 20 0 29 32766 20 40 14 32766 32766 105 
54161 2003 3 18 9949 9962 9931 1 53 -68 22 38 20 0 41 32766 35 77 16 32766 32766 108 
54161 2003 3 19 9954 9968 9929 19 103 -76 18 29 8 0 40 32766 18 43 16 32766 32766 107 
54161 2003 3 20 9948 9959 9937 19 85 -56 18 28 13 0 36 32766 13 43 3 32766 32766 79 
54161 2003 3 21 9973 9987 9956 32 102 -39 18 25 14 0 37 32766 20 37 3 32766 32766 100 
54161 2003 3 22 9950 9978 9920 41 110 -26 21 27 17 0 48 32766 45 83 11 32766 32766 88 
54161 2003 3 23 9905 9927 9881 60 118 -2 38 41 23 0 56 32766 40 67 11 32766 32766 76 
54161 2003 3 24 9865 9888 9849 53 79 30 65 73 48 0 37 32766 48 83 12 32766 32766 21 
54161 2003 3 25 9827 9859 9794 74 144 0 51 57 21 0 56 32766 40 80 10 32766 32766 91 
54161 2003 3 26 9817 9837 9793 54 106 7 43 51 26 32700 74 32766 70 117 12 32766 32766 78 
54161 2003 3 27 9863 9886 9835 2 42 -20 45 74 38 13 18 32766 40 67 1 32766 32766 24 
54161 2003 3 28 9848 9887 9809 21 107 -61 21 33 11 0 41 32766 25 67 13 32766 32766 108 
54161 2003 3 29 9782 9818 9761 39 115 7 39 51 19 36 36 32766 48 90 9 32766 32766 59 
54161 2003 3 30 9806 9823 9778 46 119 10 62 75 29 32700 12 32766 25 60 9 32766 32766 59 
54161 2003 3 31 9890 9911 9823 53 118 -22 43 50 31 0 70 32766 20 43 1 32766 32766 112 
54161 2003 4 1 9900 9922 9880 76 136 -10 46 48 21 0 39 32766 13 37 1 32766 32766 106 
54161 2003 4 2 9903 9927 9884 95 159 18 32 29 16 0 58 32766 18 33 4 32766 32766 108 
54161 2003 4 3 9879 9897 9866 100 167 41 31 26 13 0 75 32766 43 67 2 32766 32766 102 
54161 2003 4 4 9915 9941 9890 73 142 5 24 25 7 0 69 32766 25 50 1 32766 32766 111 
54161 2003 4 5 9851 9893 9829 103 173 40 24 20 7 0 82 32766 35 83 12 32766 32766 106 
54161 2003 4 6 9843 9871 9802 105 160 16 29 25 12 0 70 32766 28 50 5 32766 32766 89 
54161 2003 4 7 9781 9829 9759 120 184 33 58 45 18 32700 113 32766 78 117 10 32766 32766 87 
54161 2003 4 8 9900 9931 9831 21 78 -33 26 40 9 0 65 32766 48 87 2 32766 32766 113 
54161 2003 4 9 9937 9955 9920 31 112 -65 19 27 12 0 43 32766 15 40 11 32766 32766 115 
54161 2003 4 10 9916 9938 9882 60 121 16 34 38 10 16 47 32766 35 83 10 32766 32766 22 
54161 2003 4 11 9763 9888 9707 97 131 46 64 54 43 0 62 32766 73 120 11 32766 32766 11 
54161 2003 4 12 9713 9758 9685 71 112 42 74 74 46 4 52 32766 73 117 13 32766 32766 30 
54161 2003 4 13 9787 9796 9758 84 165 12 42 45 15 0 83 32766 40 87 13 32766 32766 104 
54161 2003 4 14 9760 9797 9725 144 211 66 37 24 10 0 152 32766 65 150 11 32766 32766 91 
54161 2003 4 15 9768 9799 9735 173 213 125 56 28 22 0 158 32766 78 110 12 32766 32766 79 
54161 2003 4 16 9767 9781 9749 183 219 158 58 28 18 0 217 32766 95 197 11 32766 32766 19 
54161 2003 4 17 9885 9914 9766 116 183 83 28 20 9 0 116 32766 43 97 10 32766 32766 47 
54161 2003 4 18 9895 9934 9860 75 110 63 53 52 16 32700 34 32766 13 50 2 32766 32766 0 
54161 2003 4 19 9866 9882 9846 77 143 -8 37 41 14 0 41 32766 15 47 16 32766 32766 82 
54161 2003 4 20 9872 9895 9858 76 98 48 50 50 21 32700 50 32766 23 80 2 32766 32766 8 
54161 2003 4 21 9939 9975 9897 91 170 -5 45 48 12 0 78 32766 30 63 10 32766 32766 109 
54161 2003 4 22 9867 9918 9835 115 147 95 42 31 20 0 110 32766 68 123 11 32766 32766 10 
54161 2003 4 23 9807 9845 9787 126 205 65 55 40 12 0 120 32766 68 110 12 32766 32766 108 
54161 2003 4 24 9806 9816 9795 153 224 97 68 44 13 0 125 32766 40 77 13 32766 32766 91 
54161 2003 4 25 9791 9812 9764 181 249 101 68 35 15 0 108 32766 38 73 11 32766 32766 109 
54161 2003 4 26 9808 9822 9780 174 245 103 68 38 9 0 110 32766 30 50 12 32766 32766 109 
54161 2003 4 27 9805 9824 9773 187 255 121 76 36 18 4 134 32766 70 127 13 32766 32766 107 
54161 2003 4 28 9894 9927 9802 111 192 75 25 18 12 0 98 32766 45 90 3 32766 32766 24 
54161 2003 4 29 9858 9909 9805 92 166 34 23 21 8 0 100 32766 35 100 13 32766 32766 93 
54161 2003 4 30 9824 9859 9781 95 177 -8 27 23 12 0 102 32766 33 77 13 32766 32766 111 
54161 2003 5 1 9719 9785 9696 210 284 114 73 29 21 0 32766 103 103 163 11 32766 32766 97 
54161 2003 5 2 9752 9801 9706 211 256 170 93 36 25 0 32766 83 90 150 12 32766 32766 69 
54161 2003 5 3 9866 9885 9799 148 201 92 71 45 13 35 32766 39 15 47 1 32766 32766 96 
54161 2003 5 4 9892 9912 9873 156 211 71 27 16 7 0 32766 46 15 37 4 32766 32766 88 
54161 2003 5 5 9862 9883 9840 165 205 120 44 23 13 0 32766 36 23 57 10 32766 32766 13 
54161 2003 5 6 9819 9844 9801 141 176 99 63 40 18 31 32766 22 38 70 2 32766 32766 0 
54161 2003 5 7 9893 9914 9839 76 115 37 29 29 10 0 32766 66 48 73 1 32766 32766 102 
54161 2003 5 8 9893 9913 9873 82 163 -8 22 25 5 0 32766 36 23 60 13 32766 32766 67 
54161 2003 5 9 9863 9881 9848 133 189 70 32 21 12 0 32766 40 23 47 13 32766 32766 92 
54161 2003 5 10 9868 9891 9838 150 224 67 32 20 8 0 32766 48 28 70 10 32766 32766 62 
54161 2003 5 11 9844 9857 9824 178 225 131 79 40 18 32700 32766 62 80 120 12 32766 32766 37 
54161 2003 5 12 9879 9898 9845 151 203 106 84 52 23 21 32766 35 43 113 11 32766 32766 80 
54161 2003 5 13 9896 9910 9874 105 144 70 93 75 39 103 32766 19 23 63 3 32766 32766 0 
54161 2003 5 14 9897 9917 9872 131 197 42 75 56 19 0 32766 37 23 57 3 32766 32766 105 
54161 2003 5 15 9864 9883 9842 164 219 91 61 35 16 0 32766 39 28 50 5 32766 32766 51 
54161 2003 5 16 9829 9853 9808 170 237 96 67 37 18 0 32766 38 8 50 14 32766 32766 95 
54161 2003 5 17 9804 9819 9780 172 248 110 71 38 18 32700 32766 37 23 73 11 32766 32766 77 
54161 2003 5 18 9786 9806 9760 180 258 106 88 47 17 0 32766 60 38 57 11 32766 32766 110 
54161 2003 5 19 9784 9793 9773 182 245 129 90 44 21 0 32766 40 33 57 11 32766 32766 59 
54161 2003 5 20 9837 9856 9795 185 260 117 61 32 10 0 32766 55 23 53 1 32766 32766 102 
54161 2003 5 21 9818 9844 9783 224 310 141 68 26 14 0 32766 78 45 80 11 32766 32766 100 
54161 2003 5 22 9783 9798 9769 237 283 192 119 41 24 0 32766 87 70 130 11 32766 32766 104 
54161 2003 5 23 9789 9801 9765 224 275 161 130 49 38 0 32766 71 65 133 10 32766 32766 36 
54161 2003 5 24 9833 9847 9796 181 222 167 161 78 46 5 32766 18 43 100 10 32766 32766 13 
54161 2003 5 25 9806 9837 9771 218 288 148 125 51 27 0 32766 72 58 103 12 32766 32766 108 
54161 2003 5 26 9843 9865 9790 173 240 108 88 49 20 6 32766 64 25 83 11 32766 32766 98 
54161 2003 5 27 9826 9852 9793 221 283 135 84 33 12 0 32766 55 35 57 7 32766 32766 130 
54161 2003 5 28 9801 9806 9785 240 283 186 138 47 30 10 32766 66 70 120 12 32766 32766 98 
54161 2003 5 29 9780 9810 9755 187 249 160 179 84 43 207 32766 25 63 130 12 32766 32766 42 
54161 2003 5 30 9847 9874 9774 177 219 120 77 39 20 0 32766 59 13 83 12 32766 32766 132 
54161 2003 5 31 9823 9841 9817 179 229 125 54 28 11 0 32766 68 28 67 2 32766 32766 122 
54161 2003 6 1 9813 9828 9797 187 247 93 53 26 12 0 32766 61 13 53 2 32766 32766 120 
54161 2003 6 2 9821 9839 9804 209 277 116 64 28 14 0 32766 46 15 40 2 32766 32766 127 
54161 2003 6 3 9795 9814 9761 250 330 168 63 22 11 0 32766 111 55 93 12 32766 32766 129 
54161 2003 6 4 9768 9782 9746 253 329 185 93 30 17 0 32766 86 53 80 11 32766 32766 126 
54161 2003 6 5 9768 9775 9761 208 259 167 164 68 28 30 32766 40 38 100 11 32766 32766 20 
54161 2003 6 6 9744 9766 9717 203 255 150 150 66 44 0 32766 55 45 60 10 32766 32766 103 
54161 2003 6 7 9741 9778 9704 199 249 146 104 50 15 28 32766 64 55 120 12 32766 32766 94 
54161 2003 6 8 9836 9859 9778 176 222 113 50 26 14 2 32766 68 28 113 14 32766 32766 103 
54161 2003 6 9 9838 9853 9821 152 184 89 161 93 31 221 32766 13 28 63 2 32766 32766 0 
54161 2003 6 10 9803 9823 9792 191 226 140 160 74 56 36 32766 22 33 57 2 32766 32766 20 
54161 2003 6 11 9806 9819 9790 201 239 150 169 74 56 3 32766 19 20 63 13 32766 32766 88 
54161 2003 6 12 9746 9790 9722 169 215 141 179 94 68 238 32766 12 33 80 11 32766 32766 19 
54161 2003 6 13 9745 9761 9723 176 225 137 156 79 53 10 32766 23 28 50 10 32766 32766 62 
54161 2003 6 14 9778 9792 9762 194 239 150 165 75 51 2 32766 24 33 43 7 32766 32766 76 
54161 2003 6 15 9802 9815 9790 214 267 147 151 62 35 0 32766 32 10 27 1 32766 32766 122 
54161 2003 6 16 9794 9807 9780 235 290 173 151 54 36 32700 32766 42 43 77 12 32766 32766 57 
54161 2003 6 17 9790 9812 9765 192 249 167 187 85 49 92 32766 10 23 67 12 32766 32766 0 
54161 2003 6 18 9772 9781 9762 203 255 162 182 78 46 52 32766 26 28 67 11 32766 32766 87 
54161 2003 6 19 9744 9774 9709 231 289 176 180 66 39 0 32766 42 33 53 11 32766 32766 124 
54161 2003 6 20 9762 9786 9718 216 273 186 197 77 44 8 32766 23 33 50 11 32766 32766 58 
54161 2003 6 21 9792 9807 9779 241 289 188 215 73 56 0 32766 36 33 63 10 32766 32766 36 
54161 2003 6 22 9783 9797 9766 252 295 215 198 64 47 0 32766 43 45 80 10 32766 32766 89 
54161 2003 6 23 9740 9771 9707 211 262 176 218 88 56 188 32766 20 28 57 1 32766 32766 0 
54161 2003 6 24 9692 9712 9679 174 191 151 191 96 92 92 32766 11 48 70 2 32766 32766 0 
54161 2003 6 25 9727 9739 9710 211 262 164 192 79 58 0 32766 24 28 33 2 32766 32766 94 
54161 2003 6 26 9749 9756 9740 234 277 190 210 74 53 0 32766 26 23 37 8 32766 32766 111 
54161 2003 6 27 9728 9751 9698 233 267 198 198 70 53 0 32766 25 33 60 12 32766 32766 68 
54161 2003 6 28 9706 9712 9693 212 252 164 190 77 56 54 32766 38 33 100 14 32766 32766 77 
54161 2003 6 29 9724 9738 9709 194 249 158 179 80 57 3 32766 39 38 57 12 32766 32766 58 
54161 2003 6 30 9761 9768 9739 231 290 165 182 67 41 0 32766 30 18 50 13 32766 32766 120 
54161 2003 7 1 9771 9781 9758 257 318 192 176 55 34 0 32766 57 40 60 11 32766 32766 115 
54161 2003 7 2 9779 9796 9763 252 302 202 152 48 31 0 32766 94 50 113 11 32766 32766 125 
54161 2003 7 3 9750 9776 9719 228 268 190 180 65 48 0 32766 44 38 63 10 32766 32766 26 
54161 2003 7 4 9710 9733 9695 213 247 188 203 82 65 114 32766 29 48 70 9 32766 32766 11 
54161 2003 7 5 9726 9760 9694 209 254 183 204 84 56 102 32766 25 48 93 10 32766 32766 66 
54161 2003 7 6 9793 9804 9761 213 264 150 155 64 40 0 32766 40 23 37 2 32766 32766 105 
54161 2003 7 7 9790 9807 9774 226 287 168 170 64 41 32700 32766 42 13 60 12 32766 32766 92 
54161 2003 7 8 9768 9786 9755 216 249 181 214 84 67 64 32766 28 25 60 11 32766 32766 46 
54161 2003 7 9 9750 9770 9734 206 247 180 197 83 56 32700 32766 37 33 57 13 32766 32766 60 
54161 2003 7 10 9767 9776 9744 208 270 142 156 67 42 0 32766 32 18 47 13 32766 32766 120 
54161 2003 7 11 9780 9790 9772 240 290 184 168 58 41 0 32766 46 20 40 8 32766 32766 117 
54161 2003 7 12 9763 9779 9748 245 292 205 176 58 44 32700 32766 51 53 90 10 32766 32766 54 
54161 2003 7 13 9753 9764 9739 245 298 212 197 65 44 88 32766 52 50 83 11 32766 32766 82 
54161 2003 7 14 9779 9786 9766 236 285 182 207 73 50 266 32766 56 23 97 3 32766 32766 103 
54161 2003 7 15 9796 9800 9783 242 280 192 214 72 54 0 32766 38 13 43 1 32766 32766 125 
54161 2003 7 16 9802 9812 9787 244 283 203 228 76 50 0 32766 33 18 30 7 32766 32766 121 
54161 2003 7 17 9785 9798 9769 225 253 189 228 84 73 37 32766 16 30 60 11 32766 32766 0 
54161 2003 7 18 9755 9778 9738 219 262 184 208 81 55 13 32766 24 30 60 7 32766 32766 52 
54161 2003 7 19 9740 9753 9730 183 192 166 174 83 79 10 32766 24 33 47 5 32766 32766 0 
54161 2003 7 20 9785 9802 9753 209 259 177 209 86 62 27 32766 23 15 30 8 32766 32766 43 
54161 2003 7 21 9821 9828 9804 228 267 189 231 84 60 32700 32766 18 18 37 10 32766 32766 20 
54161 2003 7 22 9810 9830 9789 239 267 214 221 75 58 32700 32766 22 28 50 8 32766 32766 38 
54161 2003 7 23 9800 9809 9789 239 283 200 237 80 63 32700 32766 22 18 37 6 32766 32766 59 
54161 2003 7 24 9801 9807 9791 241 275 216 257 86 67 16 32766 15 33 63 11 32766 32766 19 
54161 2003 7 25 9804 9820 9786 260 305 213 235 71 51 32700 32766 40 40 70 11 32766 32766 100 
54161 2003 7 26 9800 9804 9791 245 280 222 272 88 64 84 32766 22 30 53 10 32766 32766 0 
54161 2003 7 27 9777 9805 9754 227 249 215 249 90 80 101 32766 18 50 60 7 32766 32766 0 
54161 2003 7 28 9752 9757 9745 224 264 198 251 93 76 377 32766 13 30 53 11 32766 32766 43 
54161 2003 7 29 9764 9771 9752 229 276 210 244 87 50 0 32766 26 38 57 12 32766 32766 66 
54161 2003 7 30 9769 9778 9747 238 287 183 199 68 47 0 32766 37 28 53 10 32766 32766 92 
54161 2003 7 31 9756 9769 9748 223 260 192 204 76 61 0 32766 31 48 107 10 32766 32766 12 
54161 2003 8 1 9749 9760 9742 218 242 195 242 93 83 32700 32766 12 25 40 9 32766 32766 0 
54161 2003 8 2 9749 9754 9743 227 278 189 231 85 63 32700 32766 16 38 47 11 32766 32766 60 
54161 2003 8 3 9782 9805 9755 228 263 200 189 70 50 0 32766 43 25 57 14 32766 32766 129 
54161 2003 8 4 9816 9825 9805 237 294 183 183 65 39 0 32766 46 23 60 13 32766 32766 130 
54161 2003 8 5 9810 9830 9783 254 307 200 210 65 43 0 32766 42 20 50 9 32766 32766 123 
54161 2003 8 6 9690 9790 9601 203 262 175 208 88 58 547 32766 12 40 80 2 32766 32766 0 
54161 2003 8 7 9733 9751 9670 192 217 168 199 90 75 54 32766 6 48 73 13 32766 32766 10 
54161 2003 8 8 9730 9752 9712 203 249 165 191 81 55 0 32766 22 25 43 13 32766 32766 81 
54161 2003 8 9 9698 9719 9690 209 246 182 195 80 47 4 32766 31 33 67 14 32766 32766 104 
54161 2003 8 10 9719 9742 9702 188 243 146 174 80 52 27 32766 37 33 70 12 32766 32766 105 
54161 2003 8 11 9768 9786 9742 206 263 145 158 68 35 0 32766 41 30 57 12 32766 32766 111 
54161 2003 8 12 9815 9824 9788 203 264 140 166 72 45 0 32766 34 20 40 10 32766 32766 123 
54161 2003 8 13 9818 9827 9808 223 274 183 184 68 54 0 32766 34 35 60 9 32766 32766 27 
54161 2003 8 14 9830 9839 9819 243 297 194 195 66 49 0 32766 50 40 70 9 32766 32766 100 
54161 2003 8 15 9862 9869 9834 246 298 195 198 66 36 0 32766 47 28 60 10 32766 32766 109 
54161 2003 8 16 9883 9902 9871 213 241 187 218 87 64 134 32766 16 15 40 13 32766 32766 5 
54161 2003 8 17 9870 9884 9852 226 270 183 196 73 51 3 32766 25 33 53 9 32766 32766 121 
54161 2003 8 18 9829 9854 9805 233 278 187 197 70 49 0 32766 50 48 77 10 32766 32766 105 
54161 2003 8 19 9818 9825 9810 226 262 200 215 79 66 0 32766 36 43 63 10 32766 32766 23 
54161 2003 8 20 9832 9844 9815 229 268 197 236 85 68 0 32766 17 25 50 11 32766 32766 38 
54161 2003 8 21 9839 9857 9815 244 289 210 230 77 55 0 32766 36 35 80 11 32766 32766 101 
54161 2003 8 22 9790 9827 9760 219 244 168 228 86 71 303 32766 24 45 60 11 32766 32766 28 
54161 2003 8 23 9840 9849 9813 187 234 145 158 75 50 0 32766 35 15 37 14 32766 32766 108 
54161 2003 8 24 9827 9838 9814 198 243 150 152 67 42 0 32766 37 10 37 2 32766 32766 114 
54161 2003 8 25 9815 9821 9805 204 264 143 146 64 37 0 32766 38 18 37 13 32766 32766 120 
54161 2003 8 26 9813 9822 9792 227 281 165 145 55 33 0 32766 53 33 57 9 32766 32766 125 
54161 2003 8 27 9775 9800 9764 215 257 183 202 79 49 38 32766 28 33 77 11 32766 32766 24 
54161 2003 8 28 9822 9842 9781 169 219 141 139 74 38 37 32766 45 18 53 3 32766 32766 100 
54161 2003 8 29 9860 9876 9842 159 210 90 105 60 34 0 32766 48 38 67 13 32766 32766 126 
54161 2003 8 30 9813 9859 9793 185 249 118 111 52 39 0 32766 56 50 70 12 32766 32766 124 
54161 2003 8 31 9808 9822 9796 201 265 147 148 65 37 0 32766 33 33 53 12 32766 32766 119 
54161 2003 9 1 9827 9835 9815 218 278 154 153 60 37 0 32766 49 58 83 11 32766 32766 115 
54161 2003 9 2 9848 9862 9835 204 253 161 171 73 50 0 32766 47 58 90 10 32766 32766 70 
54161 2003 9 3 9879 9890 9862 212 266 165 192 77 58 0 32766 34 40 77 11 32766 32766 88 
54161 2003 9 4 9864 9892 9843 211 242 186 195 79 62 32700 32766 21 48 73 11 32766 32766 30 
54161 2003 9 5 9834 9860 9823 187 226 165 168 79 58 32700 32766 34 8 53 11 32766 32766 31 
54161 2003 9 6 9866 9882 9854 180 228 117 136 69 42 0 32766 34 13 33 2 32766 32766 113 
54161 2003 9 7 9823 9862 9795 193 249 135 159 72 51 6 32766 22 23 47 9 32766 32766 79 
54161 2003 9 8 9802 9815 9789 189 245 155 172 80 54 11 32766 34 33 70 11 32766 32766 83 
54161 2003 9 9 9802 9818 9787 170 201 148 174 90 77 107 32766 19 15 67 12 32766 32766 0 
54161 2003 9 10 9794 9801 9782 182 242 125 146 73 43 2 32766 34 48 83 11 32766 32766 109 
54161 2003 9 11 9850 9864 9800 179 218 144 159 78 62 32700 32766 26 15 53 10 32766 32766 38 
54161 2003 9 12 9820 9862 9781 216 285 158 177 72 42 0 32766 24 23 43 10 32766 32766 115 
54161 2003 9 13 9792 9853 9760 170 221 120 140 71 59 0 32766 33 38 57 12 32766 32766 73 
54161 2003 9 14 9904 9931 9853 123 175 59 76 57 28 0 32766 49 10 47 1 32766 32766 115 
54161 2003 9 15 9828 9895 9765 172 233 96 112 55 38 0 32766 37 53 100 10 32766 32766 68 
54161 2003 9 16 9834 9872 9773 202 239 165 120 52 33 0 32766 37 40 130 10 32766 32766 91 
54161 2003 9 17 9898 9907 9872 151 179 112 88 52 41 0 32766 39 23 43 2 32766 32766 38 
54161 2003 9 18 9896 9907 9884 157 215 84 87 50 32 0 32766 27 30 47 2 32766 32766 81 
54161 2003 9 19 9921 9936 9898 140 202 67 76 50 27 0 32766 40 23 40 16 32766 32766 112 
54161 2003 9 20 9898 9927 9873 142 213 52 72 48 23 0 32766 47 13 37 11 32766 32766 111 
54161 2003 9 21 9874 9888 9866 155 231 77 80 48 26 0 32766 35 25 40 12 32766 32766 100 
54161 2003 9 22 9863 9875 9835 181 249 112 89 44 25 0 32766 42 35 60 10 32766 32766 110 
54161 2003 9 23 9873 9883 9858 159 197 143 122 68 41 4 32766 25 48 93 10 32766 32766 7 
54161 2003 9 24 9892 9903 9876 185 244 135 114 55 33 0 32766 42 40 83 10 32766 32766 74 
54161 2003 9 25 9868 9885 9844 163 194 139 137 74 58 40 32766 27 50 80 10 32766 32766 13 
54161 2003 9 26 9891 9903 9865 126 156 96 117 81 66 4 32766 21 33 60 13 32766 32766 5 
54161 2003 9 27 9888 9904 9874 136 190 97 121 79 49 0 32766 13 18 30 7 32766 32766 45 
54161 2003 9 28 9898 9921 9878 126 185 85 86 63 25 0 32766 40 30 60 16 32766 32766 109 
54161 2003 9 29 9928 9948 9904 118 197 42 70 54 26 0 32766 30 13 33 1 32766 32766 110 
54161 2003 9 30 9853 9906 9817 138 193 98 79 50 34 0 32766 33 40 80 11 32766 32766 49 
54161 2003 10 1 9794 9821 9780 132 185 83 84 57 24 32700 70 32766 55 93 12 32766 32766 78 
54161 2003 10 2 9884 9911 9808 99 171 55 78 67 35 0 43 32766 25 60 14 32766 32766 76 
54161 2003 10 3 9932 9944 9911 96 159 61 81 70 37 10 38 32766 23 73 13 32766 32766 29 
54161 2003 10 4 9953 9968 9940 80 146 30 70 69 27 1 37 32766 23 53 11 32766 32766 92 
54161 2003 10 5 9926 9953 9908 87 161 30 49 47 21 0 51 32766 28 67 13 32766 32766 96 
54161 2003 10 6 9899 9919 9873 129 200 50 60 42 28 0 69 32766 45 87 11 32766 32766 103 
54161 2003 10 7 9887 9896 9873 135 189 104 112 73 40 135 45 32766 38 80 10 32766 32766 54 
54161 2003 10 8 9868 9884 9850 137 154 110 144 92 84 363 14 32766 38 60 9 32766 32766 0 
54161 2003 10 9 9882 9895 9851 149 179 119 145 85 74 62 24 32766 35 80 10 32766 32766 5 
54161 2003 10 10 9922 9970 9888 143 182 113 144 88 69 53 13 32766 28 70 13 32766 32766 8 
54161 2003 10 11 10003 10020 9970 37 116 1 65 82 45 41 10 32766 23 70 2 32766 32766 0 
54161 2003 10 12 9973 9994 9969 28 55 15 54 73 50 0 25 32766 15 43 2 32766 32766 42 
54161 2003 10 13 9950 9985 9908 28 83 -25 49 68 41 0 18 32766 25 57 13 32766 32766 101 
54161 2003 10 14 9867 9909 9854 35 91 -25 45 59 36 0 35 32766 30 53 13 32766 32766 102 
54161 2003 10 15 9841 9854 9831 58 125 22 63 69 41 0 32 32766 28 47 11 32766 32766 21 
54161 2003 10 16 9870 9889 9847 68 139 5 60 65 36 0 43 32766 25 53 12 32766 32766 99 
54161 2003 10 17 9839 9864 9812 101 171 53 64 52 26 0 44 32766 53 97 14 32766 32766 92 
54161 2003 10 18 9925 9949 9864 59 111 7 48 54 28 0 46 32766 38 63 13 32766 32766 101 
54161 2003 10 19 9901 9917 9882 81 149 30 56 53 33 0 41 32766 33 63 10 32766 32766 101 
54161 2003 10 20 9846 9908 9823 87 136 55 84 74 50 67 17 32766 38 83 11 32766 32766 0 
54161 2003 10 21 9821 9838 9806 87 113 66 94 83 65 45 11 32766 28 40 12 32766 32766 30 
54161 2003 10 22 9864 9891 9834 45 77 22 52 62 47 0 30 32766 33 57 16 32766 32766 67 
54161 2003 10 23 9892 9913 9874 9 61 -40 36 58 27 0 25 32766 25 53 13 32766 32766 99 
54161 2003 10 24 9826 9874 9800 43 106 -8 43 54 32 0 30 32766 25 43 12 32766 32766 82 
54161 2003 10 25 9843 9858 9805 32 76 2 42 56 29 0 34 32766 35 80 13 32766 32766 94 
54161 2003 10 26 9797 9855 9759 74 150 3 58 52 45 0 50 32766 43 110 10 32766 32766 79 
54161 2003 10 27 9790 9837 9748 71 119 12 78 77 62 30 19 32766 33 67 12 32766 32766 0 
54161 2003 10 28 9897 9937 9839 2 56 -51 40 66 42 0 20 32766 25 47 13 32766 32766 94 
54161 2003 10 29 9918 9944 9895 40 113 -23 45 58 30 0 33 32766 33 73 10 32766 32766 91 
54161 2003 10 30 9890 9911 9872 89 159 35 82 73 48 0 35 32766 35 70 10 32766 32766 80 
54161 2003 10 31 9828 9875 9803 119 182 69 92 67 50 0 46 32766 48 107 10 32766 32766 79 
54161 2003 11 1 9799 9811 9788 146 207 95 98 62 40 0 76 32766 55 130 11 32766 32766 76 
54161 2003 11 2 9857 9895 9808 67 154 16 75 75 50 2 17 32766 48 87 12 32766 32766 0 
54161 2003 11 3 9912 9921 9895 1 41 -38 37 62 35 0 23 32766 38 80 13 32766 32766 93 
54161 2003 11 4 9908 9922 9898 23 67 -12 47 66 47 12 20 32766 20 50 13 32766 32766 45 
54161 2003 11 5 9928 9974 9879 -4 38 -25 52 85 62 10 4 32766 25 47 2 32766 32766 10 
54161 2003 11 6 9985 9996 9973 -27 -1 -45 29 58 43 0 14 32766 15 40 16 32766 32766 68 
54161 2003 11 7 9983 10000 9966 -58 -20 -81 19 48 30 0 18 32766 25 47 13 32766 32766 80 
54161 2003 11 8 9985 9994 9970 -54 -8 -91 22 56 39 0 13 32766 20 30 15 32766 32766 86 
54161 2003 11 9 9994 9999 9984 -31 15 -74 27 55 39 0 16 32766 20 60 11 32766 32766 88 
54161 2003 11 10 9994 10002 9981 -6 52 -51 29 51 36 0 20 32766 30 40 11 32766 32766 86 
54161 2003 11 11 10011 10019 9995 -10 41 -61 32 58 41 0 13 32766 10 23 14 32766 32766 83 
54161 2003 11 12 9989 10017 9968 -16 23 -55 35 66 48 0 15 32766 8 23 6 32766 32766 26 
54161 2003 11 13 9943 9969 9912 16 71 -41 38 57 37 0 21 32766 35 70 10 32766 32766 75 
54161 2003 11 14 9866 9916 9837 70 117 28 65 65 48 0 101 32766 85 160 10 32766 32766 49 
54161 2003 11 15 9839 9859 9820 19 89 -20 39 51 35 0 63 32766 78 143 11 32766 32766 70 
54161 2003 11 16 9946 9986 9860 -34 10 -77 24 52 37 0 32 32766 43 93 13 32766 32766 83 
54161 2003 11 17 9959 9992 9927 1 63 -56 30 48 36 0 30 32766 53 90 11 32766 32766 77 
54161 2003 11 18 9940 9961 9924 29 74 -2 55 73 51 0 40 32766 38 87 10 32766 32766 60 
54161 2003 11 19 9955 9978 9920 -20 20 -61 34 66 57 0 14 32766 20 37 3 32766 32766 27 
54161 2003 11 20 9846 9919 9817 -18 -1 -31 51 95 63 79 5 32766 20 40 13 32766 32766 0 
54161 2003 11 21 9881 9940 9824 -98 -30 -132 24 82 73 14 13 32766 53 90 14 32766 32766 0 
54161 2003 11 22 9985 10009 9942 -139 -103 -187 15 71 55 0 9 32766 33 57 11 32766 32766 74 
54161 2003 11 23 9967 10016 9928 -46 19 -124 37 76 54 13 9 32766 43 97 10 32766 32766 0 
54161 2003 11 24 9989 10048 9958 -33 12 -105 44 83 56 0 7 32766 28 67 2 32766 32766 0 
54161 2003 11 25 10119 10147 10048 -155 -102 -177 10 55 46 0 6 32766 23 43 1 32766 32766 59 
54161 2003 11 26 10099 10117 10079 -149 -127 -166 12 60 51 2 3 32766 35 50 2 32766 32766 42 
54161 2003 11 27 10039 10106 10011 -121 -41 -180 18 70 56 0 10 32766 8 30 7 32766 32766 68 
54161 2003 11 28 9976 10012 9939 -27 10 -101 42 84 72 2 6 32766 18 57 14 32766 32766 0 
54161 2003 11 29 9973 9981 9953 -99 -35 -135 21 73 48 32700 9 32766 13 60 12 32766 32766 76 
54161 2003 11 30 9950 9972 9927 -79 -26 -131 20 60 39 0 10 32766 18 37 6 32766 32766 73 
54161 2003 12 1 9972 9995 9927 -101 -48 -146 20 69 59 0 6 32766 18 47 14 32766 32766 0 
54161 2003 12 2 9963 9992 9942 -114 -51 -153 17 67 42 0 7 32766 8 23 8 32766 32766 51 
54161 2003 12 3 9964 9990 9930 -143 -107 -177 14 70 59 0 5 32766 35 57 12 32766 32766 74 
54161 2003 12 4 10008 10020 9992 -124 -65 -165 15 62 44 0 17 32766 15 37 11 32766 32766 58 
54161 2003 12 5 9984 10020 9956 -126 -99 -150 18 76 61 6 6 32766 28 47 2 32766 32766 0 
54161 2003 12 6 9961 9969 9952 -155 -126 -187 15 80 66 4 3 32766 33 53 14 32766 32766 9 
54161 2003 12 7 9951 9970 9930 -155 -107 -209 12 65 57 0 9 32766 60 93 10 32766 32766 75 
54161 2003 12 8 9980 10014 9930 -138 -110 -185 15 71 59 0 9 32766 38 70 11 32766 32766 74 
54161 2003 12 9 10056 10072 10015 -128 -81 -166 17 73 63 0 6 32766 28 53 11 32766 32766 74 
54161 2003 12 10 10030 10063 10012 -96 -40 -135 20 66 50 0 20 32766 13 33 8 32766 32766 66 
54161 2003 12 11 9996 10012 9991 -109 -82 -133 19 72 55 0 7 32766 18 40 1 32766 32766 66 
54161 2003 12 12 10001 10012 9993 -144 -93 -182 16 79 60 0 4 32766 10 23 11 32766 32766 62 
54161 2003 12 13 9987 10006 9968 -114 -61 -158 18 71 55 0 8 32766 28 47 11 32766 32766 74 
54161 2003 12 14 9946 9973 9926 -104 -83 -131 22 77 60 8 7 32766 30 63 10 32766 32766 8 
54161 2003 12 15 9971 9984 9959 -126 -91 -160 18 79 66 32700 7 32766 28 53 11 32766 32766 75 
54161 2003 12 16 9870 9955 9823 -82 -33 -123 26 75 60 1 6 32766 40 97 10 32766 32766 0 
54161 2003 12 17 9907 9959 9838 -123 -72 -144 20 82 63 2 6 32766 23 47 11 32766 32766 20 
54161 2003 12 18 9941 9962 9924 -125 -100 -155 18 77 65 1 8 32766 30 53 11 32766 32766 72 
54161 2003 12 19 9938 9960 9912 -166 -108 -209 13 74 64 32700 4 32766 25 50 13 32766 32766 61 
54161 2003 12 20 9986 10013 9962 -138 -93 -191 15 69 59 0 10 32766 33 53 10 32766 32766 71 
54161 2003 12 21 9889 9969 9840 -34 3 -101 33 68 60 0 18 32766 73 103 11 32766 32766 74 
54161 2003 12 22 9870 9894 9844 -53 -12 -108 29 70 57 0 14 32766 40 97 11 32766 32766 75 
54161 2003 12 23 9829 9856 9810 -44 -4 -74 33 75 55 0 15 32766 40 83 11 32766 32766 60 
54161 2003 12 24 9845 9878 9807 -64 -30 -112 31 83 67 0 5 32766 25 37 9 32766 32766 53 
54161 2003 12 25 9855 9899 9795 -90 -33 -118 22 70 58 32700 5 32766 48 32766 32766 32766 32766 16 
54161 2003 12 26 9925 9950 9899 -134 -89 -175 16 72 54 0 5 32766 13 33 14 32766 32766 75 
54161 2003 12 27 9933 9953 9914 -84 -35 -161 21 59 53 0 14 32766 43 70 11 32766 32766 75 
54161 2003 12 28 9880 9925 9851 -23 11 -62 36 69 61 0 22 32766 55 107 11 32766 32766 57 
54161 2003 12 29 9937 9982 9850 -86 -7 -131 21 66 54 0 14 32766 25 70 11 32766 32766 62 
54161 2003 12 30 9912 9980 9832 -67 -13 -131 23 61 44 0 16 32766 50 73 10 32766 32766 64 
54161 2003 12 31 9868 9883 9830 -76 -21 -118 23 65 52 0 12 32766 33 90 11 32766 32766 68 
54161 2004 1 1 9859 9877 9846 -80 -33 -114 22 63 43 0 11 32766 30 51 14 70 14 55 
54161 2004 1 2 9832 9878 9805 -81 -40 -121 19 55 48 0 12 32766 37 73 12 96 11 50 
54161 2004 1 3 9903 9929 9848 -94 -39 -137 19 63 52 0 10 32766 32 65 12 90 12 68 
