V01000 V04001 V04002 V04003 V10004 V10201 V10202 V12001 V12052 V12053 V13004 V13003 V13007 V13201 V13241 V13242 V11002 V11042 V11212 V11041 V11043 V14032
56080 1978 1 4 7217 32766 32766 -153 -23 -234 9 51 328 0 9 32766 5 23 5 32766 32766 80 
56080 1978 1 5 7183 32766 32766 -149 -15 -244 8 49 313 0 10 32766 3 23 4 32766 32766 84 
56080 1978 1 6 7135 32766 32766 -99 -32 -150 10 42 310 32700 12 32766 28 100 14 32766 32766 27 
56080 1978 1 7 7147 32766 32766 -136 -12 -229 7 38 313 0 15 32766 8 60 11 32766 32766 88 
56080 1978 1 8 7176 32766 32766 -133 -39 -207 10 46 326 0 10 32766 0 63 16 32766 32766 84 
56080 1978 1 9 7193 32766 32766 -147 -13 -238 9 53 326 0 10 32766 0 30 4 32766 32766 82 
56080 1978 1 10 7149 32766 32766 -101 5 -168 14 51 331 0 8 32766 3 43 16 32766 32766 52 
56080 1978 1 11 7143 32766 32766 -107 0 -194 10 49 310 0 19 32766 18 80 11 32766 32766 88 
56080 1978 1 12 7110 32766 32766 -103 11 -209 9 37 312 0 18 32766 30 80 11 32766 32766 89 
56080 1978 1 13 7074 32766 32766 -108 15 -202 12 49 323 0 13 32766 8 53 1 32766 32766 66 
56080 1978 1 14 7063 32766 32766 -101 46 -194 16 57 334 0 14 32766 13 97 16 32766 32766 82 
56080 1978 1 15 7126 32766 32766 -148 -92 -178 14 73 359 31001 4 32766 25 60 15 32766 32766 13 
56080 1978 1 16 7123 32766 32766 -142 -39 -206 13 67 343 0 9 32766 10 70 16 32766 32766 63 
56080 1978 1 17 7132 32766 32766 -153 -69 -201 13 71 357 31001 6 32766 0 60 1 32766 32766 64 
56080 1978 1 18 7122 32766 32766 -163 -34 -242 9 56 322 0 9 32766 5 50 1 32766 32766 89 
56080 1978 1 19 7105 32766 32766 -138 -44 -222 8 46 319 0 11 32766 3 87 16 32766 32766 51 
56080 1978 1 20 7147 32766 32766 -126 -19 -201 6 28 309 0 20 32766 18 90 13 32766 32766 90 
56080 1978 1 21 7116 32766 32766 -103 62 -229 8 37 309 0 20 32766 5 103 13 32766 32766 83 
56080 1978 1 22 7077 32766 32766 -91 59 -194 14 47 326 0 14 32766 15 80 16 32766 32766 71 
56080 1978 1 23 7111 32766 32766 -70 16 -137 21 60 344 31002 16 32766 10 80 14 32766 32766 87 
56080 1978 1 24 7107 32766 32766 -79 84 -187 16 54 326 0 19 32766 0 80 13 32766 32766 92 
56080 1978 1 25 7110 32766 32766 -53 60 -146 13 39 308 0 29 32766 25 87 12 32766 32766 89 
56080 1978 1 26 7094 32766 32766 -73 54 -161 18 55 331 0 19 32766 0 57 15 32766 32766 81 
56080 1978 1 27 7104 32766 32766 -87 -26 -142 19 60 345 32700 13 32766 8 53 16 32766 32766 30 
56080 1978 1 28 7111 32766 32766 -84 43 -179 15 52 325 0 15 32766 10 90 13 32766 32766 81 
56080 1978 1 29 7109 32766 32766 -106 -25 -153 16 62 334 0 15 32766 20 90 16 32766 32766 88 
56080 1978 1 30 7128 32766 32766 -103 -33 -152 17 63 338 0 7 32766 10 40 1 32766 32766 51 
56080 1978 1 31 7140 32766 32766 -117 -19 -194 14 61 334 0 10 32766 10 60 1 32766 32766 79 
56080 1978 2 1 7140 32766 32766 -111 23 -201 12 53 322 0 12 32766 5 20 5 32766 32766 88 
56080 1978 2 2 7112 32766 32766 -92 86 -187 14 50 330 0 21 32766 20 103 16 32766 32766 83 
56080 1978 2 3 7119 32766 32766 -64 49 -147 15 43 323 0 16 32766 0 37 4 32766 32766 75 
56080 1978 2 4 7063 32766 32766 -43 58 -120 16 42 311 32700 24 32766 20 110 16 32766 32766 56 
56080 1978 2 5 7074 32766 32766 -22 80 -112 11 29 302 0 29 32766 25 87 10 32766 32766 69 
56080 1978 2 6 7063 32766 32766 -16 101 -114 19 44 311 0 35 32766 35 100 13 32766 32766 62 
56080 1978 2 7 7053 32766 32766 -49 100 -101 25 61 341 0 23 32766 15 97 12 32766 32766 42 
56080 1978 2 8 7026 32766 32766 -61 55 -118 21 59 329 0 18 32766 30 90 16 32766 32766 57 
56080 1978 2 9 7054 32766 32766 -108 -11 -167 16 61 337 31003 9 32766 15 70 1 32766 32766 76 
56080 1978 2 10 7084 32766 32766 -96 -37 -129 19 65 352 31005 7 32766 5 60 9 32766 32766 12 
56080 1978 2 11 7102 32766 32766 -90 -32 -133 18 60 340 32700 8 32766 20 53 10 32766 32766 49 
56080 1978 2 12 7103 32766 32766 -82 13 -144 14 50 323 0 17 32766 13 32766 32766 32766 32766 71 
56080 1978 2 13 7101 32766 32766 -81 12 -156 13 45 311 0 17 32766 15 60 16 32766 32766 63 
56080 1978 2 14 7122 32766 32766 -81 33 -165 12 46 317 0 25 32766 40 130 13 32766 32766 80 
56080 1978 2 15 7138 32766 32766 -86 18 -164 14 51 326 0 18 32766 5 60 16 32766 32766 96 
56080 1978 2 16 7146 32766 32766 -87 46 -192 13 50 317 0 28 32766 15 90 1 32766 32766 99 
56080 1978 2 17 7163 32766 32766 -73 39 -144 17 53 331 0 18 32766 0 60 8 32766 32766 93 
56080 1978 2 18 7131 32766 32766 -71 -10 -107 17 47 335 0 21 32766 20 87 5 32766 32766 60 
56080 1978 2 19 7157 32766 32766 -106 -48 -146 18 67 356 31006 9 32766 13 40 16 32766 32766 20 
56080 1978 2 20 7167 32766 32766 -100 -10 -182 21 74 357 31011 11 32766 8 47 4 32766 32766 81 
56080 1978 2 21 7162 32766 32766 -63 6 -122 24 66 342 32700 21 32766 15 50 16 32766 32766 68 
56080 1978 2 22 7184 32766 32766 -72 -6 -116 24 69 336 31005 18 32766 8 47 2 32766 32766 49 
56080 1978 2 23 7175 32766 32766 -73 6 -157 23 65 341 31005 13 32766 13 60 14 32766 32766 65 
56080 1978 2 24 7188 32766 32766 -71 28 -159 14 48 320 0 20 32766 10 60 16 32766 32766 79 
56080 1978 2 25 7211 32766 32766 -74 42 -166 14 48 314 0 25 32766 23 83 16 32766 32766 90 
56080 1978 2 26 7235 32766 32766 -64 80 -177 11 43 302 0 29 32766 5 60 13 32766 32766 103 
56080 1978 2 27 7187 32766 32766 -44 111 -153 12 36 313 0 41 32766 8 67 14 32766 32766 103 
56080 1978 2 28 7142 32766 32766 -14 137 -140 12 35 304 0 51 32766 25 90 10 32766 32766 106 
56080 1978 3 1 7106 32766 32766 -3 146 -114 22 46 313 32700 33 32766 10 73 1 32766 32766 81 
56080 1978 3 2 7121 32766 32766 -19 62 -41 30 57 351 32700 22 32766 23 73 16 32766 32766 0 
56080 1978 3 3 7149 32766 32766 -44 34 -85 30 70 355 31006 10 32766 5 30 5 32766 32766 62 
56080 1978 3 4 7114 32766 32766 -37 55 -105 28 64 331 32700 15 32766 10 90 16 32766 32766 56 
56080 1978 3 5 7100 32766 32766 -16 76 -73 32 63 342 0 19 32766 8 80 11 32766 32766 53 
56080 1978 3 6 7094 32766 32766 -19 57 -69 38 72 356 31023 22 32766 20 70 16 32766 32766 100 
56080 1978 3 7 7087 32766 32766 -17 47 -54 40 75 349 32700 14 32766 20 60 8 32766 32766 49 
56080 1978 3 8 7103 32766 32766 -3 61 -66 25 48 313 0 38 32766 30 100 14 32766 32766 68 
56080 1978 3 9 7140 32766 32766 3 100 -67 23 49 310 32700 48 32766 33 87 13 32766 32766 88 
56080 1978 3 10 7094 32766 32766 5 154 -79 23 45 306 0 49 32766 15 130 16 32766 32766 71 
56080 1978 3 11 7112 32766 32766 -37 -7 -61 30 64 354 0 20 32766 33 60 8 32766 32766 0 
56080 1978 3 12 7091 32766 32766 -43 93 -109 32 71 358 31001 15 32766 28 90 16 32766 32766 56 
56080 1978 3 13 7094 32766 32766 -69 -26 -104 26 73 349 31061 22 32766 28 53 16 32766 32766 54 
56080 1978 3 14 7134 32766 32766 -75 43 -162 22 65 338 0 32 32766 8 120 13 32766 32766 103 
56080 1978 3 15 7104 32766 32766 -20 87 -118 22 51 318 0 44 32766 18 110 15 32766 32766 105 
56080 1978 3 16 7102 32766 32766 3 134 -87 29 54 319 0 41 32766 3 80 16 32766 32766 103 
56080 1978 3 17 7110 32766 32766 26 116 -33 43 62 329 0 37 32766 0 60 1 32766 32766 100 
56080 1978 3 18 7080 32766 32766 13 162 -60 43 71 331 0 35 32766 15 90 16 32766 32766 89 
56080 1978 3 19 7079 32766 32766 2 32 -20 51 82 367 31004 14 32766 18 63 15 32766 32766 0 
56080 1978 3 20 7121 32766 32766 -15 49 -42 45 83 365 31022 21 32766 23 77 15 32766 32766 58 
56080 1978 3 21 7150 32766 32766 -41 -10 -57 37 82 375 31009 11 32766 25 70 16 32766 32766 6 
56080 1978 3 22 7137 32766 32766 -31 25 -69 34 70 360 32700 14 32766 10 57 15 32766 32766 72 
56080 1978 3 23 7134 32766 32766 -26 46 -58 35 71 347 32700 26 32766 10 67 6 32766 32766 46 
56080 1978 3 24 7135 32766 32766 -15 44 -48 40 74 359 31010 15 32766 13 50 3 32766 32766 64 
56080 1978 3 25 7108 32766 32766 -9 34 -30 44 76 374 31001 10 32766 18 67 15 32766 32766 0 
56080 1978 3 26 7108 32766 32766 -9 49 -31 46 83 355 31039 15 32766 8 70 15 32766 32766 10 
56080 1978 3 27 7147 32766 32766 -42 36 -96 39 87 372 31027 20 32766 0 90 16 32766 32766 57 
56080 1978 3 28 7128 32766 32766 -12 76 -57 45 81 358 31002 21 32766 13 87 5 32766 32766 75 
56080 1978 3 29 7099 32766 32766 -14 54 -50 45 82 367 31078 18 32766 20 87 16 32766 32766 23 
56080 1978 3 30 7133 32766 32766 -20 43 -68 36 69 357 32700 21 32766 25 57 7 32766 32766 62 
56080 1978 3 31 7127 32766 32766 -25 29 -50 39 77 354 31027 14 32766 15 60 16 32766 32766 44 
56080 1978 4 1 7151 32766 32766 -41 25 -122 32 70 351 31007 20 32766 20 53 1 32766 32766 81 
56080 1978 4 2 7150 32766 32766 -27 30 -63 36 73 355 31003 23 32766 23 57 4 32766 32766 71 
56080 1978 4 3 7137 32766 32766 -8 88 -79 31 59 333 31002 30 32766 18 93 11 32766 32766 106 
56080 1978 4 4 7149 32766 32766 6 74 -53 35 60 327 0 33 32766 20 70 4 32766 32766 78 
56080 1978 4 5 7170 32766 32766 10 77 -37 33 53 337 0 33 32766 15 57 4 32766 32766 86 
56080 1978 4 6 7147 32766 32766 -1 60 -36 43 71 361 31006 27 32766 23 77 16 32766 32766 82 
56080 1978 4 7 7163 32766 32766 15 103 -59 32 57 314 0 42 32766 20 73 3 32766 32766 104 
56080 1978 4 8 7196 32766 32766 24 83 -20 42 62 326 31001 34 32766 8 83 3 32766 32766 62 
56080 1978 4 9 7173 32766 32766 28 128 -60 33 55 321 0 45 32766 8 47 3 32766 32766 111 
56080 1978 4 10 7177 32766 32766 47 167 -63 34 48 321 0 53 32766 8 77 13 32766 32766 92 
56080 1978 4 11 7198 32766 32766 62 160 -35 38 48 317 0 53 32766 13 60 4 32766 32766 96 
56080 1978 4 12 7188 32766 32766 64 178 -44 36 49 313 0 60 32766 20 80 1 32766 32766 97 
56080 1978 4 13 7157 32766 32766 55 169 -42 36 50 312 32700 62 32766 15 90 2 32766 32766 91 
56080 1978 4 14 7125 32766 32766 62 176 -41 38 51 310 0 60 32766 10 83 14 32766 32766 78 
56080 1978 4 15 7158 32766 32766 14 103 -59 38 58 343 31006 50 32766 40 170 16 32766 32766 69 
56080 1978 4 16 7170 32766 32766 -20 59 -75 33 65 334 32700 21 32766 5 80 16 32766 32766 46 
56080 1978 4 17 7126 32766 32766 32 132 -74 38 59 326 31008 50 32766 18 70 15 32766 32766 89 
56080 1978 4 18 7090 32766 32766 52 156 -40 37 50 318 0 68 32766 28 90 15 32766 32766 111 
56080 1978 4 19 7108 32766 32766 60 118 33 54 59 342 32700 48 32766 23 80 5 32766 32766 12 
56080 1978 4 20 7122 32766 32766 23 117 -29 49 68 355 31012 44 32766 25 70 16 32766 32766 65 
56080 1978 4 21 7143 32766 32766 62 175 -32 51 61 328 0 57 32766 18 70 5 32766 32766 100 
56080 1978 4 22 7158 32766 32766 75 143 28 60 61 332 32700 58 32766 10 70 4 32766 32766 63 
56080 1978 4 23 7160 32766 32766 61 155 -32 56 65 327 32700 42 32766 8 80 5 32766 32766 77 
56080 1978 4 24 7150 32766 32766 65 159 -26 58 64 337 30009 51 32766 18 77 6 32766 32766 76 
56080 1978 4 25 7158 32766 32766 85 157 35 60 58 335 3 57 32766 23 53 3 32766 32766 49 
56080 1978 4 26 7159 32766 32766 53 116 38 71 80 372 36 6 32766 10 60 9 32766 32766 0 
56080 1978 4 27 7170 32766 32766 55 119 17 62 71 341 35 46 32766 18 90 15 32766 32766 92 
56080 1978 4 28 7147 32766 32766 80 192 -37 36 47 310 0 74 32766 20 70 13 32766 32766 118 
56080 1978 4 29 7134 32766 32766 89 200 -29 37 40 315 0 80 32766 15 80 6 32766 32766 108 
56080 1978 4 30 7167 32766 32766 93 160 53 58 52 335 32700 77 32766 20 90 16 32766 32766 90 
56080 1978 5 1 7190 32766 32766 55 117 6 57 65 347 0 37 32766 8 80 10 32766 32766 22 
56080 1978 5 2 7202 32766 32766 50 129 -3 60 71 344 32700 32 32766 10 120 16 32766 32766 60 
56080 1978 5 3 7186 32766 32766 65 135 -7 51 60 322 11 51 32766 30 130 14 32766 32766 41 
56080 1978 5 4 7174 32766 32766 70 137 8 44 50 321 3 73 32766 23 90 16 32766 32766 101 
56080 1978 5 5 7133 32766 32766 87 218 -45 37 42 313 0 89 32766 18 90 10 32766 32766 125 
56080 1978 5 6 7108 32766 32766 88 194 -10 52 52 318 32700 73 32766 25 110 16 32766 32766 74 
56080 1978 5 7 7149 32766 32766 74 154 50 77 75 365 14 34 32766 30 110 16 32766 32766 25 
56080 1978 5 8 7183 32766 32766 28 70 6 51 69 359 32700 37 32766 38 80 16 32766 32766 0 
56080 1978 5 9 7195 32766 32766 22 84 -23 53 73 357 30021 16 32766 18 70 11 32766 32766 34 
56080 1978 5 10 7186 32766 32766 38 112 6 59 76 354 30013 40 32766 18 100 15 32766 32766 54 
56080 1978 5 11 7186 32766 32766 58 145 -7 49 63 323 30030 57 32766 20 80 15 32766 32766 87 
56080 1978 5 12 7173 32766 32766 72 166 -27 44 53 315 0 64 32766 8 90 3 32766 32766 96 
56080 1978 5 13 7154 32766 32766 97 217 -25 39 44 311 0 80 32766 10 60 13 32766 32766 116 
56080 1978 5 14 7135 32766 32766 97 201 13 63 59 322 141 95 32766 20 93 16 32766 32766 59 
56080 1978 5 15 7161 32766 32766 66 115 30 79 82 366 100 32 32766 20 77 16 32766 32766 46 
56080 1978 5 16 7169 32766 32766 66 115 38 77 80 360 42 18 32766 8 150 16 32766 32766 13 
56080 1978 5 17 7177 32766 32766 80 147 21 73 70 352 2 49 32766 15 70 5 32766 32766 87 
56080 1978 5 18 7139 32766 32766 85 167 10 72 69 344 0 51 32766 20 100 6 32766 32766 80 
56080 1978 5 19 7154 32766 32766 105 174 30 66 56 331 32700 72 32766 23 110 10 32766 32766 112 
56080 1978 5 20 7149 32766 32766 99 187 37 79 68 337 13 57 32766 8 80 4 32766 32766 73 
56080 1978 5 21 7160 32766 32766 95 142 20 67 60 338 32700 40 32766 0 57 5 32766 32766 34 
56080 1978 5 22 7171 32766 32766 77 155 -2 68 67 345 32 42 32766 15 90 16 32766 32766 80 
56080 1978 5 23 7177 32766 32766 102 212 -6 51 53 312 32700 80 32766 18 50 4 32766 32766 129 
56080 1978 5 24 7154 32766 32766 123 219 17 52 44 315 0 81 32766 10 53 2 32766 32766 119 
56080 1978 5 25 7117 32766 32766 128 225 19 61 48 314 0 103 32766 23 80 5 32766 32766 126 
56080 1978 5 26 7115 32766 32766 102 174 59 87 71 358 22 41 32766 8 97 11 32766 32766 40 
56080 1978 5 27 7147 32766 32766 104 182 35 83 68 346 0 49 32766 8 77 2 32766 32766 70 
56080 1978 5 28 7135 32766 32766 107 162 76 92 73 346 105 40 32766 20 70 8 32766 32766 15 
56080 1978 5 29 7137 32766 32766 70 88 56 82 82 377 121 6 32766 45 80 16 32766 32766 0 
56080 1978 5 30 7157 32766 32766 93 163 35 76 67 343 32700 46 32766 13 47 1 32766 32766 88 
56080 1978 5 31 7156 32766 32766 111 220 6 64 55 328 32700 75 32766 13 60 3 32766 32766 111 
56080 1978 6 1 7153 32766 32766 78 166 30 83 78 368 4 36 32766 28 73 16 32766 32766 33 
56080 1978 6 2 7168 32766 32766 102 193 34 72 64 333 0 64 32766 8 60 5 32766 32766 87 
56080 1978 6 3 7148 32766 32766 113 210 14 71 58 332 0 75 32766 15 70 4 32766 32766 99 
56080 1978 6 4 7161 32766 32766 88 153 53 80 71 365 137 15 32766 25 57 16 32766 32766 0 
56080 1978 6 5 7178 32766 32766 95 183 11 73 67 333 0 64 32766 15 57 5 32766 32766 103 
56080 1978 6 6 7157 32766 32766 122 209 16 66 53 328 0 70 32766 18 60 5 32766 32766 109 
56080 1978 6 7 7152 32766 32766 70 174 44 81 81 370 86 12 32766 23 90 6 32766 32766 0 
56080 1978 6 8 7168 32766 32766 77 156 2 64 66 341 1 60 32766 8 70 16 32766 32766 104 
56080 1978 6 9 7150 32766 32766 112 209 7 65 56 326 32700 73 32766 13 67 3 32766 32766 95 
56080 1978 6 10 7188 32766 32766 127 174 86 83 58 339 32700 53 32766 35 97 10 32766 32766 9 
56080 1978 6 11 7154 32766 32766 106 178 41 79 66 333 32700 53 32766 20 57 5 32766 32766 19 
56080 1978 6 12 7155 32766 32766 74 148 52 91 87 382 156 13 32766 38 80 16 32766 32766 0 
56080 1978 6 13 7171 32766 32766 90 170 18 75 70 342 8 55 32766 20 67 16 32766 32766 65 
56080 1978 6 14 7167 32766 32766 91 184 4 71 67 329 4 57 32766 8 60 3 32766 32766 88 
56080 1978 6 15 7187 32766 32766 66 117 22 79 81 372 235 22 32766 13 57 15 32766 32766 25 
56080 1978 6 16 7188 32766 32766 87 164 22 90 81 359 16 39 32766 10 77 14 32766 32766 70 
56080 1978 6 17 7177 32766 32766 118 207 50 97 74 348 18 61 32766 10 70 5 32766 32766 94 
56080 1978 6 18 7182 32766 32766 97 165 56 90 76 356 16 41 32766 25 80 2 32766 32766 39 
56080 1978 6 19 7181 32766 32766 93 170 23 84 75 340 2 36 32766 10 73 16 32766 32766 63 
56080 1978 6 20 7183 32766 32766 111 164 59 91 71 351 8 60 32766 30 90 2 32766 32766 94 
56080 1978 6 21 7171 32766 32766 115 190 16 72 59 332 0 63 32766 10 70 5 32766 32766 121 
56080 1978 6 22 7136 32766 32766 125 201 48 92 66 341 0 58 32766 3 93 6 32766 32766 70 
56080 1978 6 23 7114 32766 32766 111 152 83 101 77 367 33 42 32766 23 60 15 32766 32766 18 
56080 1978 6 24 7116 32766 32766 110 202 40 86 71 330 87 60 32766 20 83 16 32766 32766 91 
56080 1978 6 25 7138 32766 32766 106 186 45 96 76 360 8 48 32766 13 60 1 32766 32766 112 
56080 1978 6 26 7150 32766 32766 121 194 41 98 73 348 21 48 32766 5 83 14 32766 32766 32766 
56080 1978 6 27 7159 32766 32766 127 193 67 105 73 349 32700 50 32766 15 130 15 32766 32766 93 
56080 1978 6 28 7151 32766 32766 137 228 40 91 64 328 6 68 32766 5 73 2 32766 32766 108 
56080 1978 6 29 7142 32766 32766 149 219 79 116 71 349 28 74 32766 23 90 16 32766 32766 99 
56080 1978 6 30 7127 32766 32766 140 212 71 120 77 353 122 64 32766 10 100 12 32766 32766 94 
56080 1978 7 1 7114 32766 32766 141 207 102 125 79 360 76 61 32766 23 140 15 32766 32766 72 
56080 1978 7 2 7131 32766 32766 124 181 65 102 74 350 37 51 32766 15 70 16 32766 32766 85 
56080 1978 7 3 7146 32766 32766 96 145 71 101 84 378 103 23 32766 15 120 16 32766 32766 14 
56080 1978 7 4 7185 32766 32766 98 150 42 73 62 344 32700 65 32766 25 70 16 32766 32766 106 
56080 1978 7 5 7187 32766 32766 110 197 21 78 66 328 0 64 32766 13 50 16 32766 32766 121 
56080 1978 7 6 7151 32766 32766 134 239 16 75 58 322 0 88 32766 23 57 10 32766 32766 133 
56080 1978 7 7 7140 32766 32766 144 264 40 105 67 335 0 82 32766 15 77 16 32766 32766 133 
56080 1978 7 8 7155 32766 32766 176 282 109 132 69 337 29 82 32766 13 110 16 32766 32766 93 
56080 1978 7 9 7168 32766 32766 166 233 102 131 72 347 16 70 32766 25 67 4 32766 32766 83 
56080 1978 7 10 7160 32766 32766 172 260 126 147 78 349 139 94 32766 20 80 16 32766 32766 81 
56080 1978 7 11 7155 32766 32766 175 238 126 155 80 352 155 83 32766 5 130 4 32766 32766 75 
56080 1978 7 12 7153 32766 32766 157 225 110 147 84 360 28 44 32766 18 70 10 32766 32766 52 
56080 1978 7 13 7190 32766 32766 118 155 107 114 82 369 98 24 32766 18 60 5 32766 32766 0 
56080 1978 7 14 7196 32766 32766 98 115 84 110 91 385 157 3 32766 23 37 16 32766 32766 0 
56080 1978 7 15 7211 32766 32766 112 165 73 98 75 356 1 35 32766 8 30 6 32766 32766 51 
56080 1978 7 16 7194 32766 32766 123 179 62 101 73 354 31 49 32766 5 100 13 32766 32766 82 
56080 1978 7 17 7170 32766 32766 122 192 27 91 68 344 32700 58 32766 8 70 11 32766 32766 121 
56080 1978 7 18 7139 32766 32766 124 230 44 91 67 344 32700 72 32766 33 83 16 32766 32766 120 
56080 1978 7 19 7139 32766 32766 127 204 57 96 68 348 32700 61 32766 0 70 14 32766 32766 92 
56080 1978 7 20 7153 32766 32766 132 197 48 98 66 348 46 63 32766 13 67 13 32766 32766 104 
56080 1978 7 21 7169 32766 32766 113 159 69 114 85 379 12 20 32766 13 43 16 32766 32766 13 
56080 1978 7 22 7172 32766 32766 135 216 74 105 72 341 32700 63 32766 8 70 1 32766 32766 95 
56080 1978 7 23 7163 32766 32766 141 244 38 81 60 325 0 85 32766 8 53 6 32766 32766 133 
56080 1978 7 24 7151 32766 32766 144 243 37 80 58 317 0 89 32766 10 63 6 32766 32766 132 
56080 1978 7 25 7146 32766 32766 135 231 64 101 68 341 32700 56 32766 5 63 16 32766 32766 69 
56080 1978 7 26 7152 32766 32766 151 205 110 126 75 357 32700 47 32766 3 50 8 32766 32766 27 
56080 1978 7 27 7158 32766 32766 103 169 59 115 91 389 222 30 32766 28 77 15 32766 32766 0 
56080 1978 7 28 7167 32766 32766 80 108 59 98 92 390 77 6 32766 15 47 15 32766 32766 0 
56080 1978 7 29 7137 32766 32766 108 175 76 114 88 380 21 30 32766 20 60 16 32766 32766 27 
56080 1978 7 30 7152 32766 32766 109 133 92 119 91 383 182 4 32766 18 50 16 32766 32766 0 
56080 1978 7 31 7171 32766 32766 133 199 81 111 75 358 0 46 32766 5 43 3 32766 32766 67 
56080 1978 8 1 7162 32766 32766 141 236 44 105 70 338 0 69 32766 8 47 5 32766 32766 128 
56080 1978 8 2 7156 32766 32766 151 243 62 107 68 336 0 74 32766 3 50 5 32766 32766 127 
56080 1978 8 3 7143 32766 32766 155 271 56 104 68 323 0 75 32766 8 40 9 32766 32766 125 
56080 1978 8 4 7140 32766 32766 162 262 81 122 71 337 0 70 32766 8 80 5 32766 32766 80 
56080 1978 8 5 7159 32766 32766 153 204 114 120 70 357 4 67 32766 30 70 16 32766 32766 64 
56080 1978 8 6 7152 32766 32766 150 225 101 122 73 350 8 60 32766 28 63 15 32766 32766 61 
56080 1978 8 7 7170 32766 32766 118 144 103 125 90 380 314 9 32766 20 70 16 32766 32766 0 
56080 1978 8 8 7200 32766 32766 108 148 76 101 79 367 3 26 32766 23 43 16 32766 32766 4 
56080 1978 8 9 7196 32766 32766 115 191 58 90 71 333 32700 59 32766 5 63 12 32766 32766 111 
56080 1978 8 10 7171 32766 32766 114 212 25 90 71 346 32700 51 32766 15 110 10 32766 32766 106 
56080 1978 8 11 7161 32766 32766 137 232 56 104 69 343 32700 68 32766 13 57 5 32766 32766 116 
56080 1978 8 12 7167 32766 32766 117 174 81 112 82 366 31 35 32766 8 50 16 32766 32766 7 
56080 1978 8 13 7166 32766 32766 89 128 74 99 87 380 242 11 32766 25 67 16 32766 32766 0 
56080 1978 8 14 7172 32766 32766 82 97 70 100 92 387 127 0 32766 8 43 16 32766 32766 0 
56080 1978 8 15 7189 32766 32766 113 174 56 108 82 364 16 38 32766 5 40 16 32766 32766 33 
56080 1978 8 16 7208 32766 32766 100 138 76 102 83 370 3 18 32766 15 67 16 32766 32766 0 
56080 1978 8 17 7220 32766 32766 110 184 59 87 70 338 2 58 32766 10 67 15 32766 32766 105 
56080 1978 8 18 7197 32766 32766 115 216 29 77 63 334 0 61 32766 5 30 13 32766 32766 123 
56080 1978 8 19 7169 32766 32766 125 247 8 88 64 339 0 70 32766 5 43 9 32766 32766 124 
56080 1978 8 20 7167 32766 32766 139 264 31 78 59 323 0 77 32766 18 47 11 32766 32766 124 
56080 1978 8 21 7173 32766 32766 149 271 39 99 63 332 0 80 32766 15 40 8 32766 32766 124 
56080 1978 8 22 7142 32766 32766 161 270 78 108 66 330 0 82 32766 13 57 8 32766 32766 117 
56080 1978 8 23 7140 32766 32766 132 214 76 113 77 346 36 54 32766 18 100 15 32766 32766 43 
56080 1978 8 24 7168 32766 32766 133 213 87 118 79 356 145 68 32766 20 60 15 32766 32766 62 
56080 1978 8 25 7173 32766 32766 109 154 64 112 86 381 140 32 32766 30 110 16 32766 32766 16 
56080 1978 8 26 7191 32766 32766 84 96 67 95 86 381 18 9 32766 25 43 16 32766 32766 0 
56080 1978 8 27 7202 32766 32766 95 129 66 105 89 376 20 17 32766 10 57 16 32766 32766 0 
56080 1978 8 28 7214 32766 32766 131 222 78 117 80 362 15 52 32766 13 43 1 32766 32766 86 
56080 1978 8 29 7187 32766 32766 153 232 89 128 75 351 0 60 32766 10 70 6 32766 32766 100 
56080 1978 8 30 7137 32766 32766 148 215 99 130 79 356 53 46 32766 20 93 16 32766 32766 72 
56080 1978 8 31 7159 32766 32766 97 141 69 103 86 375 294 40 32766 25 57 16 32766 32766 0 
56080 1978 9 1 7146 32766 32766 115 164 79 117 87 373 4 32 32766 28 70 15 32766 32766 23 
56080 1978 9 2 7172 32766 32766 91 117 72 102 88 385 23 3 32766 18 33 15 32766 32766 0 
56080 1978 9 3 7146 32766 32766 126 211 82 117 81 364 32700 43 32766 8 80 16 32766 32766 72 
56080 1978 9 4 7147 32766 32766 105 135 92 115 91 389 217 14 32766 25 50 15 32766 32766 0 
56080 1978 9 5 7142 32766 32766 118 179 91 123 90 372 249 44 32766 15 90 16 32766 32766 16 
56080 1978 9 6 7194 32766 32766 54 101 37 82 90 388 301 28 32766 45 80 15 32766 32766 0 
56080 1978 9 7 7215 32766 32766 23 41 7 66 92 388 97 6 32766 25 70 15 32766 32766 0 
56080 1978 9 8 7230 32766 32766 60 132 25 75 81 364 5 34 32766 23 67 16 32766 32766 65 
56080 1978 9 9 7216 32766 32766 84 160 37 74 71 343 0 47 32766 10 53 15 32766 32766 92 
56080 1978 9 10 7181 32766 32766 71 184 -1 78 79 347 7 43 32766 3 90 16 32766 32766 71 
56080 1978 9 11 7189 32766 32766 85 157 56 87 81 352 100 34 32766 15 90 16 32766 32766 46 
56080 1978 9 12 7198 32766 32766 78 153 35 77 75 349 61 43 32766 8 60 15 32766 32766 77 
56080 1978 9 13 7184 32766 32766 71 150 14 77 80 345 8 29 32766 8 117 16 32766 32766 62 
56080 1978 9 14 7173 32766 32766 87 174 30 78 74 336 32700 42 32766 8 53 15 32766 32766 80 
56080 1978 9 15 7167 32766 32766 106 212 37 98 79 356 0 46 32766 15 60 16 32766 32766 78 
56080 1978 9 16 7161 32766 32766 102 135 84 104 84 378 2 22 32766 28 97 15 32766 32766 0 
56080 1978 9 17 7226 32766 32766 57 95 36 74 80 374 48 18 32766 28 73 16 32766 32766 13 
56080 1978 9 18 7221 32766 32766 75 162 11 69 70 345 0 44 32766 10 63 4 32766 32766 101 
56080 1978 9 19 7197 32766 32766 64 131 0 73 78 353 32700 27 32766 13 40 16 32766 32766 20 
56080 1978 9 20 7186 32766 32766 67 97 55 87 88 382 3 13 32766 18 60 16 32766 32766 0 
56080 1978 9 21 7219 32766 32766 61 120 23 72 79 349 6 22 32766 13 70 14 32766 32766 48 
56080 1978 9 22 7228 32766 32766 49 125 -7 62 76 346 32700 30 32766 8 67 12 32766 32766 58 
56080 1978 9 23 7217 32766 32766 23 108 -17 61 84 372 30033 25 32766 15 70 15 32766 32766 61 
56080 1978 9 24 7206 32766 32766 45 150 -32 52 70 327 32700 41 32766 18 67 1 32766 32766 99 
56080 1978 9 25 7231 32766 32766 38 124 -31 56 74 340 0 28 32766 18 90 11 32766 32766 88 
56080 1978 9 26 7239 32766 32766 43 142 -35 53 71 331 32700 38 32766 8 50 2 32766 32766 97 
56080 1978 9 27 7211 32766 32766 54 172 -33 49 64 324 0 48 32766 5 43 16 32766 32766 109 
56080 1978 9 28 7187 32766 32766 67 207 -34 53 61 323 0 49 32766 8 37 3 32766 32766 110 
56080 1978 9 29 7172 32766 32766 91 234 -20 64 64 319 0 60 32766 10 60 10 32766 32766 110 
56080 1978 9 30 7146 32766 32766 86 206 13 79 76 335 32700 43 32766 13 80 16 32766 32766 72 
56080 1978 10 1 7158 32766 32766 44 106 15 77 92 388 158 9 32766 50 90 16 32766 32766 0 
56080 1978 10 2 7211 32766 32766 16 37 0 64 94 388 30099 4 32766 15 40 15 32766 32766 0 
56080 1978 10 3 7220 32766 32766 44 121 1 67 82 366 30025 25 32766 10 33 15 32766 32766 58 
56080 1978 10 4 7213 32766 32766 59 163 -20 61 71 340 0 36 32766 5 33 5 32766 32766 107 
56080 1978 10 5 7173 32766 32766 65 182 -3 76 80 354 0 30 32766 10 70 15 32766 32766 76 
56080 1978 10 6 7176 32766 32766 83 158 46 83 77 358 6 32 32766 18 70 15 32766 32766 62 
56080 1978 10 7 7191 32766 32766 84 157 54 80 74 349 4 30 32766 13 140 16 32766 32766 35 
56080 1978 10 8 7220 32766 32766 65 132 27 62 67 338 32700 42 32766 20 60 5 32766 32766 97 
56080 1978 10 9 7204 32766 32766 47 122 6 62 75 353 31005 30 32766 8 80 16 32766 32766 76 
56080 1978 10 10 7217 32766 32766 54 137 -4 57 69 330 0 36 32766 15 67 15 32766 32766 82 
56080 1978 10 11 7202 32766 32766 45 144 -20 64 79 346 31 25 32766 5 80 5 32766 32766 73 
56080 1978 10 12 7212 32766 32766 65 155 6 73 78 354 0 30 32766 3 53 16 32766 32766 64 
56080 1978 10 13 7212 32766 32766 41 92 22 69 84 370 67 10 32766 15 100 15 32766 32766 20 
56080 1978 10 14 7236 32766 32766 37 109 -11 57 76 347 0 27 32766 5 30 2 32766 32766 84 
56080 1978 10 15 7215 32766 32766 37 139 -32 50 70 329 0 37 32766 5 50 16 32766 32766 101 
56080 1978 10 16 7177 32766 32766 54 189 -41 53 67 323 0 41 32766 18 77 10 32766 32766 95 
56080 1978 10 17 7186 32766 32766 36 94 10 63 80 379 32700 20 32766 43 90 15 32766 32766 0 
56080 1978 10 18 7207 32766 32766 -20 49 -50 51 95 393 31095 0 32766 13 80 15 32766 32766 61 
56080 1978 10 19 7206 32766 32766 -7 87 -77 43 76 345 0 14 32766 0 23 3 32766 32766 89 
56080 1978 10 20 7191 32766 32766 16 85 -25 54 80 360 0 11 32766 8 40 2 32766 32766 36 
56080 1978 10 21 7192 32766 32766 35 108 -15 53 72 341 0 24 32766 3 37 15 32766 32766 67 
56080 1978 10 22 7203 32766 32766 24 105 -15 53 76 350 0 24 32766 15 70 1 32766 32766 64 
56080 1978 10 23 7211 32766 32766 20 98 -48 45 69 335 0 22 32766 10 53 15 32766 32766 60 
56080 1978 10 24 7196 32766 32766 33 137 -20 46 66 325 0 40 32766 23 87 12 32766 32766 93 
56080 1978 10 25 7178 32766 32766 36 140 -40 41 60 322 0 29 32766 10 50 10 32766 32766 74 
56080 1978 10 26 7199 32766 32766 -11 83 -64 51 89 378 31090 12 32766 35 70 15 32766 32766 17 
56080 1978 10 27 7255 32766 32766 -73 17 -150 27 77 359 31012 13 32766 3 53 15 32766 32766 86 
56080 1978 10 28 7252 32766 32766 -43 49 -114 29 68 335 0 16 32766 8 23 4 32766 32766 99 
56080 1978 10 29 7211 32766 32766 -23 93 -99 35 69 343 0 19 32766 0 27 3 32766 32766 101 
56080 1978 10 30 7201 32766 32766 4 95 -53 40 69 334 0 14 32766 3 40 16 32766 32766 64 
56080 1978 10 31 7213 32766 32766 24 127 -49 52 72 351 0 22 32766 3 40 15 32766 32766 90 
56080 1978 11 1 7215 32766 32766 32 89 2 58 76 364 32700 18 32766 10 47 5 32766 32766 21 
56080 1978 11 2 7211 32766 32766 30 100 -13 49 68 338 32700 25 32766 3 53 2 32766 32766 72 
56080 1978 11 3 7178 32766 32766 25 82 -17 53 74 357 0 17 32766 8 43 8 32766 32766 40 
56080 1978 11 4 7167 32766 32766 21 95 -24 48 72 338 32700 21 32766 3 53 16 32766 32766 63 
56080 1978 11 5 7181 32766 32766 -1 120 -69 36 65 329 0 20 32766 0 30 10 32766 32766 93 
56080 1978 11 6 7176 32766 32766 1 110 -71 40 70 333 0 18 32766 8 80 14 32766 32766 76 
56080 1978 11 7 7187 32766 32766 -11 66 -57 41 75 343 0 10 32766 5 27 7 32766 32766 28 
56080 1978 11 8 7194 32766 32766 -15 35 -41 45 83 357 31017 7 32766 3 70 16 32766 32766 0 
56080 1978 11 9 7213 32766 32766 -31 36 -74 37 77 354 31008 9 32766 0 27 1 32766 32766 72 
56080 1978 11 10 7197 32766 32766 -33 62 -98 33 73 336 0 14 32766 3 23 1 32766 32766 95 
56080 1978 11 11 7171 32766 32766 -27 79 -102 31 66 332 0 13 32766 0 37 12 32766 32766 75 
56080 1978 11 12 7150 32766 32766 -27 84 -103 31 67 332 0 14 32766 15 83 16 32766 32766 82 
56080 1978 11 13 7154 32766 32766 -11 100 -73 40 74 343 32700 14 32766 8 90 16 32766 32766 53 
56080 1978 11 14 7171 32766 32766 10 76 -24 44 68 346 0 17 32766 8 63 15 32766 32766 51 
56080 1978 11 15 7162 32766 32766 5 75 -26 40 67 328 31001 21 32766 20 77 11 32766 32766 63 
56080 1978 11 16 7149 32766 32766 -15 69 -66 34 66 327 32700 22 32766 25 97 16 32766 32766 60 
56080 1978 11 17 7165 32766 32766 -21 43 -48 42 79 364 31006 13 32766 18 63 16 32766 32766 48 
56080 1978 11 18 7169 32766 32766 -31 26 -75 32 68 334 0 12 32766 10 33 4 32766 32766 56 
56080 1978 11 19 7152 32766 32766 -30 19 -57 36 73 361 31008 8 32766 8 40 16 32766 32766 24 
56080 1978 11 20 7155 32766 32766 -48 -5 -75 37 86 381 31007 4 32766 5 43 15 32766 32766 8 
56080 1978 11 21 7154 32766 32766 -39 9 -79 33 73 344 31002 9 32766 10 80 16 32766 32766 37 
56080 1978 11 22 7149 32766 32766 -52 36 -113 27 68 345 0 12 32766 8 53 15 32766 32766 88 
56080 1978 11 23 7139 32766 32766 -58 -27 -83 32 80 375 31001 7 32766 20 70 15 32766 32766 0 
56080 1978 11 24 7147 32766 32766 -57 -32 -68 35 86 380 31004 2 32766 25 73 16 32766 32766 0 
56080 1978 11 25 7180 32766 32766 -73 -33 -95 27 77 363 31003 4 32766 18 37 16 32766 32766 16 
56080 1978 11 26 7186 32766 32766 -75 -24 -117 25 72 359 32700 5 32766 13 33 9 32766 32766 39 
56080 1978 11 27 7176 32766 32766 -53 4 -77 25 61 345 32700 12 32766 20 53 9 32766 32766 59 
56080 1978 11 28 7178 32766 32766 -61 -9 -102 25 67 350 0 10 32766 15 63 1 32766 32766 58 
56080 1978 11 29 7171 32766 32766 -77 -7 -106 22 67 342 32700 11 32766 13 80 14 32766 32766 55 
56080 1978 11 30 7137 32766 32766 -91 24 -149 12 48 305 0 22 32766 45 203 13 32766 32766 64 
56080 1978 12 1 7196 32766 32766 -93 6 -177 11 42 312 0 14 32766 5 30 2 32766 32766 79 
56080 1978 12 2 7161 32766 32766 -66 88 -154 22 61 341 0 18 32766 0 97 13 32766 32766 87 
56080 1978 12 3 7171 32766 32766 -42 25 -89 21 50 326 0 21 32766 10 80 16 32766 32766 39 
56080 1978 12 4 7215 32766 32766 -64 55 -151 13 48 304 0 20 32766 10 80 12 32766 32766 86 
56080 1978 12 5 7206 32766 32766 -59 79 -149 15 49 313 0 24 32766 18 73 13 32766 32766 86 
56080 1978 12 6 7186 32766 32766 -35 110 -135 15 43 307 0 28 32766 18 80 10 32766 32766 88 
56080 1978 12 7 7155 32766 32766 -50 62 -121 21 57 322 0 19 32766 10 73 16 32766 32766 76 
56080 1978 12 8 7153 32766 32766 -36 84 -122 25 60 330 0 15 32766 3 100 15 32766 32766 71 
56080 1978 12 9 7197 32766 32766 -34 43 -83 23 55 314 31001 30 32766 25 100 13 32766 32766 75 
56080 1978 12 10 7212 32766 32766 -69 60 -163 16 47 323 0 12 32766 5 33 8 32766 32766 69 
56080 1978 12 11 7193 32766 32766 -60 51 -134 19 54 325 0 17 32766 18 77 16 32766 32766 73 
56080 1978 12 12 7174 32766 32766 -58 90 -155 19 53 324 0 14 32766 3 60 16 32766 32766 83 
56080 1978 12 13 7204 32766 32766 -68 -6 -114 26 69 360 32700 14 32766 15 67 15 32766 32766 69 
56080 1978 12 14 7221 32766 32766 -59 106 -162 19 60 324 0 15 32766 0 63 10 32766 32766 83 
56080 1978 12 15 7167 32766 32766 -32 125 -136 19 43 322 0 20 32766 0 37 9 32766 32766 83 
56080 1978 12 16 7163 32766 32766 -54 106 -140 21 57 327 0 15 32766 0 13 1 32766 32766 83 
56080 1978 12 17 7135 32766 32766 -49 105 -141 19 53 322 0 20 32766 0 53 11 32766 32766 88 
56080 1978 12 18 7124 32766 32766 -75 64 -157 16 51 324 0 11 32766 0 27 16 32766 32766 60 
56080 1978 12 19 7129 32766 32766 -65 87 -159 17 53 322 0 16 32766 8 77 14 32766 32766 79 
56080 1978 12 20 7137 32766 32766 -67 30 -124 22 56 342 0 18 32766 10 57 15 32766 32766 60 
56080 1978 12 21 7179 32766 32766 -66 38 -158 14 53 311 0 32 32766 48 130 15 32766 32766 78 
56080 1978 12 22 7174 32766 32766 -81 52 -184 10 27 314 0 17 32766 5 23 2 32766 32766 87 
56080 1978 12 23 7161 32766 32766 -77 79 -181 10 38 317 0 16 32766 3 40 3 32766 32766 87 
56080 1978 12 24 7143 32766 32766 -82 74 -170 11 40 312 0 15 32766 0 43 1 32766 32766 85 
56080 1978 12 25 7110 32766 32766 -67 98 -174 10 38 310 0 18 32766 0 67 9 32766 32766 87 
56080 1978 12 26 7161 32766 32766 -73 -15 -105 23 65 348 32700 11 32766 18 43 5 32766 32766 21 
56080 1978 12 27 7167 32766 32766 -89 41 -186 14 58 317 32700 22 32766 5 80 11 32766 32766 79 
56080 1978 12 28 7144 32766 32766 -71 51 -174 10 32 314 0 15 32766 8 60 1 32766 32766 78 
56080 1978 12 29 7138 32766 32766 -78 52 -174 17 50 333 0 18 32766 3 77 16 32766 32766 77 
56080 1978 12 30 7158 32766 32766 -73 44 -132 16 46 328 0 9 32766 0 20 1 32766 32766 48 
56080 1978 12 31 7152 32766 32766 -77 48 -177 11 43 315 0 15 32766 0 33 5 32766 32766 87 
56080 1979 1 1 7171 32766 32766 -76 44 -173 11 38 321 0 14 32766 5 40 15 32766 32766 83 
56080 1979 1 2 7180 32766 32766 -100 32 -188 10 45 311 0 17 32766 5 50 16 32766 32766 87 
56080 1979 1 3 7167 32766 32766 -95 44 -201 10 42 317 0 14 32766 8 37 15 32766 32766 89 
