V01000 V04001 V04002 V04003 V10004 V10201 V10202 V12001 V12052 V12053 V13004 V13003 V13007 V13201 V13241 V13242 V11002 V11042 V11212 V11041 V11043 V14032
54823 2013 1 8 10073 10093 10044 -30 15 -57 28 58 42 0 9 32766 20 32 5 45 6 0 
54823 2013 1 9 10104 10121 10084 -40 12 -70 24 55 24 0 10 32766 19 42 5 61 5 81 
54823 2013 1 10 10077 10099 10058 -15 28 -64 29 51 37 0 13 32766 26 42 7 87 10 62 
54823 2013 1 11 10036 10060 10010 13 47 -21 45 68 49 0 16 32766 38 83 10 129 9 0 
54823 2013 1 12 10031 10066 9999 21 84 -53 29 46 21 0 15 32766 25 76 10 138 8 79 
54823 2013 1 13 10021 10043 10002 21 56 -29 34 51 27 0 23 32766 27 48 6 82 9 60 
54823 2013 1 14 10046 10065 10032 -23 12 -49 46 90 73 0 6 32766 11 26 16 41 1 4 
54823 2013 1 15 10051 10061 10034 -23 -14 -38 49 95 89 32700 2 32766 14 45 13 69 13 0 
54823 2013 1 16 10105 10145 10058 -25 14 -41 43 84 66 0 7 32766 25 38 5 56 5 49 
54823 2013 1 17 10174 10197 10145 -38 16 -71 36 80 49 0 12 32766 16 30 5 43 1 74 
54823 2013 1 18 10092 10169 10041 4 46 -48 28 45 31 0 16 32766 29 78 10 123 9 83 
54823 2013 1 19 10058 10079 10049 21 78 -18 45 64 31 0 15 32766 24 51 9 88 9 53 
54823 2013 1 20 10063 10080 10046 6 27 -8 59 92 64 74 3 32766 16 32 3 46 3 0 
54823 2013 1 21 10068 10085 10047 -15 -1 -25 54 98 96 77 6 32766 20 35 3 56 3 0 
54823 2013 1 22 10081 10105 10057 -24 19 -40 44 86 58 2 11 32766 24 39 5 57 3 45 
54823 2013 1 23 9994 10060 9963 -10 49 -58 45 79 60 0 14 32766 28 46 7 80 11 80 
54823 2013 1 24 10031 10054 9975 2 43 -20 43 71 27 0 16 32766 21 34 5 54 4 85 
54823 2013 1 25 10001 10037 9981 15 69 -11 44 65 37 0 18 32766 22 38 6 64 8 71 
54823 2013 1 26 10051 10075 10003 -20 18 -46 46 88 70 0 6 32766 15 32 16 47 1 59 
54823 2013 1 27 10074 10096 10052 -1 51 -41 47 78 60 0 7 32766 17 33 12 55 11 62 
54823 2013 1 28 10009 10053 9991 38 81 7 51 65 36 0 18 32766 19 42 8 84 9 73 
54823 2013 1 29 10031 10044 10009 3 14 -6 59 95 90 0 3 32766 14 29 6 39 6 0 
54823 2013 1 30 10042 10059 10018 11 37 -3 63 96 86 0 7 32766 10 24 1 32 1 0 
54823 2013 1 31 10013 10039 9989 5 21 -6 63 99 91 1 1 32766 11 26 16 41 2 0 
54823 2013 2 1 10044 10084 9997 20 60 -1 53 77 48 1 7 32766 29 50 4 78 5 61 
54823 2013 2 2 10103 10129 10077 22 77 -15 40 58 36 0 27 32766 14 45 5 62 5 87 
54823 2013 2 3 10003 10083 9949 7 31 -12 53 84 43 103 6 32766 18 55 8 82 9 0 
54823 2013 2 4 10053 10088 9962 -5 9 -21 53 90 72 0 7 32766 24 57 5 88 4 0 
54823 2013 2 5 10032 10076 10012 -15 9 -29 50 90 75 36 15 32766 10 22 13 32 13 0 
54823 2013 2 6 10040 10055 10019 -11 5 -17 51 91 80 32700 4 32766 22 52 5 75 5 0 
54823 2013 2 7 10146 10178 10055 -73 -18 -91 18 48 29 32700 15 32766 50 83 4 159 3 55 
54823 2013 2 8 10156 10192 10113 -63 -16 -110 16 42 28 0 12 32766 16 40 13 55 13 73 
54823 2013 2 9 10054 10116 10020 -17 49 -58 29 53 37 0 18 32766 37 67 9 101 9 89 
54823 2013 2 10 10067 10088 10041 -5 54 -31 41 70 45 0 15 32766 31 63 5 94 4 31 
54823 2013 2 11 10105 10125 10087 -10 10 -23 44 77 67 32700 8 32766 11 46 5 72 4 0 
54823 2013 2 12 10075 10103 10062 -7 41 -31 44 76 28 33 10 32766 21 31 14 43 13 59 
54823 2013 2 13 10031 10068 10006 38 81 -10 36 44 27 0 30 32766 42 76 9 125 8 80 
54823 2013 2 14 10031 10046 10011 39 94 11 48 61 36 0 29 32766 24 42 16 61 1 70 
54823 2013 2 15 10070 10095 10041 18 77 -21 48 72 34 0 22 32766 25 38 5 63 5 85 
54823 2013 2 16 10011 10058 9970 43 87 3 54 65 48 0 18 32766 29 57 8 105 8 34 
54823 2013 2 17 9981 10005 9956 32 68 15 58 75 51 0 16 32766 18 54 4 90 8 0 
54823 2013 2 18 10050 10070 10005 9 38 -14 31 49 31 0 27 32766 37 64 4 107 3 37 
54823 2013 2 19 10080 10100 10066 4 46 -28 37 58 39 0 16 32766 13 34 13 58 12 40 
54823 2013 2 20 10065 10081 10044 37 94 4 50 64 41 0 30 32766 24 56 10 84 12 92 
54823 2013 2 21 10072 10095 10045 54 103 12 56 63 48 0 29 32766 22 53 12 78 11 59 
54823 2013 2 22 10085 10114 10052 47 91 26 45 54 22 0 35 32766 18 66 5 97 5 78 
54823 2013 2 23 10081 10103 10052 48 131 -9 42 49 32 0 29 32766 18 37 5 55 10 63 
54823 2013 2 24 10035 10076 9999 99 161 45 49 43 17 0 43 32766 25 47 8 86 9 39 
54823 2013 2 25 10035 10059 10012 32 97 14 61 80 31 0 17 32766 21 38 7 68 8 0 
54823 2013 2 26 10006 10034 9986 34 72 13 69 89 71 0 8 32766 15 28 3 44 3 27 
54823 2013 2 27 9978 10005 9947 68 146 9 72 74 48 0 20 32766 17 36 11 58 12 23 
54823 2013 2 28 9924 9984 9871 91 159 55 73 61 34 12 17 32766 47 93 9 140 10 18 
54823 2013 3 1 10099 10132 9984 9 61 -15 16 25 16 0 47 32766 56 84 3 140 3 76 
54823 2013 3 2 10135 10161 10092 18 85 -33 21 31 15 0 26 32766 13 40 5 57 4 96 
54823 2013 3 3 10029 10105 9993 77 148 26 26 26 13 0 50 32766 25 60 10 96 9 101 
54823 2013 3 4 10035 10058 10004 100 156 56 26 22 13 0 63 32766 30 77 5 125 4 102 
54823 2013 3 5 9989 10051 9942 145 197 52 44 25 16 0 79 32766 46 87 10 146 9 90 
54823 2013 3 6 9931 9952 9904 169 219 127 68 37 23 0 87 32766 45 95 10 150 10 58 
54823 2013 3 7 9918 9957 9863 157 224 70 56 38 12 0 76 32766 38 82 11 132 10 84 
54823 2013 3 8 9864 9895 9847 217 284 136 54 23 11 0 100 32766 34 74 9 138 9 86 
54823 2013 3 9 9856 9983 9782 187 280 100 69 29 13 0 143 32766 80 118 3 190 3 94 
54823 2013 3 10 10066 10098 9982 73 134 7 26 27 12 0 65 32766 31 95 3 179 4 99 
54823 2013 3 11 10013 10066 9968 93 151 40 29 25 14 0 55 32766 17 45 11 74 7 81 
54823 2013 3 12 9925 9970 9891 79 112 64 78 75 22 7 20 32766 28 62 9 126 10 0 
54823 2013 3 13 10064 10095 9950 34 81 1 41 54 33 0 43 32766 51 99 5 141 5 105 
54823 2013 3 14 10085 10115 10053 50 113 -18 26 32 13 0 42 32766 26 44 13 73 11 85 
54823 2013 3 15 10017 10062 9980 94 147 48 41 34 25 0 53 32766 31 57 11 96 10 96 
54823 2013 3 16 10010 10039 9993 130 191 73 71 49 31 0 50 32766 21 53 5 73 5 78 
54823 2013 3 17 9909 9997 9845 134 169 101 79 52 39 32700 39 32766 29 52 10 81 10 16 
54823 2013 3 18 9853 9882 9814 102 163 49 69 56 39 0 43 32766 48 92 5 139 5 12 
54823 2013 3 19 9889 9920 9862 51 79 31 57 66 51 32700 15 32766 26 59 5 98 5 0 
54823 2013 3 20 10024 10064 9920 20 76 -18 42 62 32 32700 31 32766 29 82 5 129 5 91 
54823 2013 3 21 9912 10025 9842 100 163 29 46 40 15 0 70 32766 56 106 9 201 9 98 
54823 2013 3 22 9950 9991 9857 83 130 43 55 50 27 0 49 32766 33 74 5 114 5 78 
54823 2013 3 23 9921 9978 9844 112 175 54 52 37 30 0 76 32766 52 98 10 182 9 93 
54823 2013 3 24 10008 10043 9930 43 134 5 32 39 20 0 71 32766 39 89 4 149 3 109 
54823 2013 3 25 10013 10038 9996 66 123 0 21 21 15 0 45 32766 22 48 10 68 11 76 
54823 2013 3 26 9972 10015 9936 82 126 46 42 39 19 0 61 32766 41 80 10 120 10 86 
54823 2013 3 27 9904 9940 9866 137 212 86 71 45 29 0 84 32766 51 84 11 145 10 101 
54823 2013 3 28 9983 10014 9909 87 156 65 50 44 16 0 46 32766 51 102 6 151 4 0 
54823 2013 3 29 10008 10030 9971 83 112 41 26 24 14 0 44 32766 18 47 8 83 9 21 
54823 2013 3 30 10002 10016 9981 64 103 49 74 78 23 37 21 32766 19 44 7 70 8 0 
54823 2013 3 31 9999 10042 9938 96 170 20 60 58 24 0 53 32766 38 91 11 175 9 99 
54823 2013 4 1 9957 10008 9908 129 170 85 79 54 23 13 32766 24 84 122 9 195 8 31 
54823 2013 4 2 10001 10037 9957 111 189 25 43 37 16 0 32766 42 37 80 5 128 5 114 
54823 2013 4 3 9924 9961 9905 158 199 130 41 23 16 0 32766 47 30 78 10 124 9 41 
54823 2013 4 4 9914 9931 9881 150 209 87 72 42 25 0 32766 20 16 32 6 49 3 56 
54823 2013 4 5 9958 9987 9910 76 157 53 88 85 54 8 32766 12 28 55 4 88 3 0 
54823 2013 4 6 9983 10007 9950 67 116 24 50 54 20 0 32766 29 27 56 15 91 16 104 
54823 2013 4 7 9897 9956 9845 132 194 51 43 27 23 0 32766 45 65 105 10 174 9 107 
54823 2013 4 8 9930 9973 9849 122 167 99 48 33 11 0 32766 40 35 131 9 197 9 50 
54823 2013 4 9 10011 10025 9973 89 129 49 19 17 14 0 32766 50 41 68 15 104 14 115 
54823 2013 4 10 10010 10031 9982 86 128 55 28 25 15 0 32766 39 25 70 14 103 15 111 
54823 2013 4 11 9995 10005 9972 110 165 65 33 25 14 0 32766 35 26 74 15 117 15 107 
54823 2013 4 12 9965 10005 9924 164 232 79 38 20 14 0 32766 52 41 62 9 108 9 112 
54823 2013 4 13 9859 9931 9810 243 300 183 64 22 10 0 32766 63 51 93 9 154 8 110 
54823 2013 4 14 9890 9931 9843 177 254 103 74 39 16 0 32766 60 30 93 5 138 5 112 
54823 2013 4 15 9811 9860 9778 227 295 171 119 45 22 0 32766 48 27 95 9 170 9 105 
54823 2013 4 16 9833 9875 9775 164 271 104 99 53 31 0 32766 53 37 77 10 140 10 68 
54823 2013 4 17 9885 9907 9854 133 199 71 61 40 28 0 32766 31 12 49 6 70 3 58 
54823 2013 4 18 9994 10026 9885 96 146 70 55 45 33 0 32766 47 51 102 5 151 3 60 
54823 2013 4 19 10022 10036 9998 55 78 3 44 53 16 36 32766 37 35 67 5 113 5 0 
54823 2013 4 20 10027 10048 10011 36 86 3 65 83 52 42 32766 17 14 32 5 49 4 50 
54823 2013 4 21 10012 10040 9970 97 172 27 62 55 24 0 32766 31 20 50 13 88 12 114 
54823 2013 4 22 9965 9995 9941 123 175 90 85 61 38 14 32766 16 29 42 7 68 13 58 
54823 2013 4 23 9925 9950 9890 133 182 70 96 64 48 0 32766 23 30 57 13 82 13 81 
54823 2013 4 24 9924 9950 9885 169 242 89 94 55 15 0 32766 35 26 59 15 86 12 111 
54823 2013 4 25 9944 9962 9896 172 211 134 57 30 13 0 32766 58 31 63 1 114 15 122 
54823 2013 4 26 9908 9957 9855 206 273 125 66 26 18 0 32766 58 46 82 10 135 9 124 
54823 2013 4 27 9866 9883 9842 231 258 211 151 54 41 0 32766 54 41 94 9 154 9 94 
54823 2013 4 28 9885 9902 9856 197 253 152 158 70 48 32700 32766 14 20 51 16 86 16 28 
54823 2013 4 29 9949 9971 9902 204 253 156 55 25 11 0 32766 72 35 83 5 131 4 103 
54823 2013 4 30 9946 9964 9927 204 275 149 59 26 10 0 32766 58 19 53 5 85 4 123 
54823 2013 5 1 9940 9960 9923 189 253 125 67 31 17 0 32766 55 27 58 5 99 4 113 
54823 2013 5 2 9921 9941 9889 200 253 153 82 35 27 0 32766 57 25 64 7 107 8 30 
54823 2013 5 3 9946 9974 9902 171 215 138 118 62 44 0 32766 33 47 58 4 102 8 36 
54823 2013 5 4 9981 9998 9959 185 266 96 97 49 22 0 32766 44 13 47 5 69 5 118 
54823 2013 5 5 9978 9999 9953 224 295 165 111 42 23 0 32766 32 21 42 8 61 8 111 
54823 2013 5 6 9959 9973 9938 235 292 172 128 45 20 0 32766 35 18 33 7 55 7 91 
54823 2013 5 7 9955 9974 9934 238 309 179 116 43 11 0 32766 44 22 57 9 85 8 67 
54823 2013 5 8 9944 9956 9921 150 242 132 155 91 42 214 32766 27 16 45 8 69 8 0 
54823 2013 5 9 9899 9932 9874 155 180 137 156 89 72 1 32766 19 11 32 15 46 14 0 
54823 2013 5 10 9869 9907 9834 197 270 129 116 57 16 0 32766 36 32 54 14 91 13 121 
54823 2013 5 11 9803 9851 9777 257 313 204 93 29 15 0 32766 70 60 88 9 162 9 124 
54823 2013 5 12 9799 9805 9785 284 341 231 117 31 16 0 32766 77 62 82 11 136 9 124 
54823 2013 5 13 9820 9829 9804 286 335 259 181 47 33 0 32766 70 44 98 9 153 9 122 
54823 2013 5 14 9867 9892 9828 261 286 231 152 45 26 0 32766 68 53 72 10 130 10 92 
54823 2013 5 15 9933 9945 9893 235 301 206 89 30 16 0 32766 78 47 79 5 133 5 108 
54823 2013 5 16 9951 9968 9930 210 262 144 121 48 38 0 32766 52 33 63 5 95 6 102 
54823 2013 5 17 9927 9947 9910 219 268 199 150 58 35 32700 32766 40 26 49 8 79 8 15 
54823 2013 5 18 9879 9924 9847 167 213 151 168 89 61 133 32766 12 23 58 5 86 5 46 
54823 2013 5 19 9817 9865 9766 215 309 134 136 57 29 0 32766 48 42 97 3 154 4 115 
54823 2013 5 20 9846 9870 9811 240 291 172 59 20 11 0 32766 89 39 86 5 119 5 133 
54823 2013 5 21 9803 9830 9779 281 341 229 153 41 23 0 32766 80 77 93 9 169 9 112 
54823 2013 5 22 9873 9891 9797 293 356 250 200 52 24 0 32766 38 21 84 9 119 9 66 
54823 2013 5 23 9906 9925 9884 263 324 208 221 67 40 0 32766 33 17 40 14 57 14 60 
54823 2013 5 24 9908 9921 9890 262 303 221 195 58 44 0 32766 38 20 42 15 60 8 58 
54823 2013 5 25 9900 9920 9883 243 284 210 231 77 58 7 32766 27 14 44 7 69 7 0 
54823 2013 5 26 9849 9894 9827 200 238 173 217 93 75 265 32766 22 30 66 5 96 4 0 
54823 2013 5 27 9833 9850 9806 159 173 155 176 97 94 51 32766 15 53 76 4 125 3 0 
54823 2013 5 28 9874 9893 9850 189 234 157 191 89 63 14 32766 17 22 39 5 63 3 8 
54823 2013 5 29 9926 9947 9893 207 261 185 145 63 25 0 32766 47 23 50 14 79 14 82 
54823 2013 5 30 9916 9940 9891 235 297 179 112 41 20 0 32766 54 27 54 12 85 12 126 
54823 2013 5 31 9865 9901 9842 215 254 185 138 54 33 0 32766 40 36 63 10 103 11 95 
54823 2013 6 1 9863 9875 9845 240 301 190 170 59 34 0 32766 49 23 55 8 83 8 80 
54823 2013 6 2 9866 9899 9831 249 298 211 183 60 30 0 32766 40 38 90 9 148 9 87 
54823 2013 6 3 9858 9872 9836 276 316 246 176 48 38 0 32766 44 38 87 9 169 9 98 
54823 2013 6 4 9898 9912 9871 294 348 257 153 38 23 0 32766 66 41 63 9 93 9 112 
54823 2013 6 5 9910 9931 9894 282 336 247 167 44 25 0 32766 66 27 79 8 125 8 88 
54823 2013 6 6 9897 9915 9869 271 318 232 210 60 35 0 32766 59 31 57 7 99 8 95 
54823 2013 6 7 9868 9890 9849 259 316 229 226 68 37 13 32766 45 29 59 8 93 8 24 
54823 2013 6 8 9874 9887 9854 253 301 204 195 62 44 0 32766 32 20 49 8 87 8 56 
54823 2013 6 9 9881 9906 9865 246 312 193 179 61 38 47 32766 29 26 66 2 103 3 49 
54823 2013 6 10 9915 9921 9906 163 193 145 180 97 92 177 32766 15 29 59 3 89 3 0 
54823 2013 6 11 9898 9923 9884 173 225 139 158 82 55 82 32766 21 37 70 5 119 5 50 
54823 2013 6 12 9892 9903 9876 232 298 149 133 50 24 0 32766 55 40 60 9 99 11 128 
54823 2013 6 13 9906 9925 9884 264 310 229 115 35 17 0 32766 70 51 75 9 131 9 128 
54823 2013 6 14 9901 9920 9877 262 314 219 121 37 20 0 32766 42 29 66 8 107 8 124 
54823 2013 6 15 9884 9903 9861 269 327 222 177 50 30 0 32766 54 25 51 9 75 8 109 
54823 2013 6 16 9842 9881 9804 287 333 250 232 59 42 0 32766 40 29 61 9 97 10 92 
54823 2013 6 17 9796 9818 9777 297 342 251 278 67 55 0 32766 35 28 59 9 108 8 14 
54823 2013 6 18 9789 9799 9772 224 254 201 236 88 72 266 32766 30 19 51 5 71 5 21 
54823 2013 6 19 9835 9851 9791 249 313 203 213 69 38 0 32766 29 15 39 5 54 5 23 
54823 2013 6 20 9868 9876 9850 278 332 223 219 60 32 0 32766 49 21 42 5 70 5 88 
54823 2013 6 21 9905 9923 9872 226 282 191 203 76 48 26 32766 5 25 61 6 89 6 0 
54823 2013 6 22 9886 9911 9864 212 226 197 215 86 72 33 32766 10 20 32 6 58 8 0 
54823 2013 6 23 9858 9877 9834 221 257 203 215 81 65 5 32766 17 20 40 12 74 11 21 
54823 2013 6 24 9842 9861 9822 259 302 217 228 69 54 0 32766 30 24 37 13 59 8 70 
54823 2013 6 25 9824 9835 9796 281 316 261 219 59 39 0 32766 63 49 74 11 113 11 76 
54823 2013 6 26 9805 9839 9787 267 317 230 200 58 41 0 32766 50 42 70 9 113 11 121 
54823 2013 6 27 9794 9810 9782 289 347 235 227 59 31 0 32766 71 34 54 10 91 10 115 
54823 2013 6 28 9819 9829 9798 311 357 265 234 53 34 0 32766 62 36 63 10 104 12 110 
54823 2013 6 29 9850 9861 9816 298 347 254 198 48 32 0 32766 81 32 68 8 114 8 124 
54823 2013 6 30 9858 9874 9833 285 327 241 232 60 47 0 32766 60 45 62 9 125 8 100 
54823 2013 7 1 9807 9847 9763 287 317 249 282 72 61 89 32766 48 50 80 8 127 6 41 
54823 2013 7 2 9782 9805 9737 297 338 243 238 58 29 15 32766 47 35 113 10 198 9 80 
54823 2013 7 3 9787 9816 9765 303 363 246 267 64 40 0 32766 76 31 51 11 80 10 121 
54823 2013 7 4 9757 9782 9740 272 316 224 275 77 63 84 32766 24 29 76 6 101 7 11 
54823 2013 7 5 9788 9805 9753 284 346 223 218 58 34 0 32766 44 24 46 3 85 2 116 
54823 2013 7 6 9823 9834 9805 305 359 249 236 56 32 0 32766 50 16 44 12 68 13 101 
54823 2013 7 7 9815 9831 9793 303 345 261 256 61 42 0 32766 57 18 44 9 70 9 61 
54823 2013 7 8 9823 9834 9805 316 372 264 251 56 30 0 32766 49 26 47 8 70 8 101 
54823 2013 7 9 9821 9846 9794 267 318 234 298 85 58 285 32766 5 52 84 9 148 9 0 
54823 2013 7 10 9820 9835 9798 273 321 249 324 89 64 505 32766 21 18 71 16 119 16 19 
54823 2013 7 11 9859 9868 9833 242 270 230 285 94 88 54 32766 19 19 35 15 59 14 0 
54823 2013 7 12 9868 9880 9858 251 292 231 283 89 70 138 32766 21 21 40 3 54 5 27 
54823 2013 7 13 9870 9878 9859 249 260 239 304 97 90 328 32766 10 15 31 4 43 3 0 
54823 2013 7 14 9860 9879 9835 265 308 240 309 90 71 43 32766 17 24 51 5 78 5 34 
54823 2013 7 15 9807 9848 9781 275 308 247 282 77 62 32700 32766 28 33 55 7 90 7 4 
54823 2013 7 16 9809 9850 9766 274 318 226 266 74 51 284 32766 16 26 72 14 122 14 67 
54823 2013 7 17 9858 9874 9837 268 327 208 237 69 43 0 32766 41 16 31 3 46 12 97 
54823 2013 7 18 9849 9861 9834 261 291 240 277 82 48 8 32766 28 20 33 7 52 7 0 
54823 2013 7 19 9835 9846 9824 239 263 233 285 96 79 415 32766 9 12 29 15 44 15 0 
54823 2013 7 20 9843 9853 9833 248 285 231 282 91 68 132 32766 6 21 37 5 60 4 21 
54823 2013 7 21 9847 9857 9834 262 308 223 239 72 49 0 32766 46 29 60 5 86 4 112 
54823 2013 7 22 9844 9857 9825 262 307 217 249 74 58 0 32766 23 15 38 14 56 15 31 
54823 2013 7 23 9818 9842 9800 223 274 204 248 93 57 719 32766 8 20 62 9 99 9 0 
54823 2013 7 24 9827 9835 9813 277 339 202 245 68 44 0 32766 32 22 41 13 64 11 122 
54823 2013 7 25 9823 9833 9815 295 346 257 309 76 49 32700 32766 34 19 58 14 89 14 65 
54823 2013 7 26 9829 9843 9818 281 301 250 320 85 74 195 32766 5 17 34 1 61 9 0 
54823 2013 7 27 9818 9830 9798 310 348 287 320 72 56 0 32766 38 34 58 9 92 9 97 
54823 2013 7 28 9822 9833 9800 294 336 257 317 79 51 177 32766 28 24 58 11 96 10 65 
54823 2013 7 29 9815 9841 9793 289 342 240 306 78 63 343 32766 48 26 116 14 171 15 42 
54823 2013 7 30 9801 9814 9783 281 328 249 277 74 47 29 32766 32 16 40 12 70 11 119 
54823 2013 7 31 9806 9818 9794 295 345 247 278 68 48 0 32766 45 16 39 13 57 7 101 
54823 2013 8 1 9827 9860 9801 277 315 233 297 80 59 57 32766 20 22 87 13 142 15 52 
54823 2013 8 2 9867 9878 9838 274 317 249 281 77 59 0 32766 26 13 46 9 84 10 44 
54823 2013 8 3 9863 9880 9842 283 315 239 294 77 61 15 32766 32 35 63 11 122 10 92 
54823 2013 8 4 9826 9859 9796 303 331 275 309 72 60 0 32766 51 42 80 10 113 11 119 
54823 2013 8 5 9805 9841 9783 290 352 222 288 72 55 5 32766 54 29 72 9 121 4 116 
54823 2013 8 6 9808 9815 9796 320 356 283 315 67 49 0 32766 56 42 58 10 95 9 112 
54823 2013 8 7 9825 9845 9802 305 354 240 302 70 50 9 32766 37 42 108 14 171 15 102 
54823 2013 8 8 9831 9844 9818 285 335 246 289 76 53 0 32766 26 24 46 14 74 14 80 
54823 2013 8 9 9834 9842 9824 302 345 277 273 65 40 0 32766 50 23 44 12 71 11 100 
54823 2013 8 10 9859 9867 9842 306 349 273 296 68 52 0 32766 42 14 45 6 61 6 84 
54823 2013 8 11 9867 9885 9836 330 382 289 307 63 41 0 32766 50 30 58 8 109 8 90 
54823 2013 8 12 9875 9913 9838 270 342 210 288 82 56 310 32766 47 38 139 14 205 14 69 
54823 2013 8 13 9863 9900 9839 285 362 211 285 76 44 232 32766 43 22 109 14 178 15 81 
54823 2013 8 14 9859 9879 9841 305 357 266 303 70 49 0 32766 35 27 56 8 90 8 71 
54823 2013 8 15 9847 9862 9830 322 361 285 310 65 47 0 32766 30 26 44 10 72 8 107 
54823 2013 8 16 9811 9845 9787 326 356 301 305 63 51 0 32766 65 52 76 9 122 12 106 
54823 2013 8 17 9816 9832 9796 322 346 308 290 60 54 0 32766 60 39 80 9 130 9 63 
54823 2013 8 18 9875 9893 9831 286 318 261 207 53 45 0 32766 66 35 58 5 84 4 117 
54823 2013 8 19 9905 9919 9889 269 317 219 192 55 37 0 32766 51 26 65 5 90 6 117 
54823 2013 8 20 9898 9912 9876 266 328 201 169 50 27 0 32766 38 19 46 6 70 5 120 
54823 2013 8 21 9888 9899 9869 280 330 233 191 51 35 0 32766 40 18 40 15 58 15 110 
54823 2013 8 22 9881 9891 9868 284 335 228 216 56 34 0 32766 48 17 46 5 71 4 81 
54823 2013 8 23 9880 9890 9864 286 328 238 230 60 34 0 32766 61 34 62 5 95 5 105 
54823 2013 8 24 9886 9892 9874 275 322 230 225 62 46 0 32766 49 33 55 5 80 5 86 
54823 2013 8 25 9887 9898 9869 278 322 238 213 58 37 32700 32766 41 14 42 14 57 15 38 
54823 2013 8 26 9871 9884 9854 282 343 230 204 56 33 0 32766 53 16 34 14 54 12 106 
54823 2013 8 27 9879 9894 9865 277 329 230 216 59 33 0 32766 45 14 37 7 67 6 38 
54823 2013 8 28 9820 9871 9789 283 329 250 252 67 45 375 32766 44 35 74 10 141 10 65 
54823 2013 8 29 9823 9851 9799 272 322 244 217 62 30 0 32766 45 19 48 15 77 2 106 
54823 2013 8 30 9910 9927 9851 208 262 188 154 63 46 0 32766 62 33 67 5 99 4 59 
54823 2013 8 31 9939 9952 9924 208 284 144 133 57 23 0 32766 49 18 34 5 52 5 116 
54823 2013 9 1 9950 9962 9935 226 285 165 152 58 32 0 32766 46 20 39 14 57 14 94 
54823 2013 9 2 9959 9972 9941 241 296 191 150 52 27 0 32766 30 13 42 14 69 12 104 
54823 2013 9 3 9962 9976 9938 238 304 178 148 52 25 0 32766 45 21 34 15 53 4 102 
54823 2013 9 4 9951 9965 9934 239 281 211 168 57 44 0 32766 48 24 53 13 84 13 28 
54823 2013 9 5 9954 9965 9941 212 239 186 195 78 57 82 32766 29 15 52 10 82 10 16 
54823 2013 9 6 9967 9981 9948 222 292 166 156 63 26 0 32766 38 18 37 13 63 12 109 
54823 2013 9 7 9973 9989 9959 240 294 200 166 57 31 0 32766 34 22 44 11 64 14 90 
54823 2013 9 8 9977 9989 9963 228 263 204 196 72 53 7 32766 14 18 43 11 73 12 0 
54823 2013 9 9 9940 9973 9916 204 239 171 204 85 70 17 32766 7 17 33 6 41 6 4 
54823 2013 9 10 9927 9940 9915 222 265 200 207 79 55 2 32766 22 14 38 2 55 2 50 
54823 2013 9 11 9954 9969 9936 232 295 177 180 66 34 0 32766 39 15 44 5 69 5 89 
54823 2013 9 12 9938 9960 9915 235 277 206 207 72 59 0 32766 28 23 40 8 66 8 6 
54823 2013 9 13 9890 9927 9859 235 297 191 194 68 44 0 32766 40 17 67 9 104 9 93 
54823 2013 9 14 9880 9897 9865 266 316 211 226 66 46 0 32766 24 30 56 9 95 8 86 
54823 2013 9 15 9917 9936 9897 256 295 235 209 64 55 32700 32766 23 13 45 5 77 4 15 
54823 2013 9 16 9919 9934 9898 270 325 230 157 45 27 0 32766 45 32 79 9 112 10 95 
54823 2013 9 17 9935 9951 9916 280 332 241 158 42 29 0 32766 50 46 73 8 136 8 106 
54823 2013 9 18 9974 9998 9951 269 325 210 118 34 22 0 32766 48 34 73 8 105 8 98 
54823 2013 9 19 9948 9971 9929 244 294 208 174 58 24 0 32766 42 25 72 8 113 8 87 
54823 2013 9 20 9945 9963 9929 245 293 220 193 64 46 32700 32766 25 15 34 1 54 2 0 
54823 2013 9 21 9947 9958 9937 225 242 217 221 81 67 3 32766 11 18 39 5 60 5 0 
54823 2013 9 22 9945 9959 9929 238 276 212 225 77 57 0 32766 20 16 47 5 76 5 3 
54823 2013 9 23 9952 9983 9932 196 278 130 195 85 63 12 32766 29 36 72 5 124 5 10 
54823 2013 9 24 10002 10017 9977 162 200 139 115 64 33 5 32766 37 37 75 4 147 5 33 
54823 2013 9 25 10025 10045 10010 165 227 115 73 42 15 0 32766 31 23 50 16 77 16 84 
54823 2013 9 26 9997 10021 9971 191 268 112 60 30 13 0 32766 36 27 45 13 76 13 94 
54823 2013 9 27 9948 9982 9927 203 231 184 77 32 21 0 32766 44 48 71 9 121 10 19 
54823 2013 9 28 9921 9940 9899 207 268 157 115 48 30 0 32766 35 31 81 10 131 8 100 
54823 2013 9 29 9963 9981 9927 208 264 155 137 57 38 0 32766 33 20 34 1 64 8 64 
54823 2013 9 30 9992 10012 9977 215 275 169 146 58 35 0 32766 35 16 38 11 51 12 55 
54823 2013 10 1 9969 9992 9946 222 269 197 156 60 35 32700 32766 24 23 67 10 101 11 19 
54823 2013 10 2 10018 10041 9984 181 235 139 118 59 25 0 32766 44 27 47 5 67 3 101 
54823 2013 10 3 9992 10016 9968 193 260 126 86 41 17 0 32766 39 24 38 9 66 12 78 
54823 2013 10 4 9967 9986 9944 221 273 179 88 34 24 0 32766 50 25 63 9 113 8 103 
54823 2013 10 5 9991 10008 9959 223 283 177 100 38 24 0 32766 52 24 56 8 110 8 101 
54823 2013 10 6 10017 10040 10001 204 274 137 87 37 18 0 32766 51 22 38 7 60 9 103 
54823 2013 10 7 10009 10024 9997 204 285 140 80 35 15 0 32766 49 26 69 5 97 5 94 
54823 2013 10 8 9989 10014 9959 185 233 156 132 62 29 0 32766 27 25 46 4 74 4 51 
54823 2013 10 9 9929 9963 9900 219 282 153 117 47 26 0 32766 35 31 75 9 134 9 83 
54823 2013 10 10 9917 9946 9889 235 277 216 103 37 12 0 32766 40 42 102 9 163 8 79 
54823 2013 10 11 9963 9983 9939 207 279 126 66 29 13 0 32766 57 25 63 5 91 5 103 
54823 2013 10 12 9957 9977 9936 257 313 217 103 33 17 0 32766 42 37 56 8 103 8 88 
54823 2013 10 13 9960 9973 9944 237 292 194 117 42 25 0 32766 47 33 86 9 155 7 94 
54823 2013 10 14 10027 10074 9967 133 193 96 141 91 68 194 32766 9 55 106 5 164 4 0 
54823 2013 10 15 10100 10124 10074 102 141 68 66 55 27 32700 32766 40 35 87 5 118 5 103 
54823 2013 10 16 10072 10087 10051 108 181 40 54 46 16 0 32766 31 19 33 14 47 14 99 
54823 2013 10 17 10068 10087 10050 128 209 59 56 41 15 0 32766 33 19 33 14 51 15 97 
54823 2013 10 18 10062 10084 10043 149 214 92 84 50 32 0 32766 23 24 43 11 60 13 78 
54823 2013 10 19 10046 10058 10028 163 207 133 109 60 36 0 32766 25 22 48 13 72 11 53 
54823 2013 10 20 10051 10071 10035 130 172 95 65 45 29 0 32766 30 23 44 2 71 1 98 
54823 2013 10 21 10032 10046 10015 127 203 74 74 54 23 0 32766 28 14 28 16 42 15 91 
54823 2013 10 22 10024 10051 9994 150 209 92 80 50 29 0 32766 22 24 57 9 95 8 84 
54823 2013 10 23 10008 10021 9992 155 192 114 80 46 23 0 32766 23 13 57 11 101 10 78 
54823 2013 10 24 10058 10082 10016 98 140 71 48 41 24 0 32766 32 28 74 5 117 4 93 
54823 2013 10 25 10071 10091 10054 91 155 46 59 52 32 0 32766 25 20 36 1 54 1 87 
54823 2013 10 26 10040 10063 10014 106 180 46 58 48 24 0 32766 40 23 29 14 45 15 94 
54823 2013 10 27 9991 10020 9970 152 193 101 61 36 26 0 32766 32 39 53 10 105 7 69 
54823 2013 10 28 9987 10003 9972 160 194 127 91 51 34 8 32766 35 16 70 9 128 9 34 
54823 2013 10 29 10049 10075 9999 140 173 106 112 70 58 0 32766 18 23 53 5 85 5 12 
54823 2013 10 30 10074 10092 10057 117 171 79 84 63 38 0 32766 26 21 44 5 60 5 75 
54823 2013 10 31 10070 10084 10060 102 144 75 92 74 57 3 32766 6 14 36 7 51 7 0 
54823 2013 11 1 10060 10080 10045 99 130 81 108 89 72 61 1 32766 12 25 6 36 1 0 
54823 2013 11 2 10035 10051 10024 102 123 93 116 93 82 4 19 32766 8 23 15 30 15 0 
54823 2013 11 3 10050 10069 10026 117 177 87 88 68 30 0 33 32766 18 44 16 64 15 75 
54823 2013 11 4 10087 10110 10069 113 189 53 55 44 16 0 43 32766 18 31 6 45 7 92 
54823 2013 11 5 10030 10075 10003 139 170 88 73 46 37 0 48 32766 33 82 10 125 11 36 
54823 2013 11 6 9989 10013 9960 157 205 105 90 52 27 0 50 32766 31 54 11 93 12 90 
54823 2013 11 7 10017 10044 9988 122 181 61 31 23 10 0 48 32766 23 41 5 66 2 94 
54823 2013 11 8 10003 10014 9985 135 158 88 68 43 16 0 34 32766 21 44 9 73 10 11 
54823 2013 11 9 10013 10053 9989 122 154 100 122 86 71 66 8 32766 19 60 8 97 8 0 
54823 2013 11 10 10086 10120 10045 72 104 38 54 52 20 5 33 32766 24 67 3 98 2 94 
54823 2013 11 11 10081 10104 10058 64 128 16 43 48 18 0 31 32766 22 33 6 58 5 85 
54823 2013 11 12 10049 10067 10030 75 141 26 44 45 22 0 32 32766 21 33 1 54 3 89 
54823 2013 11 13 10021 10051 9996 90 150 35 51 47 24 0 36 32766 26 49 12 77 11 84 
54823 2013 11 14 10002 10019 9986 100 144 71 52 44 22 0 34 32766 23 55 9 93 8 64 
54823 2013 11 15 10000 10021 9972 117 173 66 36 28 14 0 49 32766 31 54 12 83 11 85 
54823 2013 11 16 9988 10031 9951 111 132 82 38 28 18 0 47 32766 28 79 15 133 15 58 
54823 2013 11 17 10043 10055 10030 66 114 13 24 26 15 0 38 32766 28 52 15 79 15 90 
54823 2013 11 18 10060 10077 10041 50 101 -2 23 27 15 0 30 32766 25 49 15 65 15 92 
54823 2013 11 19 10042 10062 10021 40 99 0 25 32 14 0 30 32766 17 36 5 52 4 92 
54823 2013 11 20 10024 10031 10012 56 117 12 34 38 25 0 28 32766 20 33 6 43 6 76 
54823 2013 11 21 10050 10061 10031 60 116 25 52 56 37 0 17 32766 14 26 6 35 3 0 
54823 2013 11 22 10056 10075 10031 75 140 27 63 63 39 0 19 32766 21 43 13 62 12 71 
54823 2013 11 23 10008 10041 9991 112 129 89 89 67 53 0 16 32766 25 49 9 81 9 0 
54823 2013 11 24 9957 10004 9930 62 110 44 88 92 72 203 5 32766 21 49 16 91 2 0 
54823 2013 11 25 9983 10007 9947 37 82 14 49 63 27 0 14 32766 16 49 16 79 1 89 
54823 2013 11 26 9975 10003 9951 58 115 10 41 46 22 0 29 32766 22 42 2 70 2 77 
54823 2013 11 27 10069 10098 9977 -2 46 -24 20 33 20 0 25 32766 27 68 16 118 15 86 
54823 2013 11 28 10077 10099 10063 -8 43 -49 16 29 15 0 16 32766 28 53 15 82 15 87 
54823 2013 11 29 10028 10068 9993 49 112 -11 21 25 14 0 30 32766 28 52 10 103 10 90 
54823 2013 11 30 10008 10048 9976 56 93 20 40 45 23 0 30 32766 21 56 9 103 10 78 
54823 2013 12 1 10044 10067 10024 46 115 -6 42 55 16 0 24 32766 17 31 8 51 12 82 
54823 2013 12 2 9994 10026 9969 84 145 50 38 36 21 0 37 32766 25 51 10 81 8 76 
54823 2013 12 3 10015 10031 9986 70 131 39 44 45 27 0 26 32766 21 31 6 47 1 64 
54823 2013 12 4 10007 10030 9981 90 160 23 36 34 15 0 42 32766 33 64 9 105 9 81 
54823 2013 12 5 10007 10037 9969 74 128 36 57 57 24 0 33 32766 36 69 9 118 11 0 
54823 2013 12 6 10009 10040 9987 47 113 -8 43 53 27 0 23 32766 15 45 12 69 12 79 
54823 2013 12 7 9995 10011 9981 88 142 47 50 47 25 0 30 32766 22 44 11 81 10 69 
54823 2013 12 8 9994 10011 9976 36 91 8 68 86 40 0 6 32766 24 30 8 47 8 0 
54823 2013 12 9 10034 10053 10007 20 58 -4 34 48 27 0 26 32766 19 57 2 97 2 86 
54823 2013 12 10 10002 10031 9968 23 76 -28 29 42 24 0 18 32766 26 70 11 103 10 81 
54823 2013 12 11 10018 10048 9985 24 69 -17 17 25 14 0 27 32766 27 55 11 84 11 87 
54823 2013 12 12 9992 10033 9963 27 64 -8 22 29 22 0 33 32766 44 65 5 108 10 79 
54823 2013 12 13 10052 10083 10034 -5 62 -49 21 36 22 0 15 32766 12 59 5 74 5 77 
54823 2013 12 14 10072 10091 10045 20 66 -4 38 55 40 0 12 32766 18 39 7 62 8 61 
54823 2013 12 15 10113 10129 10091 19 67 -8 39 55 34 0 12 32766 22 33 6 45 6 56 
54823 2013 12 16 10090 10130 10070 28 77 -5 36 51 29 0 17 32766 17 28 12 41 10 17 
54823 2013 12 17 10084 10099 10069 14 62 -8 37 54 34 0 16 32766 24 35 15 51 15 0 
54823 2013 12 18 10107 10131 10090 -17 13 -46 37 68 34 12 12 32766 24 58 5 91 4 68 
54823 2013 12 19 10090 10107 10075 -35 2 -57 32 68 57 0 6 32766 17 32 3 49 4 0 
54823 2013 12 20 10127 10142 10106 -34 28 -74 25 54 23 0 10 32766 19 30 6 50 1 73 
54823 2013 12 21 10144 10161 10131 -31 25 -72 23 48 30 0 12 32766 18 40 5 56 3 85 
54823 2013 12 22 10116 10136 10099 -22 38 -53 25 50 28 0 11 32766 17 26 6 38 13 72 
54823 2013 12 23 10111 10126 10099 -15 38 -43 30 56 36 0 10 32766 19 24 6 36 14 52 
54823 2013 12 24 10128 10152 10105 -12 47 -52 33 61 38 0 10 32766 17 27 5 38 5 28 
54823 2013 12 25 10069 10112 10045 12 54 -22 34 51 34 0 9 32766 23 44 12 75 12 0 
54823 2013 12 26 10124 10141 10063 -27 4 -52 16 32 20 0 22 32766 41 69 2 104 1 86 
54823 2013 12 27 10102 10140 10068 -30 28 -73 14 29 15 0 18 32766 17 37 14 57 14 85 
54823 2013 12 28 10064 10081 10051 -34 17 -63 17 36 21 0 14 32766 17 53 15 78 15 81 
54823 2013 12 29 10022 10069 9989 10 64 -53 13 22 11 0 25 32766 26 60 10 87 8 85 
54823 2013 12 30 9977 9998 9963 34 92 -20 14 19 11 0 21 32766 18 48 10 87 9 81 
54823 2013 12 31 9950 9977 9936 59 113 22 18 19 13 0 36 32766 33 55 14 85 14 79 
54823 2014 1 1 9964 9977 9950 56 127 10 21 24 12 0 35 32766 26 42 11 67 12 81 
54823 2014 1 2 9978 9998 9955 69 139 18 22 24 13 0 36 32766 20 35 6 47 6 80 
54823 2014 1 3 9995 10037 9962 51 81 29 35 40 21 0 24 32766 21 50 4 75 4 31 
54823 2014 1 4 10017 10045 9988 30 80 -15 31 39 13 0 21 32766 19 49 9 76 9 85 
54823 2014 1 5 10024 10041 9993 30 60 -2 49 64 46 0 16 32766 27 49 9 100 9 0 
54823 2014 1 6 10038 10061 10017 14 60 -18 46 67 53 0 7 32766 16 32 5 40 7 0 
54823 2014 1 7 10035 10060 10017 28 63 13 50 66 58 0 10 32766 24 52 5 82 5 0 
