V01000 V04001 V04002 V04003 V10004 V10201 V10202 V12001 V12052 V12053 V13004 V13003 V13007 V13201 V13241 V13242 V11002 V11042 V11212 V11041 V11043 V14032
54823 1987 1 8 10105 10172 10083 71 127 29 48 50 29 0 46 32766 48 93 10 176 9 76 
54823 1987 1 9 10210 10247 10122 -21 50 -41 44 84 68 32700 20 32766 60 97 4 154 3 20 
54823 1987 1 10 10248 10263 10239 -31 -25 -47 42 87 77 2 13 32766 18 57 4 84 3 0 
54823 1987 1 11 10201 10243 10161 -11 36 -28 51 90 71 32700 9 32766 13 50 12 89 11 10 
54823 1987 1 12 10248 10262 10220 -72 -17 -87 17 49 37 0 2 32766 43 63 2 103 2 80 
54823 1987 1 13 10251 10286 10198 -64 -6 -121 14 39 19 0 13 32766 35 53 10 100 10 87 
54823 1987 1 14 10123 10198 10100 30 93 -31 38 50 38 0 25 32766 40 100 11 188 10 76 
54823 1987 1 15 10118 10137 10107 30 85 -4 55 73 53 0 20 32766 8 33 14 59 14 70 
54823 1987 1 16 10151 10184 10113 23 64 -14 40 60 21 0 21 32766 20 37 14 66 14 68 
54823 1987 1 17 10203 10230 10184 13 70 -26 27 43 17 0 32 32766 8 27 11 39 10 84 
54823 1987 1 18 10217 10252 10186 7 34 -13 32 51 34 0 7 32766 15 60 4 90 3 22 
54823 1987 1 19 10227 10256 10203 2 73 -58 24 43 15 0 24 32766 15 40 12 78 12 81 
54823 1987 1 20 10176 10209 10148 29 74 -5 40 54 34 0 18 32766 30 60 11 110 9 49 
54823 1987 1 21 10173 10185 10161 41 75 10 48 59 44 0 19 32766 8 30 13 44 12 13 
54823 1987 1 22 10188 10194 10172 25 51 10 60 83 59 32 6 32766 13 30 3 49 2 0 
54823 1987 1 23 10237 10263 10194 -3 12 -18 38 64 36 30 23 32766 20 57 3 92 2 74 
54823 1987 1 24 10273 10288 10258 -10 25 -35 25 43 31 0 36 32766 20 50 5 75 4 85 
54823 1987 1 25 10294 10315 10272 -11 25 -37 26 46 33 0 17 32766 10 50 3 84 2 86 
54823 1987 1 26 10227 10286 10204 24 65 -18 26 36 24 0 6 32766 20 47 12 90 10 70 
54823 1987 1 27 10212 10232 10202 40 100 -3 27 35 18 0 37 32766 25 40 11 62 12 87 
54823 1987 1 28 10156 10202 10133 77 126 34 43 40 28 0 61 32766 25 87 11 160 10 81 
54823 1987 1 29 10188 10244 10142 36 82 10 49 63 36 0 36 32766 50 107 4 153 3 81 
54823 1987 1 30 10286 10307 10244 7 65 -36 31 50 26 0 27 32766 30 63 4 109 4 86 
54823 1987 1 31 10271 10285 10253 17 66 -22 35 52 33 0 12 32766 10 33 4 44 1 74 
54823 1987 2 1 10232 10262 10201 18 55 -7 41 60 28 1 28 32766 33 80 10 156 9 30 
54823 1987 2 2 10258 10279 10231 -20 14 -45 30 59 29 0 21 32766 33 83 2 134 2 89 
54823 1987 2 3 10345 10370 10279 -48 -16 -76 21 52 28 0 26 32766 28 63 4 103 4 93 
54823 1987 2 4 10261 10352 10198 -2 62 -61 17 29 18 0 44 32766 38 70 10 123 10 90 
54823 1987 2 5 10151 10198 10126 58 106 23 26 28 18 0 70 32766 35 80 10 142 10 86 
54823 1987 2 6 10109 10141 10092 88 156 13 37 34 18 0 44 32766 28 60 12 89 11 86 
54823 1987 2 7 10125 10144 10112 89 168 6 35 34 11 0 47 32766 23 37 13 62 11 87 
54823 1987 2 8 10084 10126 10050 135 185 70 58 37 29 0 70 32766 45 100 10 176 9 87 
54823 1987 2 9 10069 10087 10049 139 208 73 90 58 39 0 43 32766 13 53 11 98 9 36 
54823 1987 2 10 10051 10060 10040 67 164 46 77 78 54 32700 17 32766 25 50 6 66 5 0 
54823 1987 2 11 10104 10164 10054 35 58 2 61 76 56 3 36 32766 48 100 4 150 3 0 
54823 1987 2 12 10162 10188 10132 20 73 -33 37 54 24 0 33 32766 45 70 4 111 4 65 
54823 1987 2 13 10107 10134 10081 57 102 37 68 75 56 32700 37 32766 53 93 10 173 10 29 
54823 1987 2 14 10215 10244 10128 5 52 -18 41 67 38 0 34 32766 53 87 4 128 4 15 
54823 1987 2 15 10205 10240 10180 33 72 -2 48 61 48 0 32 32766 45 80 11 135 10 21 
54823 1987 2 16 10168 10196 10145 45 60 35 56 67 50 32700 25 32766 23 50 10 86 9 0 
54823 1987 2 17 10210 10269 10158 -3 41 -46 53 85 72 32700 10 32766 55 97 4 151 3 0 
54823 1987 2 18 10294 10308 10269 -40 -3 -67 25 57 37 0 36 32766 55 80 4 120 4 84 
54823 1987 2 19 10273 10300 10253 -26 9 -48 27 54 42 32700 21 32766 40 70 5 100 4 40 
54823 1987 2 20 10259 10280 10239 -9 36 -59 33 59 42 0 10 32766 13 43 3 71 2 85 
54823 1987 2 21 10191 10245 10150 19 60 -24 44 63 43 0 22 32766 38 80 11 127 10 61 
54823 1987 2 22 10098 10150 10073 69 116 24 56 58 32 0 58 32766 63 90 10 152 9 94 
54823 1987 2 23 10083 10102 10041 86 163 41 50 48 18 0 66 32766 43 90 4 135 2 88 
54823 1987 2 24 10210 10249 10102 -21 59 -48 17 30 24 32700 56 32766 70 113 4 184 3 97 
54823 1987 2 25 10245 10275 10209 -29 14 -67 14 29 26 0 19 32766 28 63 4 99 3 93 
54823 1987 2 26 10227 10245 10208 -5 39 -43 19 34 18 0 30 32766 28 53 4 82 3 88 
54823 1987 2 27 10236 10275 10175 9 68 -53 16 26 14 0 34 32766 13 50 13 79 12 99 
54823 1987 2 28 10125 10175 10106 93 158 36 26 22 15 0 80 32766 40 77 10 121 10 100 
54823 1987 3 1 10198 10222 10122 59 108 6 30 34 24 0 70 32766 30 83 4 111 3 99 
54823 1987 3 2 10204 10240 10164 65 140 -19 39 42 25 0 56 32766 25 80 10 133 10 97 
54823 1987 3 3 10097 10164 10037 142 188 104 51 32 24 0 127 32766 78 117 10 192 10 91 
54823 1987 3 4 10041 10075 10013 136 205 66 48 37 9 13 78 32766 35 117 14 211 13 100 
54823 1987 3 5 10067 10083 10032 67 157 14 42 45 13 0 82 32766 68 110 4 156 3 94 
54823 1987 3 6 10111 10137 10075 42 68 28 33 41 26 0 62 32766 53 90 4 126 3 0 
54823 1987 3 7 10132 10153 10105 38 102 -24 26 37 12 0 49 32766 30 50 4 77 4 99 
54823 1987 3 8 10120 10139 10100 34 65 18 56 73 29 15 9 32766 18 43 5 54 2 0 
54823 1987 3 9 10183 10209 10139 28 68 -6 38 52 31 0 43 32766 33 83 6 122 5 76 
54823 1987 3 10 10142 10184 10122 32 61 7 43 55 37 0 23 32766 23 57 4 81 3 9 
54823 1987 3 11 10105 10133 10077 50 113 -3 54 64 42 0 34 32766 28 50 12 96 10 88 
54823 1987 3 12 10055 10090 10022 89 143 48 64 57 38 0 42 32766 23 63 10 102 9 68 
54823 1987 3 13 10112 10146 10042 52 97 28 65 72 57 0 23 32766 35 80 4 115 2 0 
54823 1987 3 14 10151 10180 10129 51 122 -22 38 50 15 0 39 32766 20 50 11 94 10 90 
54823 1987 3 15 10109 10133 10094 85 150 54 44 42 23 0 77 32766 45 83 10 140 9 102 
54823 1987 3 16 10036 10104 9976 92 157 29 53 47 27 0 70 32766 35 100 10 168 9 91 
54823 1987 3 17 10042 10086 9976 122 175 81 50 39 10 0 97 32766 45 97 10 185 9 104 
54823 1987 3 18 10105 10119 10086 111 150 86 45 36 15 1 53 32766 28 60 5 88 4 1 
54823 1987 3 19 10062 10105 10018 91 152 53 78 71 40 8 49 32766 35 70 10 127 10 95 
54823 1987 3 20 10111 10170 10019 56 104 9 48 49 25 7 46 32766 50 100 3 166 2 44 
54823 1987 3 21 10173 10196 10157 48 91 10 30 37 19 0 57 32766 38 60 4 89 4 42 
54823 1987 3 22 10143 10176 10115 43 79 10 56 68 33 0 32 32766 18 47 3 68 1 19 
54823 1987 3 23 10108 10129 10081 54 111 12 59 69 40 0 39 32766 20 67 4 97 3 61 
54823 1987 3 24 10186 10232 10110 24 73 6 34 47 21 32700 48 32766 53 83 4 138 16 57 
54823 1987 3 25 10250 10279 10217 20 73 -20 17 24 19 0 43 32766 23 50 4 74 3 104 
54823 1987 3 26 10169 10228 10125 68 122 21 27 27 20 0 78 32766 53 83 10 162 11 102 
54823 1987 3 27 10149 10162 10134 104 158 60 51 42 21 0 72 32766 30 73 10 118 9 110 
54823 1987 3 28 10123 10165 10077 124 179 76 59 43 20 0 92 32766 50 97 10 199 10 97 
54823 1987 3 29 10075 10106 10047 113 160 79 82 63 45 0 74 32766 60 110 10 191 10 71 
54823 1987 3 30 10176 10259 10066 55 109 24 58 61 33 32700 47 32766 73 120 3 178 3 13 
54823 1987 3 31 10241 10273 10201 47 102 -31 29 36 19 0 40 32766 8 53 4 72 4 88 
54823 1987 4 1 10148 10208 10119 65 99 54 46 47 24 0 65 54 50 100 10 161 10 79 
54823 1987 4 2 10076 10143 10022 115 187 46 67 53 26 32700 87 38 50 87 11 147 10 105 
54823 1987 4 3 10052 10076 10029 170 239 94 88 48 18 0 84 25 13 70 10 144 9 106 
54823 1987 4 4 10047 10065 10026 209 269 168 65 29 7 0 170 69 55 117 10 191 9 114 
54823 1987 4 5 10054 10062 10036 167 220 126 82 46 19 2 72 38 28 57 12 92 10 20 
54823 1987 4 6 10044 10062 10033 154 212 114 121 70 46 3 47 15 25 50 12 70 10 54 
54823 1987 4 7 10069 10086 10048 180 291 85 107 61 19 0 72 37 25 47 4 58 3 97 
54823 1987 4 8 10050 10073 10018 210 270 156 103 44 19 0 104 56 33 63 11 101 10 101 
54823 1987 4 9 10015 10036 9975 179 274 134 107 57 20 301 111 91 35 83 15 180 15 95 
54823 1987 4 10 10136 10154 10030 77 137 49 69 67 45 112 47 37 43 140 3 232 3 98 
54823 1987 4 11 10159 10166 10141 106 153 51 58 47 29 32700 65 34 18 50 13 85 11 88 
54823 1987 4 12 10200 10223 10161 108 147 62 50 40 23 32700 75 43 18 60 4 88 3 106 
54823 1987 4 13 10194 10215 10164 115 169 47 58 44 22 0 70 46 18 60 10 99 9 102 
54823 1987 4 14 10168 10181 10151 138 182 105 72 46 38 0 96 54 53 83 10 160 10 96 
54823 1987 4 15 10153 10174 10124 146 195 99 55 34 18 0 110 63 48 80 10 128 10 107 
54823 1987 4 16 10107 10143 10076 173 225 117 62 32 24 0 136 69 53 97 10 176 10 101 
54823 1987 4 17 10055 10084 10026 207 254 165 90 38 27 0 178 81 70 110 11 202 10 111 
54823 1987 4 18 10051 10067 10030 210 268 171 112 46 34 0 120 50 48 73 10 150 8 68 
54823 1987 4 19 10061 10093 10024 172 253 111 124 64 44 0 75 48 25 57 3 74 3 82 
54823 1987 4 20 10002 10035 9971 111 208 96 115 87 62 229 8 18 28 50 3 73 2 0 
54823 1987 4 21 9980 9990 9960 177 252 104 127 67 36 66 89 37 40 83 11 139 10 111 
54823 1987 4 22 10043 10072 9986 140 223 91 104 65 48 22 71 39 28 83 4 130 4 116 
54823 1987 4 23 10034 10041 10020 211 271 159 127 51 36 0 107 50 43 73 11 136 10 117 
54823 1987 4 24 10038 10054 10003 174 255 122 149 75 34 32700 64 36 35 67 8 119 16 77 
54823 1987 4 25 10114 10174 10037 84 124 66 98 88 76 29 16 40 45 100 4 151 3 0 
54823 1987 4 26 10213 10242 10174 103 164 37 68 58 28 0 59 30 18 97 4 122 3 116 
54823 1987 4 27 10144 10194 10111 161 222 107 63 36 24 0 106 53 43 93 10 148 9 114 
54823 1987 4 28 10077 10119 10040 197 258 139 81 36 22 0 156 78 45 83 10 142 9 121 
54823 1987 4 29 10011 10051 9983 224 273 181 89 35 18 0 158 83 63 103 10 159 9 118 
54823 1987 4 30 9979 10001 9961 238 292 178 139 49 27 0 111 46 33 47 10 82 9 109 
54823 1987 5 1 10023 10046 9983 182 252 116 154 73 53 31 56 55 38 120 4 161 3 49 
54823 1987 5 2 10114 10131 10045 108 145 77 100 78 51 33 32766 32766 33 90 4 136 3 28 
54823 1987 5 3 10130 10149 10109 148 205 76 90 55 32 0 32766 27 28 50 10 75 11 96 
54823 1987 5 4 10111 10127 10094 177 211 153 112 54 41 0 73 36 25 57 12 87 9 85 
54823 1987 5 5 10089 10109 10062 190 254 106 68 35 12 0 84 44 20 30 13 52 12 106 
54823 1987 5 6 10053 10073 10030 205 253 157 94 39 25 0 117 65 38 67 10 117 10 120 
54823 1987 5 7 10046 10055 10036 209 264 153 128 53 33 0 125 57 50 90 10 148 10 119 
54823 1987 5 8 10073 10091 10052 218 272 170 105 41 18 0 110 64 28 63 10 112 10 87 
54823 1987 5 9 10082 10099 10058 213 262 175 129 51 29 0 103 64 33 53 10 99 9 80 
54823 1987 5 10 10084 10109 10054 216 271 161 141 57 30 0 99 27 18 57 4 85 2 116 
54823 1987 5 11 10064 10078 10046 228 288 159 168 62 36 0 88 40 23 53 4 62 3 111 
54823 1987 5 12 10051 10060 10034 240 301 200 163 56 36 32700 78 41 20 103 8 173 8 67 
54823 1987 5 13 10126 10159 10051 177 219 134 92 47 20 5 123 86 60 97 3 158 3 113 
54823 1987 5 14 10069 10121 10023 219 287 137 123 46 33 0 128 67 35 90 10 155 9 121 
54823 1987 5 15 9992 10040 9952 244 292 207 151 51 33 0 171 83 73 130 10 213 9 92 
54823 1987 5 16 10035 10062 9949 207 259 173 99 40 20 0 134 71 40 100 8 205 9 92 
54823 1987 5 17 10032 10072 9986 220 283 138 72 28 14 32700 115 63 25 57 10 92 9 123 
54823 1987 5 18 9965 9995 9937 265 319 222 95 28 19 0 32766 131 80 133 10 236 9 94 
54823 1987 5 19 10027 10051 9951 242 287 205 160 54 29 32700 121 50 43 90 10 192 9 55 
54823 1987 5 20 10023 10041 9994 277 347 196 182 51 30 0 112 59 15 50 10 97 10 101 
54823 1987 5 21 9986 10013 9959 258 298 209 190 57 38 0 81 40 13 40 14 32766 32766 69 
54823 1987 5 22 9933 9975 9905 249 305 205 210 68 40 5 75 34 10 37 5 32766 32766 117 
54823 1987 5 23 9954 9978 9905 255 311 193 214 67 47 0 104 65 35 103 3 182 2 108 
54823 1987 5 24 9980 10020 9950 225 285 176 215 80 63 2 52 49 38 70 1 109 9 0 
54823 1987 5 25 10055 10080 10019 166 181 158 177 94 90 98 9 25 38 57 3 86 2 0 
54823 1987 5 26 10109 10125 10072 194 239 153 179 80 63 32700 44 32 33 50 4 89 4 31 
54823 1987 5 27 10096 10112 10085 223 288 178 149 57 29 0 95 58 35 87 4 133 2 115 
54823 1987 5 28 10069 10099 10030 212 283 123 112 46 26 0 94 52 20 60 4 82 3 103 
54823 1987 5 29 10015 10038 10001 269 333 210 135 39 24 0 137 66 43 67 12 104 9 119 
54823 1987 5 30 10015 10040 9986 283 323 243 132 35 22 0 186 97 55 110 10 161 9 104 
54823 1987 5 31 10005 10018 9986 278 308 256 164 44 31 32700 159 74 35 73 9 144 8 78 
54823 1987 6 1 9970 10009 9944 212 278 167 191 76 37 51 26 38 23 80 5 138 4 0 
54823 1987 6 2 9940 9951 9928 212 301 163 189 77 50 185 70 27 28 60 2 109 3 95 
54823 1987 6 3 9947 9964 9932 278 341 214 236 64 45 0 85 27 23 40 11 72 10 124 
54823 1987 6 4 9959 9979 9933 318 364 268 185 40 28 0 192 93 58 83 10 144 10 127 
54823 1987 6 5 9990 10021 9957 284 344 172 220 59 36 44 124 84 38 80 1 158 16 54 
54823 1987 6 6 10079 10097 10019 130 182 113 132 88 70 554 16 32766 45 97 3 146 2 0 
54823 1987 6 7 10060 10090 10032 203 277 127 115 53 23 0 85 45 18 43 16 63 16 129 
54823 1987 6 8 10039 10051 10022 236 298 167 110 40 19 0 103 50 20 30 10 30 15 132 
54823 1987 6 9 10029 10045 10009 260 307 198 109 33 21 0 130 64 20 57 10 88 9 119 
54823 1987 6 10 10037 10057 10016 253 279 225 122 38 30 0 105 63 28 50 9 88 9 59 
54823 1987 6 11 10028 10044 10004 251 296 205 124 40 25 0 100 52 23 63 8 100 8 91 
54823 1987 6 12 10004 10019 9984 249 278 222 158 50 39 32700 65 36 13 40 8 62 8 17 
54823 1987 6 13 10002 10018 9986 231 269 214 179 64 49 0 68 44 38 90 3 115 3 34 
54823 1987 6 14 10037 10052 10018 209 247 162 137 57 41 0 82 54 30 63 4 82 4 52 
54823 1987 6 15 10025 10039 10015 238 295 167 126 45 27 0 101 47 3 30 2 40 3 117 
54823 1987 6 16 10024 10043 10003 278 330 205 130 36 26 0 112 60 23 40 10 60 10 117 
54823 1987 6 17 10022 10040 10002 286 333 250 157 40 31 0 137 77 30 63 10 113 10 121 
54823 1987 6 18 10017 10037 10002 283 319 249 174 46 35 0 126 63 38 60 10 98 10 88 
54823 1987 6 19 10001 10021 9978 285 339 244 182 47 38 0 130 72 38 53 10 81 9 115 
54823 1987 6 20 10000 10017 9980 302 362 264 173 42 28 0 152 73 33 60 10 95 10 121 
54823 1987 6 21 10018 10032 9992 271 320 234 183 51 32 0 111 50 23 53 5 68 3 110 
54823 1987 6 22 10000 10017 9975 225 281 208 216 80 47 98 34 29 10 60 4 80 4 0 
54823 1987 6 23 9955 9974 9947 212 233 190 208 83 62 12 22 15 23 47 4 60 4 0 
54823 1987 6 24 9982 9990 9957 228 270 196 224 82 64 12 39 16 18 33 4 41 4 25 
54823 1987 6 25 9988 10003 9978 258 307 208 211 65 46 0 78 36 30 60 10 95 10 92 
54823 1987 6 26 10007 10017 9990 272 302 254 199 55 48 0 71 40 25 47 10 76 10 50 
54823 1987 6 27 10036 10047 10004 239 285 215 223 76 54 47 15 10 25 37 8 50 8 0 
54823 1987 6 28 10016 10051 9990 251 312 210 230 74 49 9 64 32 20 43 6 66 5 100 
54823 1987 6 29 9960 9992 9916 274 341 239 203 58 34 0 133 32766 48 90 10 147 9 101 
54823 1987 6 30 9984 9999 9956 262 295 210 225 66 54 206 126 16 25 67 8 119 6 86 
54823 1987 7 1 10009 10028 9991 245 295 205 230 76 55 69 59 21 20 77 11 132 10 62 
54823 1987 7 2 9975 9999 9955 271 312 246 238 66 52 0 90 50 33 70 11 112 10 108 
54823 1987 7 3 9973 9985 9957 284 326 235 262 68 51 0 68 33 18 40 11 64 10 97 
54823 1987 7 4 9931 9959 9910 311 357 259 236 54 39 0 128 64 50 70 10 125 9 121 
54823 1987 7 5 9925 9937 9909 298 337 280 257 62 41 0 118 63 33 70 9 119 9 59 
54823 1987 7 6 9956 9970 9927 270 305 244 258 73 60 0 86 46 28 53 4 74 10 86 
54823 1987 7 7 9960 9975 9938 291 356 217 245 63 41 0 104 61 28 53 10 102 10 116 
54823 1987 7 8 9951 9968 9941 318 365 273 275 59 42 0 121 51 35 73 10 129 10 110 
54823 1987 7 9 9973 9988 9953 277 334 244 290 79 54 155 34 21 13 67 10 113 8 27 
54823 1987 7 10 9908 9965 9893 259 288 244 306 92 85 531 20 27 28 67 12 100 11 0 
54823 1987 7 11 9926 9935 9912 272 334 243 268 75 48 30 77 28 35 53 12 71 10 73 
54823 1987 7 12 9940 9955 9931 288 330 258 241 62 37 32700 102 48 28 60 4 94 4 110 
54823 1987 7 13 9976 9990 9953 273 307 244 263 73 54 32700 64 46 25 50 4 61 9 68 
54823 1987 7 14 9997 10011 9981 261 293 233 272 81 62 32700 37 30 3 80 16 116 16 47 
54823 1987 7 15 9985 10009 9959 240 282 212 240 82 58 94 73 34 30 80 10 148 9 81 
54823 1987 7 16 9974 9976 9968 232 271 212 239 84 64 0 33 27 13 30 2 32766 32766 43 
54823 1987 7 17 9979 9987 9969 267 317 220 244 71 46 0 70 33 8 30 15 32766 32766 118 
54823 1987 7 18 9971 9982 9954 283 320 249 250 66 49 32700 75 49 25 53 10 101 9 71 
54823 1987 7 19 9945 9967 9924 272 315 236 265 74 63 32700 59 30 18 41 10 88 10 62 
54823 1987 7 20 9923 9944 9900 286 317 257 299 77 62 32700 45 20 5 30 3 32766 32766 36 
54823 1987 7 21 9903 9916 9886 297 339 259 306 75 51 0 65 31 33 50 10 102 10 81 
54823 1987 7 22 9932 9945 9898 288 329 258 240 62 32 0 107 59 18 62 10 106 10 108 
54823 1987 7 23 9966 9973 9945 301 353 234 177 42 28 0 123 57 28 37 10 78 10 130 
54823 1987 7 24 9984 9995 9971 319 366 267 168 36 29 0 165 85 38 77 10 140 10 131 
54823 1987 7 25 9993 10004 9976 309 355 270 244 56 33 0 130 70 38 60 11 115 9 122 
54823 1987 7 26 10005 10017 9988 283 317 255 229 60 44 0 77 55 18 40 3 72 8 95 
54823 1987 7 27 10003 10009 9990 283 332 243 264 70 46 0 83 60 23 50 4 73 3 96 
54823 1987 7 28 9992 10011 9971 274 331 232 259 72 56 0 65 47 25 50 4 74 2 66 
54823 1987 7 29 9948 9975 9929 287 337 246 262 68 46 0 74 37 18 47 4 73 2 75 
54823 1987 7 30 9924 9940 9908 305 354 257 262 62 41 0 100 60 20 47 10 88 10 113 
54823 1987 7 31 9922 9930 9911 290 342 267 306 77 44 10 65 39 8 43 11 100 10 82 
54823 1987 8 1 9934 9947 9913 289 351 237 293 75 53 80 84 56 28 90 2 159 4 95 
54823 1987 8 2 9952 9966 9936 276 325 236 295 80 66 804 32766 32766 13 90 4 152 4 48 
54823 1987 8 3 9953 9965 9943 279 319 246 319 85 73 263 27 19 28 44 10 94 10 25 
54823 1987 8 4 9968 9978 9950 244 272 230 289 94 79 98 2 0 10 19 11 44 32766 16 
54823 1987 8 5 9986 9995 9978 271 326 219 287 82 62 0 58 19 15 32766 32766 32766 32766 99 
54823 1987 8 6 9977 9993 9961 260 309 215 298 88 55 61 17 25 13 50 16 87 32766 12 
54823 1987 8 7 9934 9976 9916 242 294 201 239 81 53 6 56 31 23 50 6 82 32766 73 
54823 1987 8 8 9949 9972 9919 252 296 211 200 63 47 0 83 50 15 40 11 48 32766 122 
54823 1987 8 9 9998 10014 9972 267 321 225 196 58 34 0 78 54 8 32766 32766 43 32766 126 
54823 1987 8 10 10028 10038 9998 277 325 224 209 57 42 0 90 53 15 40 9 81 32766 108 
54823 1987 8 11 10065 10077 10035 274 317 235 240 66 52 0 70 19 18 49 10 92 10 105 
54823 1987 8 12 10081 10093 10068 266 307 229 242 70 55 165 65 38 15 78 10 132 10 67 
54823 1987 8 13 10061 10078 10040 263 304 230 245 72 48 32700 50 28 8 33 8 60 32766 53 
54823 1987 8 14 10023 10048 10003 223 268 194 246 92 67 514 21 0 28 60 4 101 4 0 
54823 1987 8 15 10001 10012 9993 223 283 190 231 87 55 127 33 20 15 47 4 80 4 52 
54823 1987 8 16 9995 10013 9978 257 298 222 251 77 62 0 44 10 18 40 10 70 10 0 
54823 1987 8 17 9999 10014 9979 266 331 213 257 74 58 1 68 32 28 58 3 108 32766 79 
54823 1987 8 18 10004 10029 9987 261 315 213 262 77 62 72 71 34 20 79 10 179 10 72 
54823 1987 8 19 9976 9998 9963 266 300 207 282 81 55 134 75 36 25 62 10 128 15 81 
54823 1987 8 20 9974 9987 9960 274 328 224 269 76 46 0 67 32 5 30 11 54 32766 116 
54823 1987 8 21 9990 9996 9974 278 327 240 265 74 37 0 77 45 13 40 5 74 32766 115 
54823 1987 8 22 10001 10015 9986 271 332 239 260 74 47 7 62 52 15 83 12 169 10 92 
54823 1987 8 23 9991 10008 9965 286 330 252 279 72 52 0 79 42 25 47 11 101 10 118 
54823 1987 8 24 9968 9986 9949 279 319 248 279 75 59 0 60 43 15 55 16 143 16 95 
54823 1987 8 25 9965 9976 9949 291 335 254 279 70 46 0 57 33 10 43 6 77 4 82 
54823 1987 8 26 9939 9975 9887 266 316 233 293 84 51 844 32766 32766 33 93 10 224 8 31 
54823 1987 8 27 9928 9945 9898 269 318 236 286 83 53 1856 32766 32766 25 83 11 141 10 32 
54823 1987 8 28 9942 9950 9930 295 347 247 254 63 36 0 78 44 25 32 9 64 9 116 
54823 1987 8 29 9949 9957 9939 278 323 246 279 75 50 0 70 43 30 37 13 80 13 109 
54823 1987 8 30 9975 9980 9957 266 316 226 241 71 37 0 74 48 23 33 2 79 2 110 
54823 1987 8 31 10009 10026 9980 253 298 206 225 72 45 0 73 54 25 33 2 56 1 114 
54823 1987 9 1 10043 10059 10023 248 299 217 230 74 57 6 42 28 18 47 3 83 3 54 
54823 1987 9 2 10058 10074 10042 267 316 214 245 71 52 0 47 29 20 33 11 32766 32766 70 
54823 1987 9 3 10014 10058 9969 242 282 211 235 78 59 116 15 18 30 53 8 101 4 0 
54823 1987 9 4 9983 9991 9970 211 232 198 232 93 84 28 2 10 35 47 11 95 16 0 
54823 1987 9 5 10025 10046 9991 210 227 191 213 86 73 21 19 9 40 63 1 137 1 15 
54823 1987 9 6 10052 10064 10040 204 262 165 184 79 44 0 51 32 5 40 15 80 1 90 
54823 1987 9 7 10072 10088 10063 203 252 154 162 70 45 0 53 40 18 27 3 61 32766 113 
54823 1987 9 8 10077 10089 10062 214 273 159 150 62 35 0 48 30 13 37 4 62 32766 109 
54823 1987 9 9 10085 10097 10073 229 287 178 147 54 35 0 64 37 5 43 10 85 32766 100 
54823 1987 9 10 10116 10133 10091 219 273 172 174 67 42 0 56 30 20 37 3 32766 32766 107 
54823 1987 9 11 10119 10138 10102 219 281 161 172 67 44 0 68 36 33 57 4 103 3 106 
54823 1987 9 12 10098 10117 10079 232 292 179 189 69 38 0 60 30 18 37 3 61 4 104 
54823 1987 9 13 10058 10086 10042 256 313 209 198 62 40 0 66 20 20 33 10 83 10 105 
54823 1987 9 14 10064 10077 10048 239 285 211 210 72 55 0 47 40 20 57 3 93 3 30 
54823 1987 9 15 10123 10139 10077 211 253 181 161 66 42 0 74 48 38 83 4 128 2 96 
54823 1987 9 16 10125 10143 10099 200 250 139 136 60 37 0 61 44 18 50 5 85 4 107 
54823 1987 9 17 10089 10108 10066 232 286 184 154 56 38 0 74 30 25 53 12 106 10 99 
54823 1987 9 18 10036 10077 10007 265 315 228 156 45 36 32700 124 55 53 90 10 168 9 101 
54823 1987 9 19 10001 10018 9987 293 335 256 195 49 35 0 161 63 60 90 10 170 9 108 
54823 1987 9 20 10021 10057 9996 283 336 241 197 53 37 0 153 72 63 87 10 165 9 105 
54823 1987 9 21 10093 10107 10057 246 315 198 176 61 23 0 99 20 38 67 4 115 3 85 
54823 1987 9 22 10118 10138 10101 251 309 194 191 61 36 32700 65 39 5 33 4 55 3 81 
54823 1987 9 23 10097 10115 10072 244 285 202 193 64 52 0 63 34 20 53 10 105 10 91 
54823 1987 9 24 10060 10077 10048 228 254 206 176 63 58 0 56 48 35 60 10 125 9 20 
54823 1987 9 25 10150 10172 10075 169 217 120 85 46 24 0 78 65 23 70 3 143 2 111 
54823 1987 9 26 10161 10185 10129 171 239 112 71 39 17 0 85 51 10 41 12 80 12 105 
54823 1987 9 27 10128 10144 10111 205 258 158 72 31 21 0 106 56 30 67 10 130 9 102 
54823 1987 9 28 10120 10135 10105 211 255 154 94 38 29 0 85 52 28 53 8 103 9 58 
54823 1987 9 29 10100 10114 10082 221 282 149 131 51 33 0 70 34 18 47 9 99 10 97 
54823 1987 9 30 10099 10117 10080 235 293 177 145 53 34 0 86 48 35 63 10 124 10 98 
54823 1987 10 1 10072 10087 10051 254 300 229 114 36 24 0 152 85 53 107 10 191 9 100 
54823 1987 10 2 10070 10080 10056 233 284 187 149 53 32 0 69 32 10 37 1 69 2 96 
54823 1987 10 3 10068 10087 10048 232 317 151 144 58 22 0 64 40 13 33 9 63 5 101 
54823 1987 10 4 10054 10070 10041 263 316 236 122 36 21 0 135 82 25 77 10 145 9 100 
54823 1987 10 5 10064 10086 10047 253 316 177 135 44 22 0 92 50 30 43 9 90 9 101 
54823 1987 10 6 10071 10097 10053 267 315 240 169 49 39 0 121 60 50 70 10 32766 32766 85 
54823 1987 10 7 10127 10146 10097 202 259 163 137 60 32 0 91 74 50 80 4 32766 32766 96 
54823 1987 10 8 10105 10125 10081 220 293 154 149 56 41 0 71 50 15 62 10 116 9 78 
54823 1987 10 9 10091 10115 10075 247 304 192 119 40 20 0 89 51 10 41 9 94 9 104 
54823 1987 10 10 10064 10082 10041 233 288 178 141 52 27 0 75 54 18 47 10 91 10 97 
54823 1987 10 11 10076 10110 10046 224 288 181 176 67 39 0 64 48 30 87 4 161 4 86 
54823 1987 10 12 10141 10157 10110 184 215 162 130 61 42 0 82 66 60 100 5 152 4 49 
54823 1987 10 13 10131 10147 10119 135 170 118 133 86 52 124 7 6 45 83 4 124 4 0 
54823 1987 10 14 10152 10179 10125 140 157 117 150 93 85 195 0 0 68 110 3 190 3 0 
54823 1987 10 15 10172 10193 10152 133 168 108 117 77 62 11 30 11 45 80 4 121 3 18 
54823 1987 10 16 10120 10160 10100 133 192 94 125 82 65 16 25 16 15 42 4 83 3 48 
54823 1987 10 17 10097 10107 10083 146 189 118 125 76 50 4 47 13 8 47 4 68 4 60 
54823 1987 10 18 10127 10137 10104 128 160 96 80 55 30 62 61 31 33 66 15 162 14 91 
54823 1987 10 19 10143 10159 10124 104 157 58 62 51 29 0 42 24 15 43 14 71 13 97 
54823 1987 10 20 10148 10163 10137 93 119 67 69 59 47 0 34 30 30 53 12 81 4 0 
54823 1987 10 21 10186 10201 10158 109 141 82 93 73 51 0 20 32766 18 30 4 39 2 0 
54823 1987 10 22 10194 10206 10180 126 172 98 92 64 44 0 47 26 38 70 10 131 10 87 
54823 1987 10 23 10204 10216 10190 136 174 108 101 66 49 0 38 14 40 53 10 100 9 33 
54823 1987 10 24 10220 10244 10206 126 174 91 86 62 24 0 41 19 15 47 10 114 13 95 
54823 1987 10 25 10190 10216 10163 132 203 76 78 55 24 0 38 21 10 23 4 47 5 94 
54823 1987 10 26 10144 10171 10112 151 203 98 97 57 41 0 50 28 23 77 10 136 10 89 
54823 1987 10 27 10111 10121 10101 184 227 153 108 52 42 0 68 26 45 77 10 147 10 90 
54823 1987 10 28 10073 10110 10034 193 233 153 119 53 37 0 54 39 28 69 10 133 9 50 
54823 1987 10 29 10073 10141 10030 170 212 115 149 76 46 32700 37 17 53 116 4 206 3 2 
54823 1987 10 30 10210 10229 10141 82 114 64 66 61 45 1 50 58 70 109 4 193 3 17 
54823 1987 10 31 10221 10244 10192 60 70 54 69 74 58 9 19 19 30 64 4 110 2 0 
54823 1987 11 1 10193 10207 10182 43 61 24 74 90 79 96 0 0 20 65 3 94 4 0 
54823 1987 11 2 10199 10220 10184 66 105 43 74 78 44 1 15 9 23 37 12 66 13 21 
54823 1987 11 3 10188 10196 10170 97 149 64 67 57 37 0 40 23 40 60 10 122 10 90 
54823 1987 11 4 10244 10272 10190 76 105 44 48 46 19 0 44 29 20 55 10 99 16 89 
54823 1987 11 5 10208 10262 10157 79 129 32 33 32 19 0 48 25 40 60 10 134 9 92 
54823 1987 11 6 10139 10163 10118 89 128 72 70 61 32 0 45 23 53 77 10 169 10 44 
54823 1987 11 7 10216 10248 10163 66 102 37 36 38 22 0 47 19 18 47 3 83 4 90 
54823 1987 11 8 10102 10194 10051 117 162 49 60 42 36 0 67 45 60 100 10 205 10 85 
54823 1987 11 9 10039 10069 10007 154 214 77 84 51 26 0 73 27 48 87 10 185 9 83 
54823 1987 11 10 10055 10089 10009 182 231 157 100 49 31 0 83 27 40 110 10 184 10 78 
54823 1987 11 11 10131 10155 10089 103 167 84 118 94 57 0 7 4 18 40 4 62 4 0 
54823 1987 11 12 10210 10243 10155 100 130 76 85 70 42 0 54 41 63 104 4 185 4 60 
54823 1987 11 13 10244 10260 10217 61 107 24 61 66 48 0 36 32766 35 57 4 99 4 81 
54823 1987 11 14 10218 10240 10202 80 152 32 65 63 29 0 22 17 5 40 5 66 4 53 
54823 1987 11 15 10164 10210 10140 120 158 88 70 51 40 0 44 21 45 73 11 137 10 63 
54823 1987 11 16 10177 10195 10151 98 141 56 71 60 34 0 36 18 33 50 4 94 4 73 
54823 1987 11 17 10159 10178 10122 118 174 63 83 61 33 0 53 20 55 80 10 162 10 74 
54823 1987 11 18 10168 10186 10133 109 138 80 70 53 29 0 53 29 40 97 10 180 10 44 
54823 1987 11 19 10121 10182 10072 117 155 58 52 38 28 0 70 45 70 100 10 203 10 80 
54823 1987 11 20 10073 10099 10053 147 183 132 86 51 36 0 78 42 65 110 10 192 10 69 
54823 1987 11 21 10129 10148 10099 106 156 68 83 64 47 0 30 16 28 40 4 70 4 63 
54823 1987 11 22 10128 10160 10095 95 171 42 95 81 58 0 20 11 28 60 10 114 11 25 
54823 1987 11 23 10135 10160 10095 94 132 53 81 71 35 0 22 20 43 100 4 150 4 23 
54823 1987 11 24 10141 10166 10114 89 154 31 84 73 43 0 23 13 20 60 4 99 12 0 
54823 1987 11 25 10112 10128 10100 115 143 87 107 79 72 0 13 8 8 47 5 73 5 0 
54823 1987 11 26 10171 10230 10106 47 137 4 84 96 74 61 11 0 80 120 4 202 3 0 
54823 1987 11 27 10310 10349 10229 -35 4 -57 38 80 53 87 57 32766 83 120 3 236 2 0 
54823 1987 11 28 10377 10393 10349 -61 -40 -93 20 53 38 0 0 32766 23 60 2 99 2 84 
54823 1987 11 29 10358 10393 10331 -52 -9 -83 22 54 35 0 7 32766 10 27 12 55 12 81 
54823 1987 11 30 10306 10336 10279 -40 6 -68 28 63 44 0 15 32766 15 43 12 73 10 77 
54823 1987 12 1 10336 10362 10308 -55 -26 -85 19 48 30 0 15 32766 15 37 1 73 1 86 
54823 1987 12 2 10246 10323 10207 -35 17 -75 26 53 37 0 21 32766 48 70 10 125 10 83 
54823 1987 12 3 10259 10282 10216 -16 25 -53 29 57 26 0 11 32766 8 47 11 74 10 71 
54823 1987 12 4 10235 10271 10212 -7 36 -41 34 60 30 0 14 32766 10 49 10 81 10 28 
54823 1987 12 5 10258 10292 10212 -22 18 -54 39 77 48 0 30 32766 23 57 16 107 16 61 
54823 1987 12 6 10285 10302 10265 -9 40 -50 33 60 30 0 21 32766 23 53 10 93 11 84 
54823 1987 12 7 10222 10267 10199 36 71 6 38 50 34 0 32 32766 70 97 11 177 10 77 
54823 1987 12 8 10215 10231 10210 43 93 -1 48 60 28 0 28 32766 28 67 10 113 10 78 
54823 1987 12 9 10153 10213 10113 64 103 2 45 47 27 0 41 32766 58 90 10 168 10 58 
54823 1987 12 10 10219 10284 10129 18 84 -9 34 47 23 0 42 32766 38 83 10 163 10 80 
54823 1987 12 11 10301 10333 10265 -20 19 -46 20 39 25 0 31 32766 25 43 5 71 4 81 
54823 1987 12 12 10214 10264 10191 4 52 -27 24 39 21 0 10 32766 20 53 10 93 10 75 
54823 1987 12 13 10236 10255 10211 -10 47 -49 29 55 22 0 13 32766 15 23 16 37 10 73 
54823 1987 12 14 10203 10243 10171 21 67 -23 28 40 23 0 24 32766 38 67 10 125 10 76 
54823 1987 12 15 10180 10214 10150 25 58 -20 33 47 26 0 28 32766 28 63 10 115 10 77 
54823 1987 12 16 10209 10228 10191 29 86 -17 30 43 20 0 26 32766 40 70 11 133 11 81 
54823 1987 12 17 10227 10246 10203 42 91 -7 45 57 38 0 22 32766 8 33 10 71 10 65 
54823 1987 12 18 10216 10228 10203 62 119 19 43 47 27 0 34 32766 13 63 10 117 10 64 
54823 1987 12 19 10235 10248 10216 21 66 -4 54 78 46 0 13 32766 10 33 2 62 1 45 
54823 1987 12 20 10230 10253 10212 18 79 -33 49 75 33 0 24 32766 23 43 12 81 12 58 
54823 1987 12 21 10163 10214 10135 71 125 34 40 41 23 0 45 32766 38 87 11 151 10 66 
54823 1987 12 22 10191 10210 10168 36 104 -19 38 55 14 0 17 32766 10 30 12 58 12 78 
54823 1987 12 23 10134 10176 10104 92 146 35 40 34 25 0 57 32766 30 80 11 169 10 75 
54823 1987 12 24 10135 10154 10112 89 130 43 73 65 43 0 40 32766 18 70 10 132 10 59 
54823 1987 12 25 10185 10214 10153 64 122 20 63 69 42 0 26 32766 13 40 10 59 10 61 
54823 1987 12 26 10110 10180 10079 119 151 80 50 36 32 0 95 32766 73 110 10 188 10 77 
54823 1987 12 27 10053 10079 10039 147 185 124 68 41 29 0 95 32766 58 97 11 175 10 80 
54823 1987 12 28 10073 10097 10055 122 179 68 63 47 21 0 45 32766 38 73 4 109 4 82 
54823 1987 12 29 10148 10217 10079 17 102 -11 53 77 47 32700 37 32766 55 83 4 137 4 0 
54823 1987 12 30 10253 10280 10217 -12 28 -45 29 54 35 0 14 32766 30 40 5 70 9 80 
54823 1987 12 31 10164 10225 10131 15 54 -17 32 47 37 0 21 32766 23 53 10 113 9 37 
54823 1988 1 1 10224 10252 10161 9 36 -18 46 71 52 0 16 32766 23 60 4 92 4 71 
54823 1988 1 2 10243 10260 10231 0 38 -48 39 65 46 0 12 32766 5 30 4 42 4 43 
54823 1988 1 3 10223 10247 10199 9 20 2 55 84 55 3 7 32766 8 33 4 49 4 0 
54823 1988 1 4 10269 10309 10208 -12 11 -31 53 94 83 26 1 32766 30 67 4 113 4 0 
54823 1988 1 5 10282 10309 10259 -29 15 -73 36 75 40 0 28 32766 10 27 4 49 4 79 
54823 1988 1 6 10174 10259 10129 9 42 -33 36 55 47 0 14 32766 48 90 10 160 10 55 
54823 1988 1 7 10118 10137 10104 30 65 -6 47 62 51 0 25 32766 23 90 10 161 10 66 
