V01000 V04001 V04002 V04003 V10004 V10201 V10202 V12001 V12052 V12053 V13004 V13003 V13007 V13201 V13241 V13242 V11002 V11042 V11212 V11041 V11043 V14032
54823 1978 1 8 10199 32766 32766 2 52 -22 30 50 324 0 24 32766 28 47 14 66 4 79 
54823 1978 1 9 10286 32766 32766 -32 9 -58 14 28 317 0 26 32766 30 47 16 91 16 80 
54823 1978 1 10 10259 32766 32766 -12 41 -58 14 25 316 0 23 32766 38 87 10 161 10 80 
54823 1978 1 11 10156 32766 32766 43 86 18 22 27 322 0 76 32766 60 100 10 160 11 78 
54823 1978 1 12 10110 32766 32766 40 108 -15 39 51 325 0 31 32766 18 50 11 91 12 73 
54823 1978 1 13 10079 32766 32766 38 104 -14 52 66 349 0 21 32766 10 37 10 62 11 61 
54823 1978 1 14 10134 32766 32766 37 75 8 49 63 333 0 31 32766 48 67 3 93 3 50 
54823 1978 1 15 10291 32766 32766 -38 14 -59 11 23 312 0 31 32766 63 93 4 164 3 29 
54823 1978 1 16 10287 32766 32766 -57 -17 -84 12 30 315 0 13 32766 8 27 1 53 16 67 
54823 1978 1 17 10212 32766 32766 -35 19 -71 12 27 318 0 23 32766 33 63 12 109 12 73 
54823 1978 1 18 10168 32766 32766 -15 47 -63 14 25 321 0 26 32766 33 67 13 102 12 78 
54823 1978 1 19 10127 32766 32766 6 66 -48 17 31 310 0 39 32766 28 63 10 112 11 77 
54823 1978 1 20 10126 32766 32766 3 41 -22 14 22 313 0 59 32766 58 127 15 181 16 59 
54823 1978 1 21 10138 32766 32766 20 79 -20 13 18 312 0 39 32766 35 53 13 89 10 82 
54823 1978 1 22 10085 32766 32766 68 117 23 32 31 321 0 57 32766 33 80 11 137 12 82 
54823 1978 1 23 10111 32766 32766 34 75 -7 39 52 324 0 31 32766 45 67 4 96 3 11 
54823 1978 1 24 10153 32766 32766 20 87 -40 33 54 316 0 29 32766 33 47 903 65 3 83 
54823 1978 1 25 10085 32766 32766 49 104 -11 50 56 349 0 37 32766 35 77 10 145 10 57 
54823 1978 1 26 10106 32766 32766 65 117 34 29 32 310 0 60 32766 58 73 3 121 3 61 
54823 1978 1 27 10226 32766 32766 -17 60 -36 28 52 337 0 42 32766 70 93 4 156 5 47 
54823 1978 1 28 10229 32766 32766 -15 30 -53 23 44 326 0 15 32766 45 70 4 100 5 52 
54823 1978 1 29 10191 32766 32766 -1 31 -17 27 45 328 0 26 32766 43 70 13 118 10 79 
54823 1978 1 30 10243 32766 32766 -41 2 -82 10 23 312 0 28 32766 25 43 3 75 14 90 
54823 1978 1 31 10201 32766 32766 -12 41 -38 11 22 308 0 30 32766 43 67 1 155 15 78 
54823 1978 2 1 10228 32766 32766 -48 11 -94 9 22 311 0 17 32766 25 50 13 84 15 89 
54823 1978 2 2 10198 32766 32766 3 62 -39 12 21 312 0 33 32766 23 43 10 64 11 87 
54823 1978 2 3 10171 32766 32766 22 86 -59 22 33 318 0 49 32766 45 90 10 150 11 72 
54823 1978 2 4 10151 32766 32766 37 125 -26 35 45 330 0 30 32766 30 47 4 62 3 67 
54823 1978 2 5 10130 32766 32766 12 42 3 53 79 360 30008 18 32766 38 57 4 75 3 0 
54823 1978 2 6 10167 32766 32766 10 23 -4 62 95 391 0 8 32766 20 37 3 53 3 0 
54823 1978 2 7 10199 32766 32766 -5 17 -15 48 82 366 32700 13 32766 53 80 4 102 5 0 
54823 1978 2 8 10170 32766 32766 -7 17 -24 42 73 363 31001 15 32766 48 60 4 91 5 0 
54823 1978 2 9 10167 32766 32766 -33 5 -65 43 88 383 31073 65 32766 73 113 4 160 4 0 
54823 1978 2 10 10242 32766 32766 -65 -46 -85 27 73 361 31004 15 32766 28 43 4 64 3 57 
54823 1978 2 11 10252 32766 32766 -50 -22 -70 28 66 347 0 4 32766 13 50 5 66 5 11 
54823 1978 2 12 10228 32766 32766 -16 34 -54 27 52 322 0 16 32766 28 50 12 78 12 81 
54823 1978 2 13 10230 32766 32766 -9 29 -34 35 60 344 0 22 32766 40 100 4 140 5 83 
54823 1978 2 14 10299 32766 32766 -46 -8 -75 28 66 346 0 16 32766 53 60 4 84 5 87 
54823 1978 2 15 10298 32766 32766 -53 -22 -71 17 42 329 0 19 32766 20 50 4 63 4 74 
54823 1978 2 16 10264 32766 32766 -49 10 -92 18 46 320 0 18 32766 28 47 13 65 14 96 
54823 1978 2 17 10274 32766 32766 -43 -8 -81 16 36 317 0 26 32766 20 60 1 105 2 94 
54823 1978 2 18 10229 32766 32766 2 64 -49 20 30 323 0 47 32766 48 80 10 141 11 90 
54823 1978 2 19 10232 32766 32766 6 52 -45 23 36 319 0 39 32766 28 50 3 90 3 94 
54823 1978 2 20 10164 32766 32766 54 112 8 27 31 320 0 56 32766 30 57 10 99 11 94 
54823 1978 2 21 10177 32766 32766 62 139 0 36 41 317 0 53 32766 30 83 13 118 13 95 
54823 1978 2 22 10213 32766 32766 62 140 -4 34 40 318 0 63 32766 30 63 13 117 4 98 
54823 1978 2 23 10176 32766 32766 114 181 54 44 33 320 0 87 32766 30 47 14 63 14 97 
54823 1978 2 24 10177 32766 32766 88 150 38 45 40 330 0 64 32766 38 117 4 166 5 94 
54823 1978 2 25 10249 32766 32766 53 114 -7 28 32 321 0 65 32766 40 80 4 114 5 95 
54823 1978 2 26 10175 32766 32766 112 176 58 40 30 320 0 95 32766 40 70 10 140 11 92 
54823 1978 2 27 10061 32766 32766 90 150 23 53 47 332 0 100 32766 73 133 4 187 4 90 
54823 1978 2 28 10245 32766 32766 -24 24 -59 22 44 327 31023 41 32766 38 100 4 97 4 100 
54823 1978 3 1 10205 32766 32766 25 86 -37 21 29 315 0 44 32766 25 67 11 86 11 95 
54823 1978 3 2 10104 32766 32766 73 116 40 46 45 333 0 47 32766 28 60 13 81 13 17 
54823 1978 3 3 10127 32766 32766 70 108 33 40 42 312 0 49 32766 28 63 3 88 4 42 
54823 1978 3 4 10145 32766 32766 72 137 -3 26 28 314 0 81 32766 28 70 10 126 10 92 
54823 1978 3 5 10109 32766 32766 112 158 71 31 24 314 0 134 32766 60 90 10 177 11 90 
54823 1978 3 6 10112 32766 32766 99 166 33 42 36 320 0 71 32766 18 47 11 73 11 88 
54823 1978 3 7 10119 32766 32766 111 165 54 55 44 324 0 56 32766 18 27 5 46 3 91 
54823 1978 3 8 10129 32766 32766 92 142 50 83 71 357 16 29 32766 15 47 9 81 10 20 
54823 1978 3 9 10129 32766 32766 48 90 15 64 72 350 89 19 32766 40 73 16 132 3 16 
54823 1978 3 10 10191 32766 32766 -12 23 -48 18 33 325 0 41 32766 40 70 3 112 4 95 
54823 1978 3 11 10168 32766 32766 20 66 -17 27 40 321 0 51 32766 40 100 15 165 2 91 
54823 1978 3 12 10217 32766 32766 19 73 -40 24 35 321 0 43 32766 20 40 10 55 13 103 
54823 1978 3 13 10190 32766 32766 58 101 15 24 27 317 0 59 32766 23 47 13 65 15 93 
54823 1978 3 14 10163 32766 32766 69 126 27 36 39 322 0 51 32766 13 47 10 70 11 74 
54823 1978 3 15 10103 32766 32766 92 142 53 41 35 325 0 107 32766 53 90 10 162 11 95 
54823 1978 3 16 10102 32766 32766 103 145 47 61 49 346 0 54 32766 25 40 4 59 11 77 
54823 1978 3 17 10117 32766 32766 94 149 37 64 56 341 0 47 32766 20 33 4 38 2 33 
54823 1978 3 18 10146 32766 32766 95 149 47 49 42 326 0 84 32766 43 80 4 118 5 100 
54823 1978 3 19 10182 32766 32766 68 124 7 36 38 318 0 75 32766 38 60 3 88 4 57 
54823 1978 3 20 10144 32766 32766 84 127 53 47 45 315 0 62 32766 33 60 3 77 3 22 
54823 1978 3 21 10136 32766 32766 92 157 42 45 41 317 0 81 32766 28 77 1 141 2 96 
54823 1978 3 22 10184 32766 32766 60 112 8 29 33 318 0 70 32766 30 70 1 140 2 97 
54823 1978 3 23 10183 32766 32766 89 155 25 31 30 314 0 85 32766 23 77 12 103 13 103 
54823 1978 3 24 10128 32766 32766 121 166 81 38 27 321 0 140 32766 65 103 10 169 11 99 
54823 1978 3 25 10105 32766 32766 155 214 105 43 26 312 0 126 32766 28 53 13 102 13 102 
54823 1978 3 26 10086 32766 32766 172 215 144 44 23 314 0 142 32766 45 73 8 128 11 86 
54823 1978 3 27 10076 32766 32766 144 195 107 77 47 337 0 91 32766 35 140 4 206 2 92 
54823 1978 3 28 10141 32766 32766 79 151 31 53 54 328 42 67 32766 60 133 4 202 4 94 
54823 1978 3 29 10089 32766 32766 97 154 37 72 60 351 0 48 32766 45 127 4 164 5 10 
54823 1978 3 30 10148 32766 32766 30 59 20 55 72 368 32700 38 32766 53 100 4 120 3 24 
54823 1978 3 31 10142 32766 32766 58 143 -19 62 68 347 0 41 32766 28 47 11 68 11 87 
54823 1978 4 1 10107 32766 32766 122 176 86 79 58 330 32700 108 32766 70 93 11 155 11 92 
54823 1978 4 2 10166 32766 32766 73 123 38 69 70 343 27 39 32766 28 47 13 86 16 66 
54823 1978 4 3 10113 32766 32766 134 200 70 37 25 318 0 159 32766 78 93 11 166 11 110 
54823 1978 4 4 10039 32766 32766 180 232 129 57 27 318 0 200 32766 78 90 10 162 11 111 
54823 1978 4 5 10058 32766 32766 167 208 142 42 21 314 0 179 32766 45 150 15 207 16 99 
54823 1978 4 6 10129 32766 32766 132 185 82 41 28 317 0 99 32766 15 43 15 70 15 117 
54823 1978 4 7 10076 32766 32766 181 237 134 37 18 312 0 196 32766 63 90 10 159 11 107 
54823 1978 4 8 10054 32766 32766 203 253 171 61 26 319 0 190 32766 63 80 10 130 11 106 
54823 1978 4 9 10027 32766 32766 225 298 147 71 27 320 0 172 32766 33 77 12 113 13 111 
54823 1978 4 10 10021 32766 32766 181 248 135 83 42 321 0 142 32766 58 80 4 109 4 107 
54823 1978 4 11 10073 32766 32766 132 201 67 64 46 318 0 117 32766 60 97 4 105 4 100 
54823 1978 4 12 10024 32766 32766 206 261 124 75 31 323 0 178 32766 55 80 10 138 11 110 
54823 1978 4 13 9996 32766 32766 234 308 120 100 35 326 0 182 32766 55 90 10 159 10 109 
54823 1978 4 14 9958 32766 32766 223 300 124 133 49 340 0 211 32766 73 103 4 163 10 92 
54823 1978 4 15 10049 32766 32766 131 174 92 58 40 326 0 108 32766 53 130 16 196 16 73 
54823 1978 4 16 10123 32766 32766 130 181 62 29 21 313 0 137 32766 38 83 10 150 10 112 
54823 1978 4 17 10064 32766 32766 156 198 126 36 21 317 0 199 32766 85 100 10 178 10 98 
54823 1978 4 18 9981 32766 32766 196 263 144 57 26 317 0 251 32766 95 123 11 201 11 109 
54823 1978 4 19 10083 32766 32766 130 229 87 24 16 308 0 179 32766 48 87 2 140 4 108 
54823 1978 4 20 10143 32766 32766 121 167 71 37 27 313 0 79 32766 20 73 11 116 13 44 
54823 1978 4 21 10147 32766 32766 127 196 71 53 39 318 0 105 32766 33 57 11 100 10 103 
54823 1978 4 22 10102 32766 32766 158 206 104 65 37 325 0 120 32766 40 67 9 111 11 111 
54823 1978 4 23 10030 32766 32766 188 245 128 84 40 328 0 161 32766 63 90 10 139 11 115 
54823 1978 4 24 10040 32766 32766 194 242 155 94 43 324 0 150 32766 50 110 4 148 5 90 
54823 1978 4 25 10082 32766 32766 201 260 116 96 43 325 0 105 32766 33 57 10 91 10 106 
54823 1978 4 26 10035 32766 32766 230 280 187 64 24 312 32700 264 32766 75 110 10 178 11 110 
54823 1978 4 27 10008 32766 32766 243 289 201 95 31 324 0 140 32766 38 57 11 99 11 83 
54823 1978 4 28 9952 32766 32766 241 298 192 105 36 324 0 182 32766 63 110 9 184 10 114 
54823 1978 4 29 9960 32766 32766 237 279 196 77 26 312 0 195 32766 68 110 10 197 10 89 
54823 1978 4 30 10041 32766 32766 193 243 155 50 22 313 0 147 32766 38 90 4 126 5 76 
54823 1978 5 1 10073 32766 32766 202 272 118 60 26 317 0 110 32766 15 30 4 32 5 109 
54823 1978 5 2 10055 32766 32766 227 296 159 84 31 322 0 134 32766 35 70 4 91 4 102 
54823 1978 5 3 10072 32766 32766 196 259 128 89 43 316 32700 150 32766 38 80 4 103 5 118 
54823 1978 5 4 10069 32766 32766 217 278 133 104 41 329 0 100 32766 18 40 10 53 32766 100 
54823 1978 5 5 10067 32766 32766 230 284 169 76 29 313 0 125 32766 28 77 9 124 9 84 
54823 1978 5 6 10060 32766 32766 209 261 140 91 37 331 0 150 32766 43 73 10 118 10 114 
54823 1978 5 7 10039 32766 32766 238 287 193 126 42 337 0 166 32766 53 90 11 146 9 96 
54823 1978 5 8 10057 32766 32766 196 252 174 152 68 341 129 70 32766 35 70 2 108 2 43 
54823 1978 5 9 10112 32766 32766 168 216 113 71 39 319 0 99 32766 38 50 2 81 2 115 
54823 1978 5 10 10074 32766 32766 210 271 149 72 29 325 0 146 32766 35 53 11 74 10 120 
54823 1978 5 11 10055 32766 32766 246 305 196 62 21 311 0 193 32766 48 70 10 101 11 122 
54823 1978 5 12 10043 32766 32766 260 308 220 69 21 315 0 225 32766 55 103 10 162 11 122 
54823 1978 5 13 10043 32766 32766 263 310 221 99 29 323 0 201 32766 45 77 10 137 10 118 
54823 1978 5 14 10039 32766 32766 263 306 208 119 35 328 0 171 32766 50 70 8 102 10 123 
54823 1978 5 15 10062 32766 32766 252 301 212 152 48 334 0 141 32766 63 90 9 139 11 112 
54823 1978 5 16 10098 32766 32766 189 243 137 157 72 361 0 69 32766 23 37 15 40 16 80 
54823 1978 5 17 10060 32766 32766 176 216 142 151 77 354 15 39 32766 20 53 12 59 13 2 
54823 1978 5 18 10028 32766 32766 191 263 137 121 60 332 0 87 32766 25 60 16 69 16 115 
54823 1978 5 19 10015 32766 32766 226 300 143 99 39 321 0 110 32766 25 50 13 81 10 125 
54823 1978 5 20 9991 32766 32766 280 343 229 101 27 320 0 193 32766 63 77 12 116 10 119 
54823 1978 5 21 9999 32766 32766 312 368 260 110 24 319 0 226 32766 53 77 11 114 10 115 
54823 1978 5 22 10020 32766 32766 284 352 192 127 35 318 0 166 32766 28 50 12 78 11 119 
54823 1978 5 23 10017 32766 32766 249 341 177 168 56 332 0 148 32766 40 100 4 152 3 125 
54823 1978 5 24 10041 32766 32766 194 243 142 149 67 354 0 94 32766 35 77 4 88 4 70 
54823 1978 5 25 10018 32766 32766 255 321 167 155 51 333 0 116 32766 30 67 11 94 10 112 
54823 1978 5 26 10030 32766 32766 287 338 236 181 47 334 0 138 32766 53 60 8 81 9 110 
54823 1978 5 27 10035 32766 32766 276 327 230 193 54 336 0 145 32766 35 80 8 115 9 115 
54823 1978 5 28 10002 32766 32766 239 265 216 200 68 359 32700 80 32766 18 50 9 68 9 32 
54823 1978 5 29 10047 32766 32766 170 240 129 134 68 342 100 71 32766 60 110 4 158 4 32 
54823 1978 5 30 10089 32766 32766 167 215 129 100 55 336 0 83 32766 50 70 5 113 4 3 
54823 1978 5 31 10060 32766 32766 201 259 142 118 51 338 0 100 32766 18 43 14 68 14 112 
54823 1978 6 1 10044 32766 32766 241 292 186 103 35 324 0 122 32766 30 60 5 81 4 117 
54823 1978 6 2 10022 32766 32766 219 260 202 135 51 345 32700 70 32766 33 50 11 70 9 3 
54823 1978 6 3 9972 32766 32766 241 315 154 138 51 325 0 111 32766 20 53 12 68 13 128 
54823 1978 6 4 9961 32766 32766 255 291 211 93 29 323 0 166 32766 45 63 11 86 4 123 
54823 1978 6 5 10020 32766 32766 257 311 189 84 27 316 0 143 32766 23 60 5 86 6 111 
54823 1978 6 6 10001 32766 32766 283 347 202 142 38 325 32700 141 32766 28 50 10 83 10 102 
54823 1978 6 7 9992 32766 32766 313 364 260 124 28 320 0 276 32766 65 100 10 158 11 126 
54823 1978 6 8 9996 32766 32766 285 328 245 177 46 331 0 175 32766 60 70 10 134 10 59 
54823 1978 6 9 9947 32766 32766 257 301 202 212 67 341 489 164 32766 38 60 10 97 10 125 
54823 1978 6 10 9959 32766 32766 305 365 263 150 35 326 0 184 32766 48 80 11 124 11 120 
54823 1978 6 11 9964 32766 32766 301 354 222 171 42 324 0 152 32766 25 47 4 49 10 121 
54823 1978 6 12 9998 32766 32766 287 333 222 136 36 324 0 156 32766 30 57 4 65 6 129 
54823 1978 6 13 10002 32766 32766 275 319 219 158 44 333 32700 115 32766 28 47 3 60 4 50 
54823 1978 6 14 9987 32766 32766 257 288 228 199 61 353 1 67 32766 23 50 11 65 11 22 
54823 1978 6 15 9979 32766 32766 274 328 216 195 55 340 0 125 32766 45 67 10 100 11 112 
54823 1978 6 16 10023 32766 32766 271 329 233 172 50 330 32700 136 32766 23 50 4 53 3 96 
54823 1978 6 17 10033 32766 32766 283 350 213 159 44 325 0 122 32766 8 37 12 26 13 124 
54823 1978 6 18 10017 32766 32766 292 348 243 184 46 334 32700 137 32766 30 97 8 151 10 109 
54823 1978 6 19 10031 32766 32766 254 323 211 199 62 347 18 118 32766 58 90 8 130 9 70 
54823 1978 6 20 10016 32766 32766 256 320 193 183 58 343 23 109 32766 25 107 16 155 1 108 
54823 1978 6 21 10004 32766 32766 276 339 219 178 49 340 4 133 32766 28 40 10 70 6 121 
54823 1978 6 22 9973 32766 32766 307 372 239 190 45 334 0 161 32766 43 67 10 108 10 107 
54823 1978 6 23 9981 32766 32766 324 368 273 146 30 325 0 204 32766 43 70 10 119 11 118 
54823 1978 6 24 9986 32766 32766 300 341 258 172 41 329 0 145 32766 30 73 9 131 9 86 
54823 1978 6 25 9967 32766 32766 232 284 211 238 85 358 146 33 32766 45 70 3 93 4 0 
54823 1978 6 26 9986 32766 32766 222 255 196 244 92 383 24 24 32766 28 33 3 59 2 26 
54823 1978 6 27 9986 32766 32766 282 333 221 276 74 354 0 85 32766 23 43 10 57 11 84 
54823 1978 6 28 9927 32766 32766 299 341 253 289 68 358 9 74 32766 48 77 10 156 10 27 
54823 1978 6 29 9872 32766 32766 286 338 226 290 75 361 648 32766 32766 43 143 16 287 16 101 
54823 1978 6 30 9880 32766 32766 276 334 211 247 66 352 42 109 32766 58 123 11 236 11 95 
54823 1978 7 1 9914 32766 32766 272 313 232 274 76 361 137 77 32766 33 120 11 206 10 55 
54823 1978 7 2 9914 32766 32766 254 282 228 296 91 387 179 29 32766 15 33 5 45 4 6 
54823 1978 7 3 9946 32766 32766 268 326 222 296 85 367 149 74 32766 15 47 10 67 12 85 
54823 1978 7 4 9983 32766 32766 254 285 219 281 88 377 894 32766 32766 25 53 4 87 4 15 
54823 1978 7 5 9987 32766 32766 229 274 194 245 88 378 222 58 32766 15 43 16 70 1 52 
54823 1978 7 6 9948 32766 32766 276 318 229 264 72 360 0 105 32766 25 57 10 95 10 132 
54823 1978 7 7 9928 32766 32766 314 353 261 281 61 355 0 127 32766 33 70 10 126 11 132 
54823 1978 7 8 9931 32766 32766 333 370 298 317 62 358 0 131 32766 43 63 10 104 10 130 
54823 1978 7 9 9956 32766 32766 291 340 226 304 76 365 74 65 32766 15 120 8 202 9 51 
54823 1978 7 10 9992 32766 32766 270 305 229 293 83 371 75 85 32766 28 63 4 85 4 85 
54823 1978 7 11 9997 32766 32766 249 298 197 270 86 373 265 93 32766 15 70 4 92 5 91 
54823 1978 7 12 10006 32766 32766 265 297 224 273 80 367 0 77 32766 35 57 5 73 4 102 
54823 1978 7 13 9987 32766 32766 254 275 228 269 83 368 157 33 32766 20 53 2 128 15 0 
54823 1978 7 14 9999 32766 32766 235 249 216 274 95 389 420 38 32766 33 53 4 73 4 0 
54823 1978 7 15 10021 32766 32766 224 241 206 240 89 383 32700 33 32766 20 40 5 49 5 0 
54823 1978 7 16 10018 32766 32766 251 299 208 249 80 355 0 63 32766 10 30 3 43 5 68 
54823 1978 7 17 10003 32766 32766 269 312 223 252 72 354 0 72 32766 13 33 16 37 16 114 
54823 1978 7 18 9980 32766 32766 276 315 229 238 65 352 0 91 32766 20 40 4 58 3 117 
54823 1978 7 19 9969 32766 32766 280 319 236 257 68 361 0 64 32766 18 40 10 66 12 75 
54823 1978 7 20 9996 32766 32766 279 319 224 248 66 356 0 93 32766 23 40 11 55 9 101 
54823 1978 7 21 10015 32766 32766 292 331 240 261 65 354 0 104 32766 28 47 3 69 4 106 
54823 1978 7 22 10009 32766 32766 290 341 257 295 75 355 5 59 32766 23 63 5 107 7 67 
54823 1978 7 23 9999 32766 32766 295 334 253 282 70 350 2 80 32766 18 47 8 78 9 111 
54823 1978 7 24 9992 32766 32766 299 349 253 300 73 349 39 90 32766 18 110 8 222 8 95 
54823 1978 7 25 9974 32766 32766 256 291 235 306 93 385 1056 32766 32766 25 53 4 81 12 21 
54823 1978 7 26 9988 32766 32766 282 320 233 309 81 367 53 73 32766 15 50 10 84 12 58 
54823 1978 7 27 9999 32766 32766 292 322 252 272 68 355 0 64 32766 28 40 8 55 9 63 
54823 1978 7 28 9989 32766 32766 291 326 260 273 68 357 0 91 32766 33 57 12 85 9 115 
54823 1978 7 29 9993 32766 32766 272 300 243 304 85 381 0 45 32766 25 40 2 70 2 26 
54823 1978 7 30 9979 32766 32766 268 311 237 297 85 370 0 56 32766 28 37 4 45 4 58 
54823 1978 7 31 9933 32766 32766 279 324 239 306 83 365 0 67 32766 25 50 14 72 14 101 
54823 1978 8 1 9890 32766 32766 307 354 261 300 69 351 0 88 32766 28 37 4 44 4 119 
54823 1978 8 2 9908 32766 32766 287 332 251 269 69 352 0 89 32766 38 60 1 114 2 107 
54823 1978 8 3 9944 32766 32766 298 362 236 245 62 329 0 98 32766 15 33 13 36 13 127 
54823 1978 8 4 9976 32766 32766 323 367 271 229 48 331 0 118 32766 28 50 12 74 10 121 
54823 1978 8 5 9981 32766 32766 314 365 264 247 54 347 0 108 32766 30 40 15 54 10 124 
54823 1978 8 6 9995 32766 32766 300 344 270 286 68 356 0 90 32766 28 53 4 91 2 100 
54823 1978 8 7 10015 32766 32766 279 308 251 315 84 374 2 42 32766 23 37 4 43 2 22 
54823 1978 8 8 9993 32766 32766 268 336 238 309 89 364 418 32766 32766 10 77 12 124 11 54 
54823 1978 8 9 9981 32766 32766 262 293 229 288 85 376 532 32766 32766 33 57 10 83 11 21 
54823 1978 8 10 10022 32766 32766 248 276 229 270 87 373 2 34 32766 23 50 5 72 5 5 
54823 1978 8 11 10041 32766 32766 242 276 223 246 82 362 32700 49 32766 33 67 5 101 4 22 
54823 1978 8 12 10021 32766 32766 209 236 191 242 98 394 320 14 32766 25 50 3 107 2 0 
54823 1978 8 13 10023 32766 32766 236 271 210 255 88 376 9 36 32766 25 47 2 83 3 49 
54823 1978 8 14 10032 32766 32766 237 264 214 265 91 380 4 32 32766 38 50 5 67 3 8 
54823 1978 8 15 10024 32766 32766 229 241 217 268 96 393 501 49 32766 28 40 4 73 3 0 
54823 1978 8 16 10007 32766 32766 244 282 216 260 86 370 2 52 32766 28 37 5 70 3 72 
54823 1978 8 17 9993 32766 32766 260 301 214 260 78 361 0 61 32766 18 50 5 70 5 109 
54823 1978 8 18 9954 32766 32766 253 326 186 255 81 355 40 84 32766 45 140 13 273 14 104 
54823 1978 8 19 9922 32766 32766 263 325 180 240 70 354 122 73 32766 25 47 10 94 10 113 
54823 1978 8 20 9959 32766 32766 277 312 244 240 67 330 0 84 32766 25 60 3 101 3 112 
54823 1978 8 21 10017 32766 32766 272 338 207 224 65 338 0 87 32766 28 50 5 83 5 119 
54823 1978 8 22 10033 32766 32766 276 327 213 252 69 354 0 70 32766 13 37 16 57 3 115 
54823 1978 8 23 10029 32766 32766 295 326 241 281 68 358 0 70 32766 18 40 4 62 5 101 
54823 1978 8 24 10032 32766 32766 271 331 239 313 87 373 139 54 32766 18 67 6 132 7 47 
54823 1978 8 25 10028 32766 32766 275 322 241 308 85 370 118 70 32766 18 67 9 144 9 79 
54823 1978 8 26 10026 32766 32766 291 345 248 276 71 344 0 75 32766 8 40 9 77 9 111 
54823 1978 8 27 10053 32766 32766 284 326 237 292 76 358 0 59 32766 3 37 8 66 8 88 
54823 1978 8 28 10093 32766 32766 253 290 229 281 87 382 0 37 32766 30 63 4 106 4 22 
54823 1978 8 29 10095 32766 32766 232 268 209 195 69 358 0 70 32766 45 60 4 116 2 37 
54823 1978 8 30 10050 32766 32766 237 284 193 165 58 343 32700 87 32766 30 70 5 93 5 49 
54823 1978 8 31 10014 32766 32766 212 257 189 209 83 370 51 41 32766 30 50 2 103 2 1 
54823 1978 9 1 10032 32766 32766 190 197 179 216 98 395 95 14 32766 18 33 2 70 3 0 
54823 1978 9 2 10021 32766 32766 199 217 184 219 95 386 32 9 32766 3 27 2 46 3 0 
54823 1978 9 3 10059 32766 32766 205 245 186 193 80 363 4 48 32766 58 93 4 150 4 39 
54823 1978 9 4 10047 32766 32766 173 197 157 170 86 380 32700 19 32766 28 47 5 72 5 0 
54823 1978 9 5 10048 32766 32766 202 250 150 208 88 372 9 30 32766 25 40 4 59 4 28 
54823 1978 9 6 10038 32766 32766 215 231 195 249 97 394 100 10 32766 10 50 15 90 16 0 
54823 1978 9 7 10076 32766 32766 199 243 171 216 93 385 3 17 32766 18 37 16 70 16 20 
54823 1978 9 8 10093 32766 32766 195 217 179 201 88 377 1 16 32766 10 40 16 83 16 0 
54823 1978 9 9 10103 32766 32766 182 230 152 168 81 361 31 32 32766 13 30 15 81 15 76 
54823 1978 9 10 10113 32766 32766 187 246 139 141 69 336 32001 55 32766 20 30 4 66 3 116 
54823 1978 9 11 10096 32766 32766 214 262 165 143 57 343 0 64 32766 28 47 11 91 10 94 
54823 1978 9 12 10094 32766 32766 214 257 167 170 68 352 0 56 32766 18 30 15 64 13 104 
54823 1978 9 13 10081 32766 32766 223 279 169 179 68 344 0 60 32766 15 33 4 63 3 107 
54823 1978 9 14 10072 32766 32766 225 284 173 174 67 335 0 63 32766 18 30 1 54 2 105 
54823 1978 9 15 10058 32766 32766 232 293 168 181 67 338 0 70 32766 13 37 13 68 11 104 
54823 1978 9 16 10065 32766 32766 248 305 190 193 62 350 0 64 32766 10 37 11 69 11 89 
54823 1978 9 17 10029 32766 32766 238 261 215 212 73 358 17 34 32766 30 63 2 131 10 0 
54823 1978 9 18 10104 32766 32766 167 222 119 76 40 327 0 57 32766 25 60 16 119 16 91 
54823 1978 9 19 10105 32766 32766 198 260 142 83 36 329 0 110 32766 43 60 10 115 10 112 
54823 1978 9 20 10120 32766 32766 227 284 179 105 39 329 0 115 32766 33 50 10 91 10 94 
54823 1978 9 21 10122 32766 32766 229 289 177 114 43 323 0 94 32766 23 37 11 69 13 84 
54823 1978 9 22 10090 32766 32766 238 291 186 113 40 325 0 102 32766 28 50 11 101 9 105 
54823 1978 9 23 10063 32766 32766 247 299 197 129 42 332 0 116 32766 45 67 12 120 11 105 
54823 1978 9 24 10065 32766 32766 263 324 194 143 44 324 0 110 32766 23 37 9 69 15 105 
54823 1978 9 25 10074 32766 32766 278 332 229 129 35 326 0 131 32766 40 53 10 108 10 105 
54823 1978 9 26 10110 32766 32766 240 318 169 178 64 333 0 88 32766 28 43 4 67 14 99 
54823 1978 9 27 10092 32766 32766 234 295 178 154 56 330 32700 75 32766 23 63 10 133 10 66 
54823 1978 9 28 10069 32766 32766 237 280 201 154 53 340 0 113 32766 48 73 10 151 10 103 
54823 1978 9 29 10076 32766 32766 233 319 189 163 58 342 0 95 32766 50 77 10 133 11 102 
54823 1978 9 30 10074 32766 32766 254 304 212 143 45 329 0 132 32766 38 67 11 132 11 105 
54823 1978 10 1 10076 32766 32766 249 311 172 119 41 319 0 107 32766 20 63 10 146 11 103 
54823 1978 10 2 10077 32766 32766 230 306 177 156 59 327 32700 81 32766 43 90 16 179 1 89 
54823 1978 10 3 10142 32766 32766 155 198 139 160 91 378 189 12 32766 25 60 4 120 4 0 
54823 1978 10 4 10128 32766 32766 151 208 102 123 76 339 6 43 32766 5 30 3 51 3 92 
54823 1978 10 5 10129 32766 32766 171 242 103 132 70 346 0 42 32766 5 23 15 41 16 106 
54823 1978 10 6 10151 32766 32766 174 225 122 138 72 347 0 30 32766 10 23 8 39 6 47 
54823 1978 10 7 10165 32766 32766 184 244 133 134 66 340 0 49 32766 15 37 13 60 12 97 
54823 1978 10 8 10123 32766 32766 196 231 149 118 52 338 0 68 32766 38 87 10 141 11 38 
54823 1978 10 9 10140 32766 32766 167 212 115 110 60 334 0 59 32766 20 37 16 78 3 96 
54823 1978 10 10 10147 32766 32766 162 223 91 93 53 328 0 62 32766 23 63 11 119 12 99 
54823 1978 10 11 10145 32766 32766 180 217 141 113 56 347 0 74 32766 35 60 4 96 4 101 
54823 1978 10 12 10174 32766 32766 155 229 98 118 70 346 0 53 32766 23 50 3 84 3 101 
54823 1978 10 13 10179 32766 32766 163 231 106 106 61 334 0 46 32766 8 40 10 75 11 97 
54823 1978 10 14 10135 32766 32766 170 214 143 91 47 335 0 72 32766 38 60 11 108 10 45 
54823 1978 10 15 10171 32766 32766 145 189 99 87 55 333 0 56 32766 25 67 4 132 3 103 
54823 1978 10 16 10162 32766 32766 136 205 68 93 63 336 0 49 32766 20 37 4 64 13 101 
54823 1978 10 17 10132 32766 32766 170 216 125 98 52 338 0 71 32766 20 60 10 110 10 84 
54823 1978 10 18 10141 32766 32766 171 221 125 115 61 338 0 57 32766 30 80 4 88 3 86 
54823 1978 10 19 10141 32766 32766 146 191 112 125 76 364 5 36 32766 33 57 5 77 5 62 
54823 1978 10 20 10201 32766 32766 139 187 87 103 66 352 0 49 32766 50 67 4 107 4 94 
54823 1978 10 21 10218 32766 32766 137 188 96 106 68 354 0 34 32766 13 43 4 67 4 40 
54823 1978 10 22 10183 32766 32766 157 207 120 95 55 333 32700 51 32766 28 47 10 82 11 88 
54823 1978 10 23 10154 32766 32766 166 216 122 108 58 344 0 58 32766 38 67 11 129 10 96 
54823 1978 10 24 10155 32766 32766 163 196 115 99 55 333 0 75 32766 40 70 4 144 10 94 
54823 1978 10 25 10125 32766 32766 183 242 113 129 62 346 0 50 32766 25 50 13 91 11 88 
54823 1978 10 26 10140 32766 32766 118 197 42 123 87 377 58 17 32766 53 110 4 214 3 3 
54823 1978 10 27 10248 32766 32766 47 82 16 61 72 346 129 44 32766 33 73 3 146 2 78 
54823 1978 10 28 10232 32766 32766 44 89 4 47 59 330 0 36 32766 30 70 15 117 14 99 
54823 1978 10 29 10185 32766 32766 92 153 41 45 39 326 0 67 32766 40 60 12 113 10 97 
54823 1978 10 30 10174 32766 32766 129 183 87 63 43 329 0 75 32766 35 60 11 114 11 97 
54823 1978 10 31 10218 32766 32766 116 171 59 93 69 347 0 37 32766 25 57 4 90 4 92 
54823 1978 11 1 10226 32766 32766 98 168 43 77 67 336 0 27 32766 20 40 4 63 4 93 
54823 1978 11 2 10206 32766 32766 98 155 42 80 68 344 0 32 32766 8 37 3 59 3 96 
54823 1978 11 3 10186 32766 32766 114 175 61 66 52 323 0 27 32766 15 30 10 46 11 90 
54823 1978 11 4 10174 32766 32766 124 176 79 72 51 336 0 38 32766 25 50 12 86 12 64 
54823 1978 11 5 10177 32766 32766 130 187 76 84 58 334 0 40 32766 15 57 12 92 11 83 
54823 1978 11 6 10199 32766 32766 130 184 82 99 68 350 0 37 32766 10 30 11 47 10 89 
54823 1978 11 7 10187 32766 32766 136 192 95 98 64 347 0 32 32766 20 40 11 78 10 80 
54823 1978 11 8 10193 32766 32766 140 191 95 105 67 346 0 39 32766 33 80 4 147 4 81 
54823 1978 11 9 10233 32766 32766 93 121 78 85 73 367 19 34 32766 60 90 4 143 4 0 
54823 1978 11 10 10218 32766 32766 79 108 53 85 81 362 5 20 32766 23 43 3 76 3 0 
54823 1978 11 11 10202 32766 32766 97 142 69 92 78 359 32700 33 32766 28 47 4 84 4 72 
54823 1978 11 12 10182 32766 32766 97 140 64 79 68 339 0 36 32766 28 43 4 77 3 77 
54823 1978 11 13 10153 32766 32766 96 162 40 74 65 333 0 23 32766 20 47 12 79 12 81 
54823 1978 11 14 10164 32766 32766 115 163 82 97 72 358 0 32 32766 35 63 15 101 15 45 
54823 1978 11 15 10213 32766 32766 89 136 51 79 72 342 0 33 32766 35 57 4 98 3 75 
54823 1978 11 16 10154 32766 32766 78 95 57 86 82 355 70 10 32766 10 37 13 72 8 0 
54823 1978 11 17 10145 32766 32766 94 122 73 96 82 369 0 24 32766 23 60 11 98 10 36 
54823 1978 11 18 10172 32766 32766 68 100 42 62 63 333 0 33 32766 25 57 16 110 13 90 
54823 1978 11 19 10235 32766 32766 34 68 -4 34 46 327 0 31 32766 18 50 2 107 2 90 
54823 1978 11 20 10220 32766 32766 43 102 -11 35 45 320 0 18 32766 15 32766 32766 81 12 77 
54823 1978 11 21 10211 32766 32766 53 96 16 55 63 341 0 20 32766 0 17 1 28 15 68 
54823 1978 11 22 10197 32766 32766 58 122 15 53 60 331 0 27 32766 18 30 13 51 13 82 
54823 1978 11 23 10214 32766 32766 59 110 15 57 64 343 0 14 32766 5 20 11 29 2 66 
54823 1978 11 24 10200 32766 32766 83 127 34 63 58 345 0 22 32766 15 37 13 66 13 44 
54823 1978 11 25 10186 32766 32766 93 139 67 74 64 342 0 22 32766 10 37 13 66 12 14 
54823 1978 11 26 10188 32766 32766 77 117 46 69 67 339 0 29 32766 35 73 2 161 2 66 
54823 1978 11 27 10276 32766 32766 -11 58 -29 18 33 322 0 26 32766 35 80 2 161 1 82 
54823 1978 11 28 10252 32766 32766 0 57 -54 17 30 317 0 27 32766 30 50 13 83 32766 89 
54823 1978 11 29 10200 32766 32766 50 106 1 20 23 315 0 52 32766 48 60 11 104 10 86 
54823 1978 11 30 10174 32766 32766 85 132 41 48 43 334 0 46 32766 25 57 10 119 7 76 
54823 1978 12 1 10243 32766 32766 25 94 -2 27 36 319 32700 39 32766 48 97 14 152 10 78 
54823 1978 12 2 10246 32766 32766 28 87 -11 19 26 319 0 51 32766 20 60 12 101 11 79 
54823 1978 12 3 10173 32766 32766 83 122 17 25 23 309 0 73 32766 40 93 10 159 10 53 
54823 1978 12 4 10221 32766 32766 50 106 -6 36 46 320 0 40 32766 8 50 5 89 10 80 
54823 1978 12 5 10188 32766 32766 92 132 54 35 30 324 0 80 32766 40 67 11 129 9 80 
54823 1978 12 6 10156 32766 32766 76 137 7 64 62 345 0 36 32766 13 53 10 109 10 75 
54823 1978 12 7 10121 32766 32766 98 137 30 80 66 353 0 32 32766 23 60 10 127 10 72 
54823 1978 12 8 10128 32766 32766 92 136 40 85 74 358 0 12 32766 3 30 15 49 15 60 
54823 1978 12 9 10163 32766 32766 75 103 46 74 72 348 0 16 32766 18 47 3 98 2 3 
54823 1978 12 10 10266 32766 32766 28 71 -19 41 56 339 0 26 32766 25 60 4 100 3 83 
54823 1978 12 11 10197 32766 32766 72 117 16 30 31 318 0 87 32766 65 103 10 199 10 85 
54823 1978 12 12 10134 32766 32766 99 139 70 34 28 323 0 95 32766 48 103 10 198 10 77 
54823 1978 12 13 10169 32766 32766 70 106 38 53 55 339 0 40 32766 53 93 2 164 3 29 
54823 1978 12 14 10239 32766 32766 3 44 -38 35 58 337 0 21 32766 25 50 4 85 3 83 
54823 1978 12 15 10113 32766 32766 68 114 -5 37 37 329 0 46 32766 43 80 10 151 11 80 
54823 1978 12 16 10150 32766 32766 52 105 8 55 63 349 0 36 32766 43 100 4 166 4 71 
54823 1978 12 17 10199 32766 32766 21 67 -15 45 66 342 0 38 32766 70 90 4 151 5 81 
54823 1978 12 18 10232 32766 32766 -6 26 -17 38 66 359 31005 20 32766 63 80 4 126 5 0 
54823 1978 12 19 10294 32766 32766 -40 -12 -59 37 80 371 31024 27 32766 78 110 4 130 4 0 
54823 1978 12 20 10333 32766 32766 -58 -44 -73 25 63 354 32700 10 32766 53 73 4 93 4 0 
54823 1978 12 21 10256 32766 32766 -41 -10 -65 30 65 351 32700 6 32766 15 40 4 54 12 19 
54823 1978 12 22 10212 32766 32766 -48 -22 -63 37 86 373 31027 1 32766 5 40 11 70 11 39 
54823 1978 12 23 10218 32766 32766 -25 37 -85 26 52 337 0 14 32766 25 50 10 96 10 81 
54823 1978 12 24 10182 32766 32766 20 62 -15 39 56 342 0 15 32766 13 40 10 101 8 48 
54823 1978 12 25 10161 32766 32766 20 67 -18 49 71 352 0 10 32766 10 23 5 26 2 69 
54823 1978 12 26 10163 32766 32766 16 38 4 60 88 385 1 3 32766 8 33 16 47 16 0 
54823 1978 12 27 10201 32766 32766 19 65 -13 54 78 359 0 13 32766 20 47 10 97 9 61 
54823 1978 12 28 10190 32766 32766 8 49 -29 44 67 350 32700 20 32766 40 103 4 167 3 0 
54823 1978 12 29 10311 32766 32766 -52 -22 -80 26 63 329 32700 14 32766 23 53 4 75 4 73 
54823 1978 12 30 10297 32766 32766 -41 -6 -72 27 60 353 0 7 32766 18 37 4 53 5 0 
54823 1978 12 31 10256 32766 32766 -18 27 -60 28 55 329 0 9 32766 0 23 12 39 14 55 
54823 1979 1 1 10236 32766 32766 14 59 -26 40 60 340 0 13 32766 13 60 11 107 11 54 
54823 1979 1 2 10191 32766 32766 38 77 -5 54 68 350 0 21 32766 28 73 10 142 10 69 
54823 1979 1 3 10122 32766 32766 60 119 5 63 71 343 0 27 32766 33 50 10 110 10 71 
54823 1979 1 4 10112 32766 32766 13 93 -28 50 79 340 32700 18 32766 10 47 10 93 9 25 
54823 1979 1 5 10154 32766 32766 26 81 -22 51 72 338 32700 8 32766 23 67 10 133 9 72 
54823 1979 1 6 10081 32766 32766 79 128 48 46 44 331 0 76 32766 68 100 10 197 10 63 
54823 1979 1 7 10059 32766 32766 94 153 13 38 35 320 0 113 32766 68 130 10 229 10 80 
