V01000 V04001 V04002 V04003 V10004 V10201 V10202 V12001 V12052 V12053 V13004 V13003 V13007 V13201 V13241 V13242 V11002 V11042 V11212 V11041 V11043 V14032
54823 1961 1 8 10131 32766 32766 40 86 -18 31 38 27 0 36 32766 33 32766 32766 131 10 56 
54823 1961 1 9 10175 32766 32766 -3 34 -42 37 62 48 0 12 32766 13 32766 32766 150 3 0 
54823 1961 1 10 10309 32766 32766 -56 -8 -83 24 58 30 32700 14 32766 75 32766 32766 206 3 0 
54823 1961 1 11 10344 32766 32766 -73 -9 -137 10 30 11 0 18 32766 30 32766 32766 87 15 85 
54823 1961 1 12 10271 32766 32766 -35 19 -89 12 26 16 0 26 32766 35 32766 32766 137 10 33 
54823 1961 1 13 10242 32766 32766 -24 23 -93 11 22 11 0 23 32766 20 32766 32766 100 10 74 
54823 1961 1 14 10211 32766 32766 13 64 -54 13 20 10 0 38 32766 38 32766 32766 167 10 76 
54823 1961 1 15 10295 32766 32766 -35 13 -69 14 30 22 0 23 32766 25 32766 32766 109 4 45 
54823 1961 1 16 10278 32766 32766 -35 27 -93 8 19 8 0 32 32766 38 32766 32766 127 11 72 
54823 1961 1 17 10232 32766 32766 3 59 -27 10 17 9 0 32 32766 38 32766 32766 92 6 89 
54823 1961 1 18 10253 32766 32766 4 76 -53 15 27 9 0 33 32766 8 32766 32766 119 10 83 
54823 1961 1 19 10209 32766 32766 41 86 -14 21 26 14 0 50 32766 38 32766 32766 162 10 78 
54823 1961 1 20 10183 32766 32766 25 87 -54 32 47 23 0 30 32766 23 32766 32766 100 10 85 
54823 1961 1 21 10178 32766 32766 25 115 -29 20 31 10 0 34 32766 23 32766 32766 88 13 86 
54823 1961 1 22 10172 32766 32766 23 109 -44 27 40 25 0 29 32766 18 32766 32766 108 4 82 
54823 1961 1 23 10156 32766 32766 19 53 -17 34 49 34 32700 39 32766 53 32766 32766 104 4 0 
54823 1961 1 24 10105 32766 32766 10 59 -27 33 54 19 1 37 32766 53 32766 32766 189 15 67 
54823 1961 1 25 10183 32766 32766 17 93 -52 15 25 9 0 41 32766 38 32766 32766 136 10 91 
54823 1961 1 26 10183 32766 32766 72 134 13 23 23 11 0 49 32766 25 32766 32766 104 10 85 
54823 1961 1 27 10213 32766 32766 43 95 -6 39 47 30 0 39 32766 20 32766 32766 81 3 84 
54823 1961 1 28 10216 32766 32766 15 49 -17 50 74 60 0 19 32766 38 32766 32766 108 3 31 
54823 1961 1 29 10219 32766 32766 -2 43 -27 37 64 28 0 14 32766 50 32766 32766 113 3 86 
54823 1961 1 30 10200 32766 32766 -26 37 -64 22 46 17 0 30 32766 38 32766 32766 228 2 66 
54823 1961 1 31 10259 32766 32766 -66 -4 -124 11 30 18 0 24 32766 20 32766 32766 101 15 91 
54823 1961 2 1 10210 32766 32766 -17 58 -69 13 25 3 0 35 32766 55 32766 32766 121 15 96 
54823 1961 2 2 10179 32766 32766 1 54 -55 16 26 12 0 34 32766 23 32766 32766 116 2 96 
54823 1961 2 3 10160 32766 32766 49 118 -12 17 21 7 0 77 32766 70 32766 32766 176 10 96 
54823 1961 2 4 10163 32766 32766 41 81 -15 36 44 23 32700 29 32766 5 32766 32766 88 9 0 
54823 1961 2 5 10134 32766 32766 19 46 3 65 94 85 23 3 32766 25 32766 32766 103 3 0 
54823 1961 2 6 10166 32766 32766 5 33 -15 53 84 57 30002 9 32766 30 32766 32766 106 3 17 
54823 1961 2 7 10177 32766 32766 10 63 -31 38 64 12 0 21 32766 15 32766 32766 74 15 98 
54823 1961 2 8 10161 32766 32766 18 82 -28 28 43 11 0 32 32766 23 32766 32766 98 16 96 
54823 1961 2 9 10155 32766 32766 14 86 -42 29 48 11 0 35 32766 25 32766 32766 79 5 95 
54823 1961 2 10 10139 32766 32766 23 78 -27 28 41 22 0 38 32766 18 32766 32766 95 12 3 
54823 1961 2 11 10124 32766 32766 48 99 22 31 37 21 0 64 32766 45 32766 32766 131 1 78 
54823 1961 2 12 10160 32766 32766 17 82 -50 21 34 15 0 47 32766 35 32766 32766 160 12 95 
54823 1961 2 13 10154 32766 32766 29 80 -15 20 29 15 0 61 32766 55 32766 32766 183 5 86 
54823 1961 2 14 10225 32766 32766 -3 69 -50 12 22 6 0 41 32766 30 32766 32766 121 14 94 
54823 1961 2 15 10168 32766 32766 43 104 -7 26 31 22 0 63 32766 43 32766 32766 132 11 95 
54823 1961 2 16 10134 32766 32766 45 115 -31 36 46 19 0 47 32766 20 32766 32766 81 12 99 
54823 1961 2 17 10145 32766 32766 38 103 -23 28 37 21 0 47 32766 35 32766 32766 116 5 94 
54823 1961 2 18 10157 32766 32766 41 144 -44 35 50 16 0 39 32766 20 32766 32766 85 15 96 
54823 1961 2 19 10108 32766 32766 114 180 30 35 28 12 0 106 32766 53 32766 32766 205 12 92 
54823 1961 2 20 10145 32766 32766 58 135 20 33 37 21 0 66 32766 58 32766 32766 183 5 97 
54823 1961 2 21 10197 32766 32766 36 119 -55 24 34 12 0 42 32766 13 32766 32766 68 16 104 
54823 1961 2 22 10176 32766 32766 70 129 2 27 29 16 0 55 32766 23 32766 32766 102 12 86 
54823 1961 2 23 10124 32766 32766 93 148 58 31 27 20 0 104 32766 83 32766 32766 186 12 91 
54823 1961 2 24 10151 32766 32766 90 167 41 33 31 11 0 75 32766 35 32766 32766 133 5 101 
54823 1961 2 25 10212 32766 32766 45 126 -20 35 45 17 0 49 32766 38 32766 32766 126 5 90 
54823 1961 2 26 10198 32766 32766 59 137 -39 26 30 16 0 61 32766 43 32766 32766 157 11 104 
54823 1961 2 27 10119 32766 32766 127 177 85 35 23 20 0 121 32766 95 32766 32766 179 11 98 
54823 1961 2 28 10114 32766 32766 152 189 121 31 18 8 0 110 32766 58 32766 32766 154 11 71 
54823 1961 3 1 10115 32766 32766 106 153 69 96 76 35 79 37 32766 15 32766 32766 135 11 24 
54823 1961 3 2 10159 32766 32766 44 106 8 73 87 68 10 6 32766 98 32766 32766 208 5 0 
54823 1961 3 3 10182 32766 32766 31 83 -9 35 48 17 32700 47 32766 50 32766 32766 149 6 55 
54823 1961 3 4 10184 32766 32766 49 107 -2 41 49 21 0 36 32766 10 32766 32766 91 6 89 
54823 1961 3 5 10150 32766 32766 83 152 24 41 39 18 0 59 32766 40 32766 32766 132 12 99 
54823 1961 3 6 10177 32766 32766 69 117 34 41 43 14 0 77 32766 70 32766 32766 171 2 96 
54823 1961 3 7 10252 32766 32766 37 89 -24 23 32 9 0 45 32766 18 32766 32766 78 3 72 
54823 1961 3 8 10257 32766 32766 60 109 12 32 35 24 0 48 32766 25 32766 32766 86 12 44 
54823 1961 3 9 10253 32766 32766 76 133 31 43 43 22 0 44 32766 13 32766 32766 75 14 73 
54823 1961 3 10 10207 32766 32766 97 147 48 39 33 25 0 83 32766 60 32766 32766 143 9 97 
54823 1961 3 11 10154 32766 32766 104 162 76 49 40 27 0 76 32766 53 32766 32766 142 7 91 
54823 1961 3 12 10163 32766 32766 111 170 56 69 54 39 0 46 32766 28 32766 32766 96 8 56 
54823 1961 3 13 10235 32766 32766 76 139 49 56 54 37 0 60 32766 68 32766 32766 159 3 62 
54823 1961 3 14 10256 32766 32766 65 128 -2 37 40 28 0 45 32766 23 32766 32766 63 2 43 
54823 1961 3 15 10191 32766 32766 100 147 55 54 45 29 32700 69 32766 40 32766 32766 146 9 52 
54823 1961 3 16 10100 32766 32766 133 187 81 59 40 27 0 118 32766 83 32766 32766 204 9 108 
54823 1961 3 17 10038 32766 32766 160 219 109 91 51 37 0 103 32766 58 32766 32766 162 9 106 
54823 1961 3 18 10079 32766 32766 81 182 19 85 79 54 35 16 32766 98 32766 32766 275 2 0 
54823 1961 3 19 10161 32766 32766 48 91 18 42 50 20 32700 62 32766 75 32766 32766 185 2 32 
54823 1961 3 20 10151 32766 32766 61 129 -7 31 36 11 0 72 32766 40 32766 32766 136 2 98 
54823 1961 3 21 10153 32766 32766 87 158 17 40 38 9 0 60 32766 15 32766 32766 97 11 101 
54823 1961 3 22 10151 32766 32766 122 176 64 56 41 20 0 59 32766 8 32766 32766 86 13 94 
54823 1961 3 23 10140 32766 32766 122 186 45 41 31 8 0 60 32766 13 32766 32766 96 15 103 
54823 1961 3 24 10097 32766 32766 141 193 92 44 28 16 0 93 32766 45 32766 32766 110 10 80 
54823 1961 3 25 10109 32766 32766 116 191 39 43 34 21 32700 89 32766 45 32766 32766 195 2 83 
54823 1961 3 26 10158 32766 32766 49 128 -26 45 55 25 0 55 32766 28 32766 32766 151 2 108 
54823 1961 3 27 10179 32766 32766 102 178 26 37 34 12 0 70 32766 33 32766 32766 115 13 111 
54823 1961 3 28 10132 32766 32766 151 205 106 46 27 17 0 120 32766 53 32766 32766 162 10 97 
54823 1961 3 29 10135 32766 32766 166 232 121 46 26 9 32700 119 32766 55 32766 32766 153 2 110 
54823 1961 3 30 10150 32766 32766 166 243 83 32 19 6 0 107 32766 33 32766 32766 122 11 112 
54823 1961 3 31 10104 32766 32766 181 241 120 31 15 6 0 123 32766 25 32766 32766 117 13 114 
54823 1961 4 1 10064 32766 32766 173 250 130 27 15 4 0 130 32766 43 32766 32766 189 2 111 
54823 1961 4 2 10021 32766 32766 217 282 96 45 17 14 0 199 32766 83 32766 32766 208 9 109 
54823 1961 4 3 9926 32766 32766 251 302 206 100 32 23 0 250 32766 90 32766 32766 221 9 75 
54823 1961 4 4 9965 32766 32766 145 258 91 98 58 29 32700 118 32766 65 32766 32766 250 3 74 
54823 1961 4 5 10053 32766 32766 149 221 118 38 23 2 0 180 32766 60 32766 32766 187 2 112 
54823 1961 4 6 10078 32766 32766 167 239 87 33 18 4 0 165 32766 63 32766 32766 207 10 111 
54823 1961 4 7 10016 32766 32766 187 257 147 50 22 7 0 231 32766 95 32766 32766 224 10 88 
54823 1961 4 8 10172 32766 32766 95 149 31 21 18 7 0 127 32766 38 32766 32766 154 1 120 
54823 1961 4 9 10178 32766 32766 131 203 62 16 11 1 0 134 32766 38 32766 32766 133 8 117 
54823 1961 4 10 10088 32766 32766 154 202 118 31 18 7 0 178 32766 68 32766 32766 167 9 81 
54823 1961 4 11 10049 32766 32766 176 247 117 81 42 26 0 150 32766 53 32766 32766 123 9 110 
54823 1961 4 12 10045 32766 32766 211 279 145 97 41 19 0 155 32766 58 32766 32766 118 8 115 
54823 1961 4 13 10071 32766 32766 173 226 135 102 52 41 0 97 32766 48 32766 32766 141 1 114 
54823 1961 4 14 10114 32766 32766 97 154 69 58 49 31 0 86 32766 63 32766 32766 217 1 32 
54823 1961 4 15 10167 32766 32766 103 194 2 32 29 10 0 96 32766 20 32766 32766 111 10 119 
54823 1961 4 16 10080 32766 32766 176 244 121 54 28 19 0 240 32766 100 32766 32766 217 9 121 
54823 1961 4 17 10086 32766 32766 208 283 100 83 34 28 0 150 32766 35 32766 32766 100 8 118 
54823 1961 4 18 10088 32766 32766 228 305 136 66 28 7 0 160 32766 23 32766 32766 126 7 118 
54823 1961 4 19 10076 32766 32766 239 299 151 61 23 5 0 175 32766 30 32766 32766 151 7 121 
54823 1961 4 20 10043 32766 32766 201 240 185 127 54 44 32700 83 32766 23 32766 32766 95 7 4 
54823 1961 4 21 10059 32766 32766 157 200 133 128 72 48 32700 72 32766 58 32766 32766 181 1 57 
54823 1961 4 22 10080 32766 32766 166 256 74 73 45 13 0 100 32766 13 32766 32766 99 3 117 
54823 1961 4 23 10073 32766 32766 201 273 138 103 43 30 32700 95 32766 33 32766 32766 162 2 87 
54823 1961 4 24 10172 32766 32766 110 181 83 88 68 39 52 60 32766 63 32766 32766 187 1 0 
54823 1961 4 25 10168 32766 32766 118 174 82 89 67 30 4 61 32766 8 32766 32766 79 6 54 
54823 1961 4 26 10128 32766 32766 170 260 72 62 38 8 0 126 32766 38 32766 32766 92 12 125 
54823 1961 4 27 10058 32766 32766 207 263 160 90 37 28 0 208 32766 83 32766 32766 193 8 125 
54823 1961 4 28 10028 32766 32766 242 297 191 88 29 23 0 249 32766 100 32766 32766 209 8 121 
54823 1961 4 29 10064 32766 32766 237 318 161 99 34 24 0 234 32766 90 32766 32766 288 1 104 
54823 1961 4 30 10155 32766 32766 151 213 91 81 53 11 15 92 32766 38 32766 32766 160 3 120 
54823 1961 5 1 10037 32766 32766 219 295 147 50 20 7 0 211 32766 65 32766 32766 158 8 124 
54823 1961 5 2 9979 32766 32766 241 298 185 79 27 20 0 263 32766 90 32766 32766 205 9 114 
54823 1961 5 3 10082 32766 32766 76 259 42 84 81 65 243 52 32766 90 32766 32766 236 1 29 
54823 1961 5 4 10069 32766 32766 119 176 44 64 48 27 0 83 32766 23 32766 32766 92 1 126 
54823 1961 5 5 10027 32766 32766 193 280 95 74 38 15 0 147 32766 48 32766 32766 166 8 122 
54823 1961 5 6 9991 32766 32766 267 319 215 79 23 15 0 262 32766 85 32766 32766 191 8 122 
54823 1961 5 7 10023 32766 32766 236 289 170 92 34 12 32700 140 32766 18 32766 32766 106 15 119 
54823 1961 5 8 9990 32766 32766 272 333 211 96 26 21 0 206 32766 80 32766 32766 186 8 114 
54823 1961 5 9 9937 32766 32766 256 302 231 180 55 37 32700 182 32766 65 32766 32766 179 8 5 
54823 1961 5 10 9981 32766 32766 212 265 166 136 57 22 0 147 32766 60 32766 32766 189 2 102 
54823 1961 5 11 10041 32766 32766 157 198 130 99 56 40 32700 94 32766 30 32766 32766 158 15 15 
54823 1961 5 12 9995 32766 32766 220 300 134 72 29 8 0 212 32766 83 32766 32766 210 8 118 
54823 1961 5 13 9991 32766 32766 253 305 192 99 31 21 0 274 32766 100 32766 32766 230 11 123 
54823 1961 5 14 10017 32766 32766 260 315 219 124 38 22 0 205 32766 55 32766 32766 197 11 84 
54823 1961 5 15 10069 32766 32766 226 270 186 131 49 34 0 120 32766 35 32766 32766 113 5 59 
54823 1961 5 16 10080 32766 32766 237 310 137 117 43 25 0 126 32766 8 32766 32766 121 11 95 
54823 1961 5 17 10068 32766 32766 224 284 199 107 41 25 32700 146 32766 43 32766 32766 121 11 19 
54823 1961 5 18 10036 32766 32766 210 255 178 144 58 45 0 90 32766 10 32766 32766 63 12 46 
54823 1961 5 19 10025 32766 32766 240 298 171 152 53 34 0 136 32766 48 32766 32766 142 11 115 
54823 1961 5 20 10052 32766 32766 221 263 171 128 49 19 0 156 32766 63 32766 32766 160 3 109 
54823 1961 5 21 10098 32766 32766 192 242 150 98 45 23 32700 99 32766 15 32766 32766 112 2 10 
54823 1961 5 22 10072 32766 32766 171 198 130 117 61 45 79 139 32766 38 32766 32766 163 10 0 
54823 1961 5 23 10016 32766 32766 205 270 131 123 55 24 1 109 32766 20 32766 32766 103 10 132 
54823 1961 5 24 10019 32766 32766 278 345 217 87 25 8 0 180 32766 40 32766 32766 120 9 126 
54823 1961 5 25 10055 32766 32766 295 342 249 109 27 19 0 203 32766 53 32766 32766 161 11 125 
54823 1961 5 26 10071 32766 32766 281 337 234 108 30 14 0 175 32766 48 32766 32766 139 9 128 
54823 1961 5 27 10037 32766 32766 249 308 194 167 54 41 32700 127 32766 43 32766 32766 170 2 70 
54823 1961 5 28 10007 32766 32766 216 305 150 117 52 11 46 121 32766 30 32766 32766 132 2 98 
54823 1961 5 29 9975 32766 32766 298 367 231 68 17 9 0 257 32766 63 32766 32766 156 10 133 
54823 1961 5 30 9966 32766 32766 297 351 194 87 21 14 0 238 32766 50 32766 32766 145 10 130 
54823 1961 5 31 9979 32766 32766 301 356 210 116 28 21 0 214 32766 50 32766 32766 120 10 131 
54823 1961 6 1 9997 32766 32766 295 350 214 114 29 13 0 186 32766 50 32766 32766 139 9 105 
54823 1961 6 2 10043 32766 32766 269 321 209 113 33 18 0 198 32766 50 32766 32766 144 10 127 
54823 1961 6 3 10035 32766 32766 201 277 140 147 64 43 93 87 32766 53 32766 32766 162 16 69 
54823 1961 6 4 10004 32766 32766 234 305 166 123 47 9 0 135 32766 40 32766 32766 117 10 125 
54823 1961 6 5 9975 32766 32766 288 347 238 94 24 15 0 254 32766 75 32766 32766 193 11 119 
54823 1961 6 6 9977 32766 32766 315 361 259 143 31 20 0 200 32766 35 32766 32766 120 10 110 
54823 1961 6 7 9964 32766 32766 278 323 254 165 44 33 0 124 32766 35 32766 32766 170 9 45 
54823 1961 6 8 9965 32766 32766 266 302 207 187 53 44 32700 99 32766 28 32766 32766 112 10 13 
54823 1961 6 9 9986 32766 32766 295 356 228 200 51 27 0 140 32766 23 32766 32766 79 10 136 
54823 1961 6 10 9980 32766 32766 326 387 263 154 33 18 0 233 32766 45 32766 32766 122 11 132 
54823 1961 6 11 9958 32766 32766 331 388 272 171 35 23 0 209 32766 25 32766 32766 118 10 124 
54823 1961 6 12 9911 32766 32766 333 393 275 152 31 17 0 298 32766 70 32766 32766 166 10 134 
54823 1961 6 13 9947 32766 32766 267 351 223 163 47 27 0 217 32766 65 32766 32766 169 1 119 
54823 1961 6 14 9999 32766 32766 244 286 196 110 37 29 0 164 32766 53 32766 32766 135 1 29 
54823 1961 6 15 9976 32766 32766 263 330 228 150 46 25 32700 140 32766 25 32766 32766 109 8 30 
54823 1961 6 16 9984 32766 32766 232 284 182 199 72 40 89 82 32766 25 32766 32766 96 1 32 
54823 1961 6 17 10037 32766 32766 255 323 204 161 52 18 32700 116 32766 18 32766 32766 113 7 59 
54823 1961 6 18 10046 32766 32766 192 247 175 191 86 67 22 21 32766 13 32766 32766 72 7 0 
54823 1961 6 19 10033 32766 32766 233 293 177 207 75 45 12 62 32766 0 32766 32766 32766 32766 80 
54823 1961 6 20 10044 32766 32766 285 330 246 108 30 0 0 165 32766 33 32766 32766 149 16 111 
54823 1961 6 21 10020 32766 32766 299 368 201 138 33 18 0 170 32766 30 32766 32766 144 10 130 
54823 1961 6 22 10002 32766 32766 252 334 221 236 75 45 380 78 32766 10 32766 32766 146 7 23 
54823 1961 6 23 10000 32766 32766 255 307 205 249 77 53 0 76 32766 15 32766 32766 68 16 129 
54823 1961 6 24 9981 32766 32766 273 317 225 227 64 38 0 83 32766 25 32766 32766 83 16 90 
54823 1961 6 25 9975 32766 32766 265 325 203 232 69 40 0 116 32766 25 32766 32766 132 16 118 
54823 1961 6 26 9989 32766 32766 260 310 226 247 74 49 32700 74 32766 13 32766 32766 68 15 53 
54823 1961 6 27 9989 32766 32766 281 318 237 249 66 44 32700 80 32766 30 32766 32766 71 7 54 
54823 1961 6 28 9988 32766 32766 234 295 204 260 91 66 238 26 32766 15 32766 32766 119 16 0 
54823 1961 6 29 9985 32766 32766 241 290 206 258 87 66 21 37 32766 8 32766 32766 47 16 36 
54823 1961 6 30 9986 32766 32766 257 306 214 264 80 64 0 55 32766 3 32766 32766 82 6 55 
54823 1961 7 1 9966 32766 32766 248 268 232 269 86 72 6 26 32766 18 32766 32766 69 8 0 
54823 1961 7 2 9937 32766 32766 275 325 234 308 85 66 11 44 32766 3 32766 32766 70 1 43 
54823 1961 7 3 9960 32766 32766 286 333 261 312 80 50 8 51 32766 3 32766 32766 64 8 46 
54823 1961 7 4 9938 32766 32766 298 360 233 277 67 42 0 111 32766 28 32766 32766 138 10 127 
54823 1961 7 5 9890 32766 32766 303 362 262 290 68 53 0 127 32766 40 32766 32766 147 16 96 
54823 1961 7 6 9856 32766 32766 283 358 221 261 70 35 107 128 32766 25 32766 32766 248 15 102 
54823 1961 7 7 9924 32766 32766 275 327 234 246 68 34 32700 84 32766 23 32766 32766 142 2 104 
54823 1961 7 8 10000 32766 32766 268 329 195 193 58 33 0 125 32766 20 32766 32766 105 4 125 
54823 1961 7 9 9993 32766 32766 287 342 223 192 51 27 0 115 32766 13 32766 32766 80 6 130 
54823 1961 7 10 9981 32766 32766 265 297 248 249 72 57 32700 57 32766 25 32766 32766 80 8 4 
54823 1961 7 11 9947 32766 32766 288 329 248 304 78 65 183 71 32766 25 32766 32766 136 9 23 
54823 1961 7 12 9910 32766 32766 299 343 265 316 75 62 32700 115 32766 68 32766 32766 182 10 59 
54823 1961 7 13 9924 32766 32766 247 270 228 295 95 88 1098 160 32766 18 32766 32766 90 1 3 
54823 1961 7 14 9955 32766 32766 270 324 224 288 82 54 0 72 32766 18 32766 32766 102 3 88 
54823 1961 7 15 9959 32766 32766 302 349 261 347 81 66 32700 77 32766 30 32766 32766 165 1 103 
54823 1961 7 16 9976 32766 32766 305 345 247 303 71 58 32700 79 32766 18 32766 32766 57 8 110 
54823 1961 7 17 9982 32766 32766 296 317 240 327 79 70 119 77 32766 20 32766 32766 100 12 31 
54823 1961 7 18 10001 32766 32766 279 332 242 321 86 66 186 90 32766 10 32766 32766 154 8 56 
54823 1961 7 19 9993 32766 32766 302 342 250 311 74 53 12 91 32766 15 32766 32766 149 1 116 
54823 1961 7 20 9982 32766 32766 298 343 247 320 77 56 11 70 32766 5 32766 32766 94 15 123 
54823 1961 7 21 9986 32766 32766 270 317 239 326 91 82 323 41 32766 20 32766 32766 102 1 4 
54823 1961 7 22 9970 32766 32766 276 324 245 318 86 64 28 47 32766 18 32766 32766 136 9 34 
54823 1961 7 23 9926 32766 32766 309 345 263 339 75 65 29 104 32766 43 32766 32766 172 9 93 
54823 1961 7 24 9922 32766 32766 316 361 265 319 70 46 0 94 32766 10 32766 32766 69 11 103 
54823 1961 7 25 9926 32766 32766 311 359 260 303 67 44 0 99 32766 10 32766 32766 55 3 114 
54823 1961 7 26 9925 32766 32766 303 377 209 286 69 42 195 132 32766 18 32766 32766 276 11 115 
54823 1961 7 27 9940 32766 32766 278 327 217 283 76 60 92 108 32766 18 32766 32766 109 3 125 
54823 1961 7 28 9973 32766 32766 243 306 206 252 83 53 303 95 32766 38 32766 32766 152 15 24 
54823 1961 7 29 9996 32766 32766 271 324 206 269 76 52 0 84 32766 20 32766 32766 79 3 129 
54823 1961 7 30 10023 32766 32766 284 325 237 282 73 60 50 91 32766 3 32766 32766 78 9 94 
54823 1961 7 31 10007 32766 32766 287 317 253 293 74 65 32700 60 32766 5 32766 32766 53 8 68 
54823 1961 8 1 9969 32766 32766 298 333 253 295 71 60 32700 61 32766 10 32766 32766 50 10 81 
54823 1961 8 2 9950 32766 32766 272 331 231 290 81 60 196 76 32766 15 32766 32766 168 1 47 
54823 1961 8 3 9970 32766 32766 265 306 234 292 85 67 93 50 32766 5 32766 32766 37 5 61 
54823 1961 8 4 9970 32766 32766 295 335 248 308 75 57 0 65 32766 0 32766 32766 36 2 115 
54823 1961 8 5 9975 32766 32766 305 346 257 325 75 58 0 81 32766 3 32766 32766 50 3 116 
54823 1961 8 6 9975 32766 32766 303 347 263 320 76 51 0 90 32766 10 32766 32766 80 3 119 
54823 1961 8 7 9970 32766 32766 280 313 240 304 81 65 198 76 32766 3 32766 32766 112 7 29 
54823 1961 8 8 9985 32766 32766 274 314 243 291 81 61 32700 80 32766 40 32766 32766 121 3 91 
54823 1961 8 9 9990 32766 32766 270 314 224 289 82 65 32700 63 32766 28 32766 32766 70 2 83 
54823 1961 8 10 9951 32766 32766 276 307 250 305 82 70 318 32766 32766 13 32766 32766 89 16 45 
54823 1961 8 11 9936 32766 32766 241 287 205 250 84 62 758 32766 32766 23 32766 32766 97 9 58 
54823 1961 8 12 9963 32766 32766 271 325 216 263 75 43 0 76 32766 28 32766 32766 60 11 124 
54823 1961 8 13 10007 32766 32766 284 327 251 242 63 45 0 61 32766 18 32766 32766 43 9 40 
54823 1961 8 14 9990 32766 32766 234 284 206 273 95 66 938 32766 32766 23 32766 32766 118 9 0 
54823 1961 8 15 9999 32766 32766 229 267 197 250 90 73 17 34 32766 28 32766 32766 75 16 13 
54823 1961 8 16 10006 32766 32766 247 287 208 256 83 65 0 54 32766 20 32766 32766 87 3 92 
54823 1961 8 17 10021 32766 32766 247 293 204 247 81 55 1 58 32766 28 32766 32766 88 3 91 
54823 1961 8 18 10033 32766 32766 224 249 196 256 94 86 15 15 32766 30 32766 32766 150 2 0 
54823 1961 8 19 10031 32766 32766 231 246 211 270 95 88 18 8 32766 10 32766 32766 46 3 0 
54823 1961 8 20 10029 32766 32766 259 293 228 293 88 74 32700 47 32766 18 32766 32766 42 3 57 
54823 1961 8 21 10011 32766 32766 285 336 232 305 80 55 0 68 32766 13 32766 32766 62 11 113 
54823 1961 8 22 9976 32766 32766 310 355 265 314 70 57 0 105 32766 35 32766 32766 123 10 112 
54823 1961 8 23 9982 32766 32766 299 327 264 255 60 40 0 112 32766 43 32766 32766 119 10 108 
54823 1961 8 24 10031 32766 32766 265 316 212 199 59 34 0 102 32766 40 32766 32766 117 3 114 
54823 1961 8 25 10052 32766 32766 247 305 201 179 60 32 0 110 32766 28 32766 32766 98 4 109 
54823 1961 8 26 10049 32766 32766 255 327 188 180 59 22 0 109 32766 28 32766 32766 59 3 122 
54823 1961 8 27 10061 32766 32766 247 319 169 173 58 30 0 106 32766 15 32766 32766 76 3 110 
54823 1961 8 28 10060 32766 32766 250 323 181 183 59 35 0 96 32766 30 32766 32766 101 5 97 
54823 1961 8 29 10044 32766 32766 220 259 201 198 75 62 26 27 32766 20 32766 32766 95 15 0 
54823 1961 8 30 10037 32766 32766 230 277 183 224 81 58 0 33 32766 5 32766 32766 40 16 30 
54823 1961 8 31 10050 32766 32766 250 300 213 229 73 53 0 41 32766 0 32766 32766 37 9 35 
54823 1961 9 1 10061 32766 32766 255 311 198 226 71 44 0 71 32766 3 32766 32766 52 2 114 
54823 1961 9 2 10030 32766 32766 255 309 196 224 70 52 11 57 32766 10 32766 32766 44 6 96 
54823 1961 9 3 9961 32766 32766 209 264 180 217 88 52 189 24 32766 33 32766 32766 96 1 17 
54823 1961 9 4 10002 32766 32766 208 256 185 227 93 65 53 37 32766 25 32766 32766 74 15 51 
54823 1961 9 5 10074 32766 32766 229 287 171 197 72 42 0 65 32766 13 32766 32766 42 1 112 
54823 1961 9 6 10090 32766 32766 247 295 191 192 63 45 0 65 32766 13 32766 32766 60 7 102 
54823 1961 9 7 10059 32766 32766 230 284 197 216 78 58 3 53 32766 28 32766 32766 114 16 60 
54823 1961 9 8 10096 32766 32766 208 259 157 156 66 33 0 73 32766 23 32766 32766 89 16 115 
54823 1961 9 9 10088 32766 32766 212 272 133 129 54 29 0 64 32766 5 32766 32766 52 7 119 
54823 1961 9 10 10081 32766 32766 223 278 161 131 50 31 0 79 32766 23 32766 32766 46 7 117 
54823 1961 9 11 10091 32766 32766 221 274 158 154 59 29 0 69 32766 15 32766 32766 68 1 103 
54823 1961 9 12 10105 32766 32766 185 231 166 199 93 74 499 19 32766 15 32766 32766 83 1 0 
54823 1961 9 13 10086 32766 32766 196 237 169 204 90 69 98 23 32766 25 32766 32766 94 1 27 
54823 1961 9 14 10074 32766 32766 191 252 138 146 71 26 32003 62 32766 13 32766 32766 100 16 107 
54823 1961 9 15 10054 32766 32766 197 267 127 123 55 34 0 61 32766 20 32766 32766 77 16 108 
54823 1961 9 16 10056 32766 32766 205 279 123 131 59 27 0 76 32766 25 32766 32766 96 9 114 
54823 1961 9 17 10079 32766 32766 219 267 181 149 57 46 0 85 32766 40 32766 32766 105 1 113 
54823 1961 9 18 10109 32766 32766 205 275 137 179 75 50 0 52 32766 10 32766 32766 64 12 98 
54823 1961 9 19 10107 32766 32766 197 242 176 176 77 65 4 34 32766 33 32766 32766 76 8 0 
54823 1961 9 20 10081 32766 32766 164 185 152 179 96 90 233 33 32766 35 32766 32766 127 16 0 
54823 1961 9 21 10082 32766 32766 192 230 157 190 86 67 2 27 32766 10 32766 32766 62 1 31 
54823 1961 9 22 10073 32766 32766 205 262 131 190 81 53 148 64 32766 13 32766 32766 270 13 96 
54823 1961 9 23 10072 32766 32766 212 266 148 141 59 30 0 80 32766 28 32766 32766 104 11 114 
54823 1961 9 24 10072 32766 32766 220 277 163 131 50 38 0 66 32766 25 32766 32766 106 6 62 
54823 1961 9 25 10040 32766 32766 232 277 189 173 62 50 0 97 32766 40 32766 32766 142 8 111 
54823 1961 9 26 10050 32766 32766 224 280 166 185 69 50 0 57 32766 10 32766 32766 77 9 106 
54823 1961 9 27 10053 32766 32766 224 282 161 172 66 42 0 53 32766 10 32766 32766 118 9 89 
54823 1961 9 28 10068 32766 32766 207 247 177 195 80 53 59 23 32766 8 32766 32766 103 2 5 
54823 1961 9 29 10162 32766 32766 153 190 124 155 89 71 31 17 32766 45 32766 32766 160 2 0 
54823 1961 9 30 10181 32766 32766 150 208 94 116 71 41 0 48 32766 25 32766 32766 97 4 103 
54823 1961 10 1 10143 32766 32766 151 183 128 135 79 54 6 24 32766 15 32766 32766 80 16 0 
54823 1961 10 2 10128 32766 32766 143 167 121 149 91 76 35 32766 32766 28 32766 32766 77 3 0 
54823 1961 10 3 10133 32766 32766 167 197 141 171 90 76 6 25 32766 35 32766 32766 91 2 0 
54823 1961 10 4 10128 32766 32766 173 207 146 173 88 74 32700 22 32766 35 32766 32766 109 3 9 
54823 1961 10 5 10106 32766 32766 175 246 126 140 72 27 0 55 32766 28 32766 32766 100 3 108 
54823 1961 10 6 10094 32766 32766 184 252 116 111 54 30 0 60 32766 15 32766 32766 65 5 103 
54823 1961 10 7 10093 32766 32766 197 278 118 121 57 18 0 66 32766 13 32766 32766 92 10 99 
54823 1961 10 8 10080 32766 32766 239 294 196 130 45 28 0 110 32766 38 32766 32766 114 10 106 
54823 1961 10 9 10139 32766 32766 193 267 130 143 66 31 0 81 32766 38 32766 32766 134 4 108 
54823 1961 10 10 10156 32766 32766 171 234 104 125 65 40 0 48 32766 18 32766 32766 83 4 79 
54823 1961 10 11 10184 32766 32766 144 192 116 138 84 69 25 9 32766 13 32766 32766 110 1 0 
54823 1961 10 12 10233 32766 32766 128 180 79 105 73 47 0 33 32766 20 32766 32766 73 3 52 
54823 1961 10 13 10218 32766 32766 138 183 98 112 73 43 0 32 32766 5 32766 32766 51 1 2 
54823 1961 10 14 10175 32766 32766 151 190 121 124 73 54 0 31 32766 13 32766 32766 60 16 9 
54823 1961 10 15 10112 32766 32766 171 218 130 141 74 47 8 29 32766 10 32766 32766 60 13 37 
54823 1961 10 16 10095 32766 32766 182 218 153 163 79 58 9 17 32766 0 32766 32766 45 1 0 
54823 1961 10 17 10124 32766 32766 161 178 144 172 95 92 188 13 32766 38 32766 32766 107 1 0 
54823 1961 10 18 10137 32766 32766 149 167 131 164 97 89 916 32766 32766 45 32766 32766 149 1 0 
54823 1961 10 19 10211 32766 32766 122 146 106 114 80 64 9 38 32766 68 32766 32766 151 1 15 
54823 1961 10 20 10203 32766 32766 117 173 56 110 81 51 0 27 32766 28 32766 32766 57 3 98 
54823 1961 10 21 10181 32766 32766 146 205 89 119 73 43 0 34 32766 20 32766 32766 89 10 83 
54823 1961 10 22 10199 32766 32766 132 167 105 127 84 68 32700 20 32766 43 32766 32766 132 2 3 
54823 1961 10 23 10272 32766 32766 104 146 59 87 71 43 0 32 32766 40 32766 32766 105 2 90 
54823 1961 10 24 10240 32766 32766 113 173 57 98 75 48 0 28 32766 5 32766 32766 47 11 93 
54823 1961 10 25 10169 32766 32766 135 193 73 96 64 39 0 43 32766 15 32766 32766 95 9 97 
54823 1961 10 26 10134 32766 32766 147 195 91 120 72 58 0 33 32766 15 32766 32766 36 9 88 
54823 1961 10 27 10124 32766 32766 141 197 101 131 82 60 0 20 32766 13 32766 32766 90 1 22 
54823 1961 10 28 10187 32766 32766 97 155 71 82 69 48 27 38 32766 53 32766 32766 90 1 43 
54823 1961 10 29 10202 32766 32766 84 129 27 68 65 24 0 33 32766 10 32766 32766 25 1 81 
54823 1961 10 30 10210 32766 32766 106 157 70 80 64 41 0 27 32766 18 32766 32766 49 11 46 
54823 1961 10 31 10213 32766 32766 120 183 56 88 66 34 0 29 32766 18 32766 32766 59 2 97 
54823 1961 11 1 10231 32766 32766 116 137 103 120 88 80 13 7 32766 0 32766 32766 49 5 2 
54823 1961 11 2 10232 32766 32766 100 111 88 115 94 83 66 10 32766 13 32766 32766 48 12 0 
54823 1961 11 3 10213 32766 32766 110 165 70 88 70 31 32001 32 32766 30 32766 32766 72 2 97 
54823 1961 11 4 10221 32766 32766 92 127 59 65 57 29 0 40 32766 15 32766 32766 88 3 98 
54823 1961 11 5 10169 32766 32766 101 163 24 61 50 29 0 58 32766 35 32766 32766 136 10 97 
54823 1961 11 6 10124 32766 32766 159 202 117 87 48 41 0 99 32766 75 32766 32766 161 10 94 
54823 1961 11 7 10124 32766 32766 164 210 135 88 48 38 0 79 32766 65 32766 32766 144 10 29 
54823 1961 11 8 10189 32766 32766 85 154 39 61 54 29 0 50 32766 53 32766 32766 119 3 89 
54823 1961 11 9 10186 32766 32766 77 145 3 52 54 23 0 57 32766 35 32766 32766 156 10 91 
54823 1961 11 10 10167 32766 32766 106 166 40 74 59 37 0 40 32766 15 32766 32766 63 4 92 
54823 1961 11 11 10186 32766 32766 86 131 36 94 84 76 0 19 32766 13 32766 32766 58 15 89 
54823 1961 11 12 10207 32766 32766 73 92 48 100 98 88 32003 4 32766 5 32766 32766 47 13 0 
54823 1961 11 13 10219 32766 32766 100 135 63 112 92 74 0 9 32766 8 32766 32766 38 1 14 
54823 1961 11 14 10197 32766 32766 113 153 85 106 81 43 0 10 32766 0 32766 32766 51 9 2 
54823 1961 11 15 10164 32766 32766 120 158 80 123 87 77 0 16 32766 18 32766 32766 72 2 25 
54823 1961 11 16 10141 32766 32766 133 155 118 147 96 84 43 3 32766 50 32766 32766 132 4 0 
54823 1961 11 17 10124 32766 32766 128 140 115 143 97 92 51 4 32766 50 32766 32766 104 4 0 
54823 1961 11 18 10192 32766 32766 104 123 70 122 96 91 10 9 32766 70 32766 32766 192 4 0 
54823 1961 11 19 10236 32766 32766 68 77 52 93 94 89 32700 11 32766 83 32766 32766 162 3 0 
54823 1961 11 20 10177 32766 32766 67 77 51 93 95 91 186 4 32766 55 32766 32766 132 2 0 
54823 1961 11 21 10185 32766 32766 67 101 40 78 81 51 32700 22 32766 48 32766 32766 120 3 83 
54823 1961 11 22 10242 32766 32766 8 55 -18 39 59 21 0 22 32766 35 32766 32766 139 2 91 
54823 1961 11 23 10250 32766 32766 15 59 -34 40 60 36 0 16 32766 20 32766 32766 98 2 91 
54823 1961 11 24 10252 32766 32766 32 87 -17 50 66 40 0 20 32766 35 32766 32766 108 12 91 
54823 1961 11 25 10221 32766 32766 69 126 25 62 63 45 0 34 32766 40 32766 32766 103 11 89 
54823 1961 11 26 10171 32766 32766 57 98 24 75 81 58 51 7 32766 8 32766 32766 94 32766 0 
54823 1961 11 27 10083 32766 32766 70 96 48 90 90 72 16 5 32766 33 32766 32766 110 13 0 
54823 1961 11 28 10140 32766 32766 78 125 29 70 68 21 0 25 32766 23 32766 32766 80 32766 79 
54823 1961 11 29 10203 32766 32766 63 108 30 65 70 25 0 24 32766 28 32766 32766 101 3 73 
54823 1961 11 30 10189 32766 32766 56 100 16 64 70 42 0 17 32766 5 32766 32766 50 2 89 
54823 1961 12 1 10167 32766 32766 59 126 6 66 72 43 0 13 32766 8 32766 32766 47 6 84 
54823 1961 12 2 10181 32766 32766 31 86 -6 64 83 51 39 12 32766 33 32766 32766 171 3 19 
54823 1961 12 3 10283 32766 32766 2 28 -32 49 80 48 31008 10 32766 23 32766 32766 130 3 84 
54823 1961 12 4 10263 32766 32766 15 71 -38 44 67 39 0 12 32766 30 32766 32766 85 14 85 
54823 1961 12 5 10231 32766 32766 5 33 -21 47 74 52 0 14 32766 28 32766 32766 104 3 76 
54823 1961 12 6 10219 32766 32766 -12 26 -47 38 70 34 32700 13 32766 23 32766 32766 88 2 88 
54823 1961 12 7 10180 32766 32766 32 64 -28 41 54 36 0 28 32766 40 32766 32766 177 9 85 
54823 1961 12 8 10187 32766 32766 57 108 -15 36 40 23 0 44 32766 55 32766 32766 160 10 84 
54823 1961 12 9 10139 32766 32766 88 135 41 54 49 32 0 63 32766 60 32766 32766 176 9 83 
54823 1961 12 10 10111 32766 32766 68 140 -14 48 53 23 0 41 32766 38 32766 32766 138 10 83 
54823 1961 12 11 10074 32766 32766 107 157 49 48 39 20 0 62 32766 40 32766 32766 135 10 86 
54823 1961 12 12 10158 32766 32766 48 127 -22 48 54 38 0 47 32766 68 32766 32766 177 3 80 
54823 1961 12 13 10301 32766 32766 -50 -3 -77 16 37 27 0 29 32766 73 32766 32766 153 3 83 
54823 1961 12 14 10298 32766 32766 -42 18 -100 13 34 9 0 16 32766 25 32766 32766 75 10 87 
54823 1961 12 15 10193 32766 32766 7 37 -46 26 40 24 0 28 32766 35 32766 32766 180 10 31 
54823 1961 12 16 10128 32766 32766 2 17 -20 51 81 71 31003 4 32766 13 32766 32766 55 2 0 
54823 1961 12 17 10112 32766 32766 2 37 -27 54 89 72 0 15 32766 20 32766 32766 109 13 45 
54823 1961 12 18 10153 32766 32766 8 25 -9 58 89 76 32700 4 32766 35 32766 32766 104 2 0 
54823 1961 12 19 10189 32766 32766 3 43 -38 37 61 22 0 17 32766 25 32766 32766 91 5 76 
54823 1961 12 20 10173 32766 32766 20 50 -8 42 60 36 0 25 32766 38 32766 32766 100 10 70 
54823 1961 12 21 10195 32766 32766 8 72 -47 25 42 12 0 45 32766 25 32766 32766 95 11 62 
54823 1961 12 22 10175 32766 32766 32 103 -29 40 55 27 0 32 32766 33 32766 32766 103 10 84 
54823 1961 12 23 10129 32766 32766 52 109 2 45 50 42 0 45 32766 65 32766 32766 170 10 82 
54823 1961 12 24 10223 32766 32766 -24 12 -57 23 44 33 0 21 32766 45 32766 32766 132 3 78 
54823 1961 12 25 10205 32766 32766 -26 2 -69 36 71 60 0 7 32766 23 32766 32766 72 2 0 
54823 1961 12 26 10235 32766 32766 -2 25 -23 46 78 58 32700 8 32766 33 32766 32766 113 2 4 
54823 1961 12 27 10254 32766 32766 -8 22 -28 40 70 45 0 14 32766 38 32766 32766 79 3 30 
54823 1961 12 28 10297 32766 32766 -39 -12 -68 29 63 30 0 15 32766 15 32766 32766 105 1 87 
54823 1961 12 29 10298 32766 32766 -41 2 -88 28 63 30 0 12 32766 15 32766 32766 69 2 83 
54823 1961 12 30 10267 32766 32766 -35 2 -82 30 65 43 0 8 32766 15 32766 32766 54 3 14 
54823 1961 12 31 10239 32766 32766 -48 -14 -87 38 89 66 31007 0 32766 18 32766 32766 124 16 6 
54823 1962 1 1 10240 32766 32766 -78 -27 -131 18 53 22 0 11 32766 15 32766 32766 86 14 86 
54823 1962 1 2 10195 32766 32766 -23 45 -74 21 43 18 0 21 32766 20 32766 32766 87 10 89 
54823 1962 1 3 10137 32766 32766 3 60 -49 26 42 23 0 24 32766 33 32766 32766 100 12 83 
54823 1962 1 4 10208 32766 32766 -23 2 -68 23 46 30 0 28 32766 45 32766 32766 150 2 87 
54823 1962 1 5 10253 32766 32766 -32 42 -92 18 38 18 0 21 32766 23 32766 32766 100 12 87 
54823 1962 1 6 10254 32766 32766 0 66 -63 29 49 25 0 19 32766 13 32766 32766 63 11 85 
54823 1962 1 7 10261 32766 32766 7 85 -48 33 53 28 0 17 32766 30 32766 32766 70 2 82 
