V01000 V04001 V04002 V04003 V10004 V10201 V10202 V12001 V12052 V12053 V13004 V13003 V13007 V13201 V13241 V13242 V11002 V11042 V11212 V11041 V11043 V14032
54823 1975 1 8 10179 32766 32766 1 16 -10 55 89 383 32700 7 32766 13 30 3 50 16 29 
54823 1975 1 9 10200 32766 32766 8 59 -29 40 66 330 0 12 32766 25 60 10 95 10 73 
54823 1975 1 10 10187 32766 32766 -14 28 -17 50 90 380 0 8 32766 28 50 13 67 12 0 
54823 1975 1 11 10187 32766 32766 -25 -8 -44 42 81 373 0 2 32766 18 63 13 86 12 23 
54823 1975 1 12 10149 32766 32766 33 88 -44 34 42 336 0 30 32766 45 70 3 95 10 83 
54823 1975 1 13 10148 32766 32766 33 69 -1 54 71 352 0 35 32766 23 47 10 58 9 76 
54823 1975 1 14 10144 32766 32766 18 58 -13 60 86 372 0 7 32766 18 43 4 72 3 21 
54823 1975 1 15 10197 32766 32766 -1 24 -13 47 78 358 0 23 32766 58 90 4 116 3 63 
54823 1975 1 16 10220 32766 32766 -15 24 -44 36 66 356 0 12 32766 10 37 13 37 13 80 
54823 1975 1 17 10196 32766 32766 -18 -2 -33 28 54 333 32700 16 32766 35 70 3 112 2 64 
54823 1975 1 18 10217 32766 32766 -12 20 -37 24 44 328 0 19 32766 28 50 11 79 10 85 
54823 1975 1 19 10263 32766 32766 -4 36 -41 28 49 332 0 15 32766 18 37 5 37 5 73 
54823 1975 1 20 10249 32766 32766 14 63 -20 31 49 324 0 27 32766 33 80 10 124 10 76 
54823 1975 1 21 10193 32766 32766 9 26 -5 46 71 344 31011 8 32766 35 60 11 103 9 0 
54823 1975 1 22 10137 32766 32766 22 72 -11 38 55 333 0 25 32766 30 60 11 85 10 80 
54823 1975 1 23 10112 32766 32766 56 105 1 46 51 344 0 32 32766 25 80 10 106 9 57 
54823 1975 1 24 10154 32766 32766 42 82 25 50 62 338 32700 30 32766 20 57 2 90 16 49 
54823 1975 1 25 10233 32766 32766 14 57 -31 36 55 335 0 14 32766 8 47 11 78 9 0 
54823 1975 1 26 10224 32766 32766 20 61 -9 54 76 369 0 18 32766 23 43 14 59 12 51 
54823 1975 1 27 10190 32766 32766 8 45 -26 50 78 360 0 8 32766 15 40 11 39 11 52 
54823 1975 1 28 10222 32766 32766 -10 27 -38 35 61 344 0 23 32766 38 70 4 97 2 81 
54823 1975 1 29 10206 32766 32766 -10 28 -32 33 62 326 0 13 32766 30 90 3 106 2 74 
54823 1975 1 30 10240 32766 32766 -15 45 -63 28 55 329 0 13 32766 13 33 15 50 14 82 
54823 1975 1 31 10147 32766 32766 32 76 -9 52 66 351 0 17 32766 18 60 10 103 10 18 
54823 1975 2 1 10163 32766 32766 20 57 5 59 83 371 0 13 32766 40 80 4 103 3 12 
54823 1975 2 2 10176 32766 32766 7 56 -30 42 68 339 0 25 32766 48 73 3 104 3 77 
54823 1975 2 3 10139 32766 32766 -7 13 -19 50 85 368 31035 14 32766 13 47 4 43 3 0 
54823 1975 2 4 10122 32766 32766 -7 10 -20 56 96 394 31003 9 32766 23 50 13 68 12 20 
54823 1975 2 5 10149 32766 32766 -8 3 -17 55 95 392 31004 4 32766 23 50 4 70 3 0 
54823 1975 2 6 10200 32766 32766 -4 36 -26 46 78 346 31003 19 32766 43 77 3 69 2 25 
54823 1975 2 7 10259 32766 32766 -34 -2 -58 15 31 323 0 25 32766 30 63 2 88 1 90 
54823 1975 2 8 10228 32766 32766 -19 35 -63 25 48 341 0 32766 32766 23 50 12 79 11 82 
54823 1975 2 9 10203 32766 32766 2 50 -29 43 71 346 0 32766 32766 33 67 4 93 3 73 
54823 1975 2 10 10225 32766 32766 -13 16 -37 46 83 378 32700 32766 32766 28 67 4 83 3 0 
54823 1975 2 11 10167 32766 32766 42 83 -15 48 60 342 0 35 32766 48 90 11 143 9 67 
54823 1975 2 12 10169 32766 32766 37 77 -6 32 40 318 0 40 32766 25 60 4 88 16 92 
54823 1975 2 13 10111 32766 32766 78 128 13 46 43 333 0 60 32766 53 87 10 146 9 87 
54823 1975 2 14 10157 32766 32766 26 79 1 46 62 345 0 31 32766 40 100 4 122 3 45 
54823 1975 2 15 10199 32766 32766 24 110 -52 25 37 311 0 40 32766 30 67 12 91 12 93 
54823 1975 2 16 10151 32766 32766 73 130 39 49 48 336 0 50 32766 33 50 10 84 10 88 
54823 1975 2 17 10149 32766 32766 19 87 -22 50 73 357 32700 17 32766 48 90 3 124 2 20 
54823 1975 2 18 10199 32766 32766 -4 45 -40 42 73 349 32700 30 32766 23 50 5 76 3 86 
54823 1975 2 19 10194 32766 32766 14 68 -25 35 51 339 0 26 32766 33 60 14 89 16 82 
54823 1975 2 20 10243 32766 32766 -24 12 -49 15 30 315 0 32 32766 35 90 16 149 15 96 
54823 1975 2 21 10222 32766 32766 -9 27 -34 11 19 316 0 34 32766 43 80 15 130 1 89 
54823 1975 2 22 10236 32766 32766 6 70 -54 11 18 307 0 45 32766 33 83 10 124 9 103 
54823 1975 2 23 10131 32766 32766 70 121 31 25 25 318 0 100 32766 63 90 10 159 9 93 
54823 1975 2 24 10058 32766 32766 119 180 83 41 30 320 0 109 32766 58 80 10 147 9 90 
54823 1975 2 25 10190 32766 32766 8 111 -17 34 53 332 0 50 32766 105 150 5 202 4 78 
54823 1975 2 26 10181 32766 32766 10 63 -36 38 59 344 0 22 32766 28 47 15 82 14 71 
54823 1975 2 27 10162 32766 32766 52 125 -16 34 45 312 0 53 32766 33 77 12 122 9 99 
54823 1975 2 28 10165 32766 32766 59 93 27 29 32 312 0 82 32766 65 100 4 143 3 91 
54823 1975 3 1 10174 32766 32766 44 106 -11 26 35 316 0 49 32766 18 53 12 74 10 71 
54823 1975 3 2 10138 32766 32766 81 127 53 41 38 331 0 86 32766 43 90 4 119 3 95 
54823 1975 3 3 10171 32766 32766 59 117 11 30 35 318 0 80 32766 45 70 4 92 3 74 
54823 1975 3 4 10136 32766 32766 67 93 39 42 44 332 0 35 32766 25 60 5 88 4 0 
54823 1975 3 5 10136 32766 32766 15 67 0 61 90 377 30077 16 32766 28 50 4 83 2 0 
54823 1975 3 6 10181 32766 32766 44 97 17 63 77 361 32700 22 32766 20 40 4 70 2 21 
54823 1975 3 7 10197 32766 32766 62 123 2 52 59 332 0 44 32766 23 57 11 98 10 95 
54823 1975 3 8 10112 32766 32766 68 83 54 48 48 339 0 34 32766 25 60 10 110 9 0 
54823 1975 3 9 10117 32766 32766 61 87 48 67 72 361 2 30 32766 33 50 4 81 2 24 
54823 1975 3 10 10103 32766 32766 80 163 14 77 75 348 32700 43 32766 25 80 11 147 10 77 
54823 1975 3 11 10144 32766 32766 85 124 44 41 36 317 0 69 32766 28 67 4 122 16 101 
54823 1975 3 12 10172 32766 32766 69 92 41 33 33 321 0 54 32766 38 67 4 95 3 27 
54823 1975 3 13 10167 32766 32766 68 115 30 50 53 332 0 34 32766 3 30 13 42 14 8 
54823 1975 3 14 10180 32766 32766 81 147 26 51 50 326 0 52 32766 25 63 5 109 3 100 
54823 1975 3 15 10113 32766 32766 107 179 13 41 37 317 0 105 32766 45 32766 32766 200 11 91 
54823 1975 3 16 10106 32766 32766 117 171 67 38 30 308 32700 69 32766 13 40 14 72 15 91 
54823 1975 3 17 10096 32766 32766 171 219 105 45 24 316 0 150 32766 70 127 10 219 9 101 
54823 1975 3 18 10074 32766 32766 180 211 164 54 26 318 0 160 32766 63 93 10 187 9 55 
54823 1975 3 19 10119 32766 32766 122 174 77 62 42 323 0 90 32766 55 100 3 173 1 68 
54823 1975 3 20 10145 32766 32766 90 162 11 34 35 309 0 71 32766 30 67 13 107 12 107 
54823 1975 3 21 10090 32766 32766 139 182 100 32 21 316 0 124 32766 53 100 10 150 11 100 
54823 1975 3 22 10148 32766 32766 84 155 35 46 43 323 0 82 32766 48 157 4 203 2 24 
54823 1975 3 23 10174 32766 32766 82 166 -24 31 35 311 0 72 32766 33 67 12 108 12 108 
54823 1975 3 24 10106 32766 32766 140 211 96 38 24 317 0 109 32766 35 60 4 90 3 105 
54823 1975 3 25 10109 32766 32766 98 133 70 48 40 331 0 81 32766 48 87 3 118 2 90 
54823 1975 3 26 10137 32766 32766 96 163 18 37 35 315 0 74 32766 18 57 12 99 11 81 
54823 1975 3 27 10096 32766 32766 134 176 106 38 25 318 0 132 32766 53 90 10 144 9 93 
54823 1975 3 28 10048 32766 32766 146 193 108 63 36 320 0 132 32766 65 110 10 188 9 61 
54823 1975 3 29 10079 32766 32766 134 183 85 39 26 317 0 114 32766 43 80 16 131 15 105 
54823 1975 3 30 10131 32766 32766 107 156 52 30 24 318 0 79 32766 23 33 16 72 2 110 
54823 1975 3 31 10136 32766 32766 82 115 47 33 31 321 0 96 32766 55 103 16 199 15 108 
54823 1975 4 1 10177 32766 32766 78 148 24 39 39 320 0 82 32766 30 70 1 130 1 103 
54823 1975 4 2 10180 32766 32766 112 182 34 40 32 316 0 90 32766 28 50 12 85 12 114 
54823 1975 4 3 10111 32766 32766 156 208 109 42 24 317 0 125 32766 45 70 10 139 10 108 
54823 1975 4 4 10041 32766 32766 136 172 105 80 54 327 32 80 32766 35 90 9 163 8 0 
54823 1975 4 5 10011 32766 32766 133 173 90 90 61 341 16 55 32766 43 100 16 177 16 66 
54823 1975 4 6 10021 32766 32766 178 233 125 45 24 313 0 130 32766 43 73 10 130 9 84 
54823 1975 4 7 9981 32766 32766 173 201 155 69 35 330 32700 132 32766 53 80 10 153 11 0 
54823 1975 4 8 10012 32766 32766 154 215 90 30 19 308 0 125 32766 45 80 12 133 11 87 
54823 1975 4 9 9975 32766 32766 199 246 176 72 31 314 0 166 32766 63 100 10 180 9 38 
54823 1975 4 10 10101 32766 32766 138 196 87 41 27 321 0 106 32766 25 43 3 80 1 104 
54823 1975 4 11 10070 32766 32766 173 217 135 42 21 318 0 165 32766 65 100 11 170 10 106 
54823 1975 4 12 10028 32766 32766 182 233 145 61 30 321 0 175 32766 60 100 11 164 9 104 
54823 1975 4 13 10048 32766 32766 181 211 157 53 26 307 0 151 32766 43 90 10 148 9 81 
54823 1975 4 14 10038 32766 32766 212 263 140 66 26 320 0 156 32766 53 100 10 185 9 102 
54823 1975 4 15 10074 32766 32766 219 271 169 66 27 313 0 150 32766 40 73 8 123 8 97 
54823 1975 4 16 10103 32766 32766 183 239 125 100 47 335 0 110 32766 35 110 4 152 3 81 
54823 1975 4 17 10142 32766 32766 141 188 104 91 58 345 0 79 32766 55 90 4 126 2 1 
54823 1975 4 18 10134 32766 32766 135 174 105 85 55 350 0 82 32766 60 100 4 118 3 8 
54823 1975 4 19 10097 32766 32766 131 171 98 95 63 347 12 52 32766 28 47 4 71 3 0 
54823 1975 4 20 10044 32766 32766 101 128 84 112 90 384 294 19 32766 40 70 16 116 16 7 
54823 1975 4 21 10074 32766 32766 150 214 94 111 67 354 0 70 32766 33 53 11 89 10 114 
54823 1975 4 22 10093 32766 32766 172 210 142 113 58 343 0 78 32766 45 80 10 133 9 86 
54823 1975 4 23 10087 32766 32766 176 222 116 113 58 342 0 72 32766 15 43 8 105 8 96 
54823 1975 4 24 10074 32766 32766 163 194 144 130 71 362 2 47 32766 15 60 9 110 8 26 
54823 1975 4 25 10027 32766 32766 136 157 122 152 98 395 112 0 32766 23 60 3 108 1 0 
54823 1975 4 26 10032 32766 32766 117 150 93 115 84 375 2 31 32766 35 73 4 110 3 8 
54823 1975 4 27 10024 32766 32766 144 199 96 133 82 365 0 33 32766 15 37 11 73 9 42 
54823 1975 4 28 10048 32766 32766 182 235 126 129 63 337 0 62 32766 28 43 3 83 1 99 
54823 1975 4 29 10092 32766 32766 204 259 143 104 46 322 0 92 32766 23 57 3 95 10 91 
54823 1975 4 30 10108 32766 32766 187 219 152 108 50 336 0 74 32766 30 67 5 124 7 4 
54823 1975 5 1 10090 32766 32766 167 213 143 131 69 359 6 41 32766 8 30 4 57 1 7 
54823 1975 5 2 10054 32766 32766 184 244 144 123 61 338 32700 74 32766 30 60 4 87 3 50 
54823 1975 5 3 10020 32766 32766 173 212 145 146 75 360 14 39 32766 13 93 10 149 13 22 
54823 1975 5 4 10032 32766 32766 140 193 99 104 67 345 93 93 32766 33 110 14 154 14 76 
54823 1975 5 5 10117 32766 32766 149 193 108 83 52 324 5 78 32766 30 70 1 124 16 102 
54823 1975 5 6 10090 32766 32766 182 239 119 64 32 322 0 120 32766 43 80 11 131 10 120 
54823 1975 5 7 10041 32766 32766 176 204 157 125 63 347 9 54 32766 28 50 9 117 7 14 
54823 1975 5 8 10042 32766 32766 180 231 140 128 64 343 0 76 32766 18 60 5 96 2 105 
54823 1975 5 9 10058 32766 32766 182 240 139 118 60 333 0 76 32766 18 47 4 86 2 88 
54823 1975 5 10 10051 32766 32766 178 219 117 129 64 354 0 47 32766 13 37 13 44 13 43 
54823 1975 5 11 10061 32766 32766 210 266 127 132 56 334 0 70 32766 13 33 4 44 3 114 
54823 1975 5 12 10028 32766 32766 231 272 187 125 45 336 0 92 32766 30 63 10 104 10 63 
54823 1975 5 13 10009 32766 32766 208 245 180 129 52 337 0 100 32766 40 73 10 126 9 101 
54823 1975 5 14 10002 32766 32766 241 303 156 121 39 334 0 132 32766 45 100 10 163 10 117 
54823 1975 5 15 10016 32766 32766 208 270 178 96 40 323 0 126 32766 50 80 4 118 3 82 
54823 1975 5 16 10022 32766 32766 186 249 115 88 42 326 0 94 32766 18 33 3 58 3 100 
54823 1975 5 17 9989 32766 32766 216 242 198 107 42 332 0 128 32766 50 103 10 180 10 50 
54823 1975 5 18 10002 32766 32766 211 254 167 93 38 323 0 138 32766 40 90 10 150 10 119 
54823 1975 5 19 10051 32766 32766 231 301 139 69 27 311 0 128 32766 33 43 11 72 14 126 
54823 1975 5 20 10046 32766 32766 247 300 206 71 23 315 0 158 32766 45 60 12 107 12 115 
54823 1975 5 21 10033 32766 32766 238 294 182 83 29 319 0 162 32766 35 73 11 141 10 127 
54823 1975 5 22 10021 32766 32766 257 306 212 93 29 321 0 213 32766 83 103 10 179 9 123 
54823 1975 5 23 10024 32766 32766 251 302 217 120 38 328 32700 159 32766 33 107 10 151 9 74 
54823 1975 5 24 10064 32766 32766 251 314 175 125 42 319 0 136 32766 25 73 4 119 4 108 
54823 1975 5 25 10093 32766 32766 261 316 204 144 43 334 0 108 32766 18 40 14 72 14 114 
54823 1975 5 26 10081 32766 32766 267 329 196 135 41 320 0 121 32766 13 37 4 65 2 125 
54823 1975 5 27 10029 32766 32766 280 323 242 110 30 322 0 167 32766 40 80 11 132 11 66 
54823 1975 5 28 9975 32766 32766 250 312 184 94 34 311 0 148 32766 35 73 14 135 9 111 
54823 1975 5 29 9954 32766 32766 227 275 199 92 34 325 0 131 32766 30 77 16 116 16 111 
54823 1975 5 30 9966 32766 32766 219 284 165 103 39 328 32700 141 32766 50 93 2 223 2 117 
54823 1975 5 31 9984 32766 32766 265 342 165 111 36 317 0 129 32766 20 70 10 146 9 125 
54823 1975 6 1 9959 32766 32766 268 318 217 147 43 325 28 169 32766 45 83 10 162 15 30 
54823 1975 6 2 9983 32766 32766 265 339 178 185 56 337 0 107 32766 18 50 12 83 10 111 
54823 1975 6 3 9979 32766 32766 255 306 158 190 58 354 32700 72 32766 28 73 4 108 4 0 
54823 1975 6 4 9976 32766 32766 210 252 195 207 84 370 71 38 32766 28 57 4 88 4 42 
54823 1975 6 5 9986 32766 32766 223 303 169 166 65 338 32700 96 32766 45 97 16 162 16 101 
54823 1975 6 6 9911 32766 32766 257 329 185 168 54 330 11 110 32766 28 60 10 118 11 130 
54823 1975 6 7 9927 32766 32766 251 302 193 130 42 327 0 135 32766 38 67 16 120 16 130 
54823 1975 6 8 9979 32766 32766 259 319 201 157 51 326 0 132 32766 28 50 4 94 2 131 
54823 1975 6 9 9990 32766 32766 269 335 204 133 40 321 0 109 32766 15 40 10 57 11 93 
54823 1975 6 10 10001 32766 32766 297 356 236 135 33 322 0 146 32766 43 70 4 115 4 126 
54823 1975 6 11 9995 32766 32766 282 347 229 160 43 329 32700 133 32766 15 53 4 86 4 73 
54823 1975 6 12 9997 32766 32766 285 339 230 172 45 337 32700 135 32766 15 43 10 87 8 123 
54823 1975 6 13 9988 32766 32766 304 357 257 155 37 328 0 182 32766 55 77 10 127 10 128 
54823 1975 6 14 9986 32766 32766 304 346 262 149 34 330 0 207 32766 55 90 10 160 9 117 
54823 1975 6 15 10015 32766 32766 285 326 243 151 39 331 0 131 32766 18 43 10 84 10 72 
54823 1975 6 16 10040 32766 32766 234 292 215 170 60 339 32700 67 32766 20 50 12 77 11 13 
54823 1975 6 17 9998 32766 32766 263 323 194 175 54 335 0 113 32766 25 63 9 109 10 121 
54823 1975 6 18 9963 32766 32766 318 381 265 136 30 318 0 230 32766 50 80 11 138 11 126 
54823 1975 6 19 9979 32766 32766 321 369 280 156 34 323 0 218 32766 50 90 10 152 9 130 
54823 1975 6 20 9991 32766 32766 293 347 253 213 54 335 32700 151 32766 48 70 1 126 2 98 
54823 1975 6 21 9984 32766 32766 255 303 199 239 75 358 355 118 32766 18 33 4 84 6 127 
54823 1975 6 22 9965 32766 32766 265 300 241 269 78 365 10 44 32766 10 30 11 50 3 45 
54823 1975 6 23 9908 32766 32766 232 277 192 224 80 367 40 68 32766 30 57 4 91 4 81 
54823 1975 6 24 9904 32766 32766 268 309 233 247 72 357 0 80 32766 10 50 2 76 3 94 
54823 1975 6 25 9938 32766 32766 265 314 215 200 59 342 0 97 32766 20 33 16 64 15 133 
54823 1975 6 26 9958 32766 32766 287 352 218 190 50 326 0 113 32766 23 83 4 120 4 112 
54823 1975 6 27 9970 32766 32766 268 318 220 189 55 338 32700 124 32766 30 60 3 119 2 102 
54823 1975 6 28 9964 32766 32766 294 357 237 215 55 337 32700 114 32766 30 63 5 110 10 113 
54823 1975 6 29 9976 32766 32766 289 352 222 202 52 333 0 139 32766 38 100 5 152 5 96 
54823 1975 6 30 9970 32766 32766 303 345 267 193 45 340 0 147 32766 40 53 11 93 11 93 
54823 1975 7 1 9986 32766 32766 273 306 250 238 66 356 1 84 32766 28 53 4 89 5 34 
54823 1975 7 2 9994 32766 32766 263 282 243 226 66 361 32700 59 32766 23 33 12 70 9 0 
54823 1975 7 3 9979 32766 32766 259 303 235 234 71 354 17 55 32766 20 33 12 49 3 32 
54823 1975 7 4 9941 32766 32766 249 287 234 268 86 373 64 31 32766 8 33 14 41 15 3 
54823 1975 7 5 9920 32766 32766 221 250 206 252 94 392 220 25 32766 20 60 5 100 4 2 
54823 1975 7 6 9945 32766 32766 246 309 199 244 81 363 0 63 32766 13 27 16 36 15 111 
54823 1975 7 7 9971 32766 32766 284 331 235 249 67 343 0 76 32766 8 30 1 46 3 121 
54823 1975 7 8 9974 32766 32766 273 312 248 254 70 359 32700 64 32766 30 57 8 87 10 23 
54823 1975 7 9 9965 32766 32766 215 252 175 240 93 387 436 26 32766 40 63 3 113 3 0 
54823 1975 7 10 9946 32766 32766 239 296 195 223 77 355 4 69 32766 18 50 13 73 11 80 
54823 1975 7 11 9943 32766 32766 273 309 246 210 59 345 32700 125 32766 55 83 10 146 10 113 
54823 1975 7 12 9960 32766 32766 288 335 247 242 62 343 0 103 32766 30 53 10 97 10 92 
54823 1975 7 13 9971 32766 32766 299 349 233 244 60 342 0 123 32766 48 67 10 135 10 122 
54823 1975 7 14 9967 32766 32766 281 331 247 245 66 351 0 103 32766 33 90 6 137 6 94 
54823 1975 7 15 9948 32766 32766 281 326 201 226 59 355 48 100 32766 33 80 13 138 13 112 
54823 1975 7 16 9937 32766 32766 315 356 274 267 59 344 0 135 32766 50 73 10 127 9 122 
54823 1975 7 17 9980 32766 32766 296 333 253 289 70 356 44 83 32766 25 57 11 110 10 82 
54823 1975 7 18 9991 32766 32766 277 326 253 301 81 372 33 79 32766 40 70 10 174 9 97 
54823 1975 7 19 9982 32766 32766 316 353 286 298 65 353 0 120 32766 38 60 9 100 9 122 
54823 1975 7 20 9982 32766 32766 284 327 253 307 80 359 6 64 32766 33 83 13 154 13 44 
54823 1975 7 21 9987 32766 32766 257 308 226 287 88 368 146 67 32766 23 47 4 86 6 30 
54823 1975 7 22 9958 32766 32766 274 301 247 305 83 374 6 46 32766 33 47 10 78 10 31 
54823 1975 7 23 9982 32766 32766 250 299 239 278 88 384 185 86 32766 28 73 4 99 4 76 
54823 1975 7 24 9991 32766 32766 250 289 206 231 74 357 0 76 32766 40 67 4 91 4 91 
54823 1975 7 25 9977 32766 32766 254 280 223 251 78 370 32700 30 32766 18 37 3 45 2 2 
54823 1975 7 26 9968 32766 32766 226 264 201 246 89 381 132 30 32766 30 57 4 71 2 19 
54823 1975 7 27 9962 32766 32766 261 309 227 293 87 370 0 45 32766 8 37 4 36 2 56 
54823 1975 7 28 9961 32766 32766 276 317 241 312 86 369 0 53 32766 25 37 3 32766 32766 47 
54823 1975 7 29 9938 32766 32766 285 321 259 312 81 371 0 44 32766 18 40 11 75 8 35 
54823 1975 7 30 9915 32766 32766 225 296 211 262 96 390 393 59 32766 30 53 12 107 12 0 
54823 1975 7 31 9933 32766 32766 236 275 199 225 78 360 32700 62 32766 25 43 4 75 16 98 
54823 1975 8 1 10002 32766 32766 242 280 197 217 73 355 0 57 32766 8 27 3 41 3 116 
54823 1975 8 2 10042 32766 32766 259 299 212 234 71 352 0 62 32766 13 33 4 49 1 117 
54823 1975 8 3 10030 32766 32766 270 315 240 291 83 361 1 41 32766 23 40 11 80 10 59 
54823 1975 8 4 10009 32766 32766 293 348 240 262 66 351 1 74 32766 23 67 4 99 5 95 
54823 1975 8 5 9998 32766 32766 271 310 249 299 84 369 53 46 32766 30 53 3 71 3 17 
54823 1975 8 6 9982 32766 32766 279 319 248 316 85 372 0 50 32766 28 50 4 66 3 76 
54823 1975 8 7 9970 32766 32766 284 323 260 307 80 367 4 52 32766 20 60 5 90 4 52 
54823 1975 8 8 10000 32766 32766 284 331 251 305 80 361 0 80 32766 45 73 4 101 3 111 
54823 1975 8 9 10034 32766 32766 289 336 247 301 76 365 0 64 32766 18 30 10 51 9 108 
54823 1975 8 10 10041 32766 32766 292 317 273 302 75 368 10 53 32766 23 47 10 77 9 50 
54823 1975 8 11 10011 32766 32766 290 325 257 275 69 354 0 65 32766 23 37 10 61 10 71 
54823 1975 8 12 9981 32766 32766 283 326 236 243 64 355 0 82 32766 33 47 10 63 9 105 
54823 1975 8 13 9978 32766 32766 268 309 240 276 79 372 0 55 32766 18 50 4 71 3 49 
54823 1975 8 14 9969 32766 32766 259 291 241 299 90 382 64 43 32766 30 60 4 88 2 10 
54823 1975 8 15 9946 32766 32766 261 303 232 255 77 353 32700 72 32766 33 63 4 87 3 102 
54823 1975 8 16 9959 32766 32766 258 310 209 239 73 354 0 82 32766 53 80 3 122 2 123 
54823 1975 8 17 9977 32766 32766 262 324 207 242 73 350 0 98 32766 35 67 4 88 3 122 
54823 1975 8 18 9988 32766 32766 266 317 230 270 78 363 32700 79 32766 33 60 3 98 2 89 
54823 1975 8 19 10004 32766 32766 273 324 235 276 77 360 32700 72 32766 30 70 4 125 2 80 
54823 1975 8 20 9986 32766 32766 283 331 224 242 65 344 0 97 32766 23 47 5 72 2 121 
54823 1975 8 21 9946 32766 32766 299 351 230 229 56 335 0 108 32766 25 40 14 65 12 121 
54823 1975 8 22 9985 32766 32766 263 303 235 200 59 341 0 116 32766 58 93 4 120 3 116 
54823 1975 8 23 10022 32766 32766 257 312 200 145 46 328 0 123 32766 38 57 4 84 3 115 
54823 1975 8 24 10051 32766 32766 259 323 183 181 55 341 0 101 32766 13 43 14 56 13 114 
54823 1975 8 25 10058 32766 32766 282 333 235 216 57 348 0 89 32766 23 50 12 75 11 118 
54823 1975 8 26 10062 32766 32766 288 341 249 255 66 345 0 87 32766 20 43 2 79 1 106 
54823 1975 8 27 10077 32766 32766 243 284 226 228 75 363 32700 55 32766 38 63 4 92 2 0 
54823 1975 8 28 10060 32766 32766 240 298 190 188 64 346 0 84 32766 30 60 5 73 4 106 
54823 1975 8 29 10026 32766 32766 260 322 212 260 78 358 20 55 32766 15 47 10 107 12 39 
54823 1975 8 30 10010 32766 32766 260 311 230 281 84 372 335 73 32766 20 73 10 153 9 35 
54823 1975 8 31 9997 32766 32766 260 321 226 290 88 364 232 78 32766 23 90 13 172 13 66 
54823 1975 9 1 10016 32766 32766 236 267 213 282 96 393 851 70 32766 35 80 4 127 3 0 
54823 1975 9 2 10056 32766 32766 213 245 191 195 78 359 12 60 32766 35 77 4 113 3 63 
54823 1975 9 3 10056 32766 32766 225 272 182 188 70 348 0 73 32766 28 53 4 72 3 105 
54823 1975 9 4 10057 32766 32766 221 266 185 202 77 360 0 55 32766 33 43 4 63 3 67 
54823 1975 9 5 10041 32766 32766 231 269 190 236 84 367 0 40 32766 15 37 1 48 15 26 
54823 1975 9 6 10049 32766 32766 234 281 208 234 82 365 32700 34 32766 18 37 2 65 2 18 
54823 1975 9 7 10068 32766 32766 234 281 207 237 83 367 1 47 32766 20 50 4 67 4 55 
54823 1975 9 8 10050 32766 32766 256 306 209 231 72 352 0 57 32766 25 43 4 56 3 89 
54823 1975 9 9 9998 32766 32766 272 317 228 268 76 361 0 81 32766 25 60 10 121 9 103 
54823 1975 9 10 9994 32766 32766 278 301 260 265 71 366 32700 78 32766 38 83 10 142 9 51 
54823 1975 9 11 10044 32766 32766 245 302 219 205 68 341 0 73 32766 23 63 16 102 16 71 
54823 1975 9 12 10075 32766 32766 238 286 202 180 63 338 0 68 32766 23 30 1 36 2 87 
54823 1975 9 13 10108 32766 32766 214 251 197 201 80 363 3 34 32766 18 33 4 61 16 0 
54823 1975 9 14 10085 32766 32766 189 215 176 176 81 362 10 19 32766 23 27 14 28 11 8 
54823 1975 9 15 10054 32766 32766 203 253 163 185 79 361 0 48 32766 13 33 4 50 4 62 
54823 1975 9 16 10063 32766 32766 231 286 185 197 71 351 0 50 32766 18 33 11 61 10 83 
54823 1975 9 17 10065 32766 32766 247 289 204 182 60 344 0 68 32766 23 50 11 83 11 95 
54823 1975 9 18 10073 32766 32766 252 296 214 210 66 359 32700 60 32766 23 43 9 66 10 43 
54823 1975 9 19 10044 32766 32766 225 257 204 247 91 384 153 8 32766 15 40 5 72 8 0 
54823 1975 9 20 10042 32766 32766 224 280 191 200 76 354 37 48 32766 28 43 13 73 14 97 
54823 1975 9 21 10124 32766 32766 205 261 166 154 66 340 32700 50 32766 15 33 4 51 5 38 
54823 1975 9 22 10115 32766 32766 215 281 153 141 59 326 0 61 32766 15 33 3 67 5 103 
54823 1975 9 23 10089 32766 32766 232 296 172 139 50 330 0 71 32766 18 37 12 33 3 105 
54823 1975 9 24 10078 32766 32766 214 266 191 162 63 358 32700 46 32766 13 33 14 53 16 3 
54823 1975 9 25 10059 32766 32766 222 273 182 184 70 350 0 58 32766 30 43 4 90 3 86 
54823 1975 9 26 10059 32766 32766 226 280 190 185 70 339 0 56 32766 28 50 5 75 5 59 
54823 1975 9 27 10088 32766 32766 224 285 170 178 68 343 0 68 32766 40 80 4 118 4 100 
54823 1975 9 28 10116 32766 32766 222 274 194 175 69 332 8 75 32766 35 53 4 87 3 83 
54823 1975 9 29 10126 32766 32766 197 232 162 154 68 347 0 41 32766 25 47 5 69 3 9 
54823 1975 9 30 10119 32766 32766 176 202 160 170 84 380 3 18 32766 23 50 5 83 4 0 
54823 1975 10 1 10079 32766 32766 173 183 166 193 98 394 380 5 32766 25 37 16 81 16 0 
54823 1975 10 2 10069 32766 32766 174 199 157 186 94 386 38 17 32766 10 30 3 62 1 18 
54823 1975 10 3 10059 32766 32766 181 200 166 190 92 386 1 11 32766 10 27 11 36 11 0 
54823 1975 10 4 10037 32766 32766 195 250 151 146 67 341 0 47 32766 30 43 13 62 12 104 
54823 1975 10 5 10043 32766 32766 210 256 167 144 59 342 0 69 32766 35 77 10 122 10 100 
54823 1975 10 6 10055 32766 32766 208 235 187 153 61 341 0 56 32766 45 67 10 126 10 27 
54823 1975 10 7 10086 32766 32766 161 201 114 90 50 330 0 60 32766 23 40 3 79 2 105 
54823 1975 10 8 10088 32766 32766 168 233 105 84 46 324 0 60 32766 25 43 13 78 13 104 
54823 1975 10 9 10065 32766 32766 190 246 142 145 66 354 0 45 32766 23 37 4 56 3 82 
54823 1975 10 10 10070 32766 32766 185 233 154 185 87 373 51 20 32766 20 73 10 125 7 15 
54823 1975 10 11 10099 32766 32766 187 235 152 170 81 360 17 35 32766 38 70 5 115 2 84 
54823 1975 10 12 10155 32766 32766 166 206 141 138 75 343 0 40 32766 25 53 5 81 5 67 
54823 1975 10 13 10177 32766 32766 168 220 118 116 63 333 0 40 32766 13 40 5 61 2 76 
54823 1975 10 14 10242 32766 32766 156 186 134 101 58 343 0 65 32766 45 100 5 141 5 82 
54823 1975 10 15 10239 32766 32766 136 181 98 90 59 338 0 55 32766 35 57 5 89 5 82 
54823 1975 10 16 10196 32766 32766 147 206 87 101 63 336 0 42 32766 10 30 13 53 12 95 
54823 1975 10 17 10168 32766 32766 169 223 108 116 62 340 0 40 32766 20 37 14 54 13 93 
54823 1975 10 18 10148 32766 32766 180 229 136 126 62 345 32700 40 32766 18 33 14 60 14 74 
54823 1975 10 19 10132 32766 32766 175 232 135 130 67 345 0 38 32766 13 33 14 45 13 87 
54823 1975 10 20 10154 32766 32766 176 231 133 116 60 333 0 51 32766 23 60 4 82 3 79 
54823 1975 10 21 10168 32766 32766 167 224 128 143 78 346 0 43 32766 38 60 5 80 3 71 
54823 1975 10 22 10163 32766 32766 162 203 135 144 79 358 10 23 32766 15 47 15 75 15 46 
54823 1975 10 23 10190 32766 32766 129 167 112 131 88 384 16 10 32766 33 67 5 105 3 0 
54823 1975 10 24 10186 32766 32766 117 155 95 107 79 364 79 29 32766 45 77 5 114 4 40 
54823 1975 10 25 10157 32766 32766 106 153 66 104 81 372 39 19 32766 18 37 4 62 3 36 
54823 1975 10 26 10152 32766 32766 108 130 88 116 90 382 54 9 32766 23 37 4 61 3 2 
54823 1975 10 27 10133 32766 32766 133 169 108 131 87 367 4 20 32766 28 33 4 53 2 22 
54823 1975 10 28 10164 32766 32766 119 141 88 118 85 374 32700 30 32766 38 90 4 140 4 15 
54823 1975 10 29 10242 32766 32766 83 117 58 65 60 337 0 38 32766 38 80 3 143 2 95 
54823 1975 10 30 10250 32766 32766 63 118 19 61 66 345 0 25 32766 15 37 14 67 13 91 
54823 1975 10 31 10214 32766 32766 98 160 39 69 58 336 0 30 32766 23 43 6 70 11 90 
54823 1975 11 1 10231 32766 32766 110 157 65 87 67 355 0 21 32766 20 33 9 52 15 79 
54823 1975 11 2 10229 32766 32766 121 170 90 101 74 350 0 21 32766 8 23 10 41 16 35 
54823 1975 11 3 10209 32766 32766 118 156 89 111 80 371 0 12 32766 3 23 4 40 3 0 
54823 1975 11 4 10184 32766 32766 132 167 104 126 84 366 0 13 32766 10 30 5 33 5 0 
54823 1975 11 5 10165 32766 32766 133 184 92 109 75 337 0 30 32766 18 40 3 69 3 78 
54823 1975 11 6 10165 32766 32766 115 160 76 115 86 370 0 13 32766 18 30 3 54 3 31 
54823 1975 11 7 10185 32766 32766 107 162 53 105 83 361 0 16 32766 18 43 4 72 4 68 
54823 1975 11 8 10218 32766 32766 101 137 86 95 78 357 0 24 32766 40 70 4 124 4 16 
54823 1975 11 9 10249 32766 32766 96 128 72 75 64 348 0 32 32766 48 80 4 123 3 32766 
54823 1975 11 10 10215 32766 32766 77 116 41 82 80 362 0 16 32766 18 30 4 41 3 13 
54823 1975 11 11 10184 32766 32766 99 126 77 88 72 360 32700 17 32766 10 23 3 35 16 12 
54823 1975 11 12 10194 32766 32766 94 136 73 84 73 351 0 20 32766 20 40 3 74 3 71 
54823 1975 11 13 10192 32766 32766 88 150 33 67 63 331 0 25 32766 28 40 4 73 4 92 
54823 1975 11 14 10167 32766 32766 73 113 34 62 63 338 0 23 32766 8 47 4 82 3 40 
54823 1975 11 15 10147 32766 32766 82 140 37 64 60 342 0 28 32766 13 23 10 46 13 90 
54823 1975 11 16 10154 32766 32766 108 171 68 68 54 335 0 36 32766 25 37 11 70 11 77 
54823 1975 11 17 10173 32766 32766 121 162 72 83 59 348 32700 30 32766 10 50 11 77 10 26 
54823 1975 11 18 10226 32766 32766 81 124 45 52 47 322 32700 37 32766 30 70 3 121 2 36 
54823 1975 11 19 10225 32766 32766 40 90 -4 33 43 325 0 20 32766 15 33 4 46 1 82 
54823 1975 11 20 10154 32766 32766 85 146 30 35 31 321 0 58 32766 43 70 11 122 10 83 
54823 1975 11 21 10154 32766 32766 79 113 49 43 41 322 0 42 32766 25 60 4 99 10 79 
54823 1975 11 22 10295 32766 32766 5 65 -34 20 31 309 0 42 32766 53 100 15 177 15 47 
54823 1975 11 23 10285 32766 32766 10 72 -44 15 23 317 0 30 32766 35 60 12 93 12 85 
54823 1975 11 24 10214 32766 32766 68 127 15 21 21 313 0 67 32766 48 77 11 140 10 87 
54823 1975 11 25 10194 32766 32766 54 88 15 32 37 320 0 55 32766 33 73 10 125 10 72 
54823 1975 11 26 10148 32766 32766 49 101 3 29 34 322 0 50 32766 35 70 11 127 10 83 
54823 1975 11 27 10054 32766 32766 87 145 50 34 31 319 0 45 32766 40 67 11 130 11 83 
54823 1975 11 28 10131 32766 32766 55 105 12 54 60 349 0 23 32766 20 30 903 44 1 73 
54823 1975 11 29 10171 32766 32766 49 108 -6 49 58 341 0 29 32766 33 47 5 87 3 82 
54823 1975 11 30 10141 32766 32766 82 128 23 52 49 334 0 38 32766 40 50 10 128 9 53 
54823 1975 12 1 10065 32766 32766 107 154 60 78 61 348 0 45 32766 35 77 8 125 8 74 
54823 1975 12 2 10105 32766 32766 65 120 21 84 87 378 0 19 32766 25 77 4 109 4 39 
54823 1975 12 3 10127 32766 32766 61 89 35 90 95 393 30 11 32766 23 47 5 81 14 0 
54823 1975 12 4 10145 32766 32766 39 52 23 77 95 389 29 4 32766 25 50 3 102 2 0 
54823 1975 12 5 10183 32766 32766 28 56 5 56 76 355 32700 23 32766 55 93 5 163 4 9 
54823 1975 12 6 10215 32766 32766 7 27 -14 56 87 370 31016 6 32766 48 70 4 108 4 17 
54823 1975 12 7 10249 32766 32766 -3 15 -26 43 71 354 32700 18 32766 35 80 4 120 3 7 
54823 1975 12 8 10269 32766 32766 -29 -7 -44 24 47 346 32700 17 32766 20 43 3 83 2 16 
54823 1975 12 9 10297 32766 32766 -29 15 -65 23 49 333 0 11 32766 18 40 2 82 2 73 
54823 1975 12 10 10328 32766 32766 -32 1 -61 20 43 317 0 15 32766 23 40 3 88 2 71 
54823 1975 12 11 10320 32766 32766 -41 -4 -76 20 45 321 0 11 32766 20 40 13 77 15 86 
54823 1975 12 12 10293 32766 32766 -39 -3 -80 16 36 315 0 13 32766 28 40 14 69 14 80 
54823 1975 12 13 10294 32766 32766 -36 -7 -61 15 33 314 0 17 32766 18 43 11 76 10 70 
54823 1975 12 14 10264 32766 32766 -41 6 -79 16 37 321 0 17 32766 40 63 14 100 14 82 
54823 1975 12 15 10235 32766 32766 -13 35 -44 17 31 321 0 16 32766 18 47 11 69 10 79 
54823 1975 12 16 10283 32766 32766 -17 42 -71 24 48 328 0 12 32766 10 30 10 40 9 77 
54823 1975 12 17 10270 32766 32766 7 53 -26 19 30 320 0 22 32766 38 60 12 99 11 79 
54823 1975 12 18 10245 32766 32766 18 66 -32 31 45 332 0 30 32766 40 70 10 137 10 76 
54823 1975 12 19 10266 32766 32766 -7 38 -43 26 47 323 0 18 32766 15 37 12 61 11 80 
54823 1975 12 20 10232 32766 32766 3 27 -20 20 32 322 0 25 32766 30 80 12 130 10 75 
54823 1975 12 21 10192 32766 32766 2 52 -26 17 27 318 0 25 32766 35 50 11 80 11 82 
54823 1975 12 22 10215 32766 32766 -21 12 -54 14 28 317 0 22 32766 33 43 5 75 4 81 
54823 1975 12 23 10229 32766 32766 -19 41 -75 21 41 324 0 12 32766 18 40 5 61 4 52 
54823 1975 12 24 10212 32766 32766 9 52 -48 30 46 334 0 13 32766 25 43 11 77 10 78 
54823 1975 12 25 10191 32766 32766 -7 57 -57 34 61 337 0 9 32766 20 27 5 35 5 61 
54823 1975 12 26 10223 32766 32766 -5 14 -35 47 79 362 31009 7 32766 23 73 3 124 3 0 
54823 1975 12 27 10333 32766 32766 -35 -2 -81 32 70 334 31017 32 32766 30 67 4 113 3 70 
54823 1975 12 28 10235 32766 32766 1 60 -48 24 43 321 0 18 32766 35 53 11 77 10 83 
54823 1975 12 29 10178 32766 32766 10 57 -37 27 40 331 0 24 32766 28 43 10 68 10 84 
54823 1975 12 30 10164 32766 32766 44 110 3 27 33 325 0 34 32766 33 43 10 66 10 84 
54823 1975 12 31 10146 32766 32766 63 112 14 35 38 328 0 48 32766 33 70 11 124 10 82 
54823 1976 1 1 10114 32766 32766 51 88 0 50 59 345 0 38 32766 18 67 10 116 10 80 
54823 1976 1 2 10109 32766 32766 34 92 -22 46 60 344 0 13 32766 10 37 11 50 11 67 
54823 1976 1 3 10061 32766 32766 54 89 24 35 41 326 0 32 32766 35 67 12 99 11 66 
54823 1976 1 4 10118 32766 32766 19 53 -5 22 32 322 0 49 32766 65 100 15 155 15 80 
54823 1976 1 5 10183 32766 32766 -1 42 -40 24 39 338 0 21 32766 20 40 16 63 15 83 
54823 1976 1 6 10148 32766 32766 27 82 -33 18 26 316 0 40 32766 63 103 10 178 10 83 
54823 1976 1 7 10079 32766 32766 32 73 0 22 30 320 0 53 32766 43 110 10 168 10 78 
