V01000 V04001 V04002 V04003 V10004 V10201 V10202 V12001 V12052 V12053 V13004 V13003 V13007 V13201 V13241 V13242 V11002 V11042 V11212 V11041 V11043 V14032
54823 1974 1 8 10203 32766 32766 8 57 -22 43 66 358 0 22 32766 50 100 4 150 3 63 
54823 1974 1 9 10237 32766 32766 -13 8 -23 36 65 351 0 21 32766 68 87 4 142 3 56 
54823 1974 1 10 10239 32766 32766 -34 -7 -59 31 65 353 0 11 32766 35 47 4 95 2 0 
54823 1974 1 11 10225 32766 32766 -43 11 -84 25 59 335 0 18 32766 18 60 3 101 2 82 
54823 1974 1 12 10225 32766 32766 -39 21 -84 28 63 341 0 13 32766 30 57 5 84 3 80 
54823 1974 1 13 10219 32766 32766 -20 34 -60 31 63 332 0 10 32766 3 27 13 27 13 17 
54823 1974 1 14 10221 32766 32766 -6 18 -21 33 57 347 32700 2 32766 18 57 3 92 3 0 
54823 1974 1 15 10269 32766 32766 -49 18 -81 17 37 326 0 27 32766 28 47 4 87 3 82 
54823 1974 1 16 10226 32766 32766 -40 2 -78 22 54 325 0 5 32766 0 23 13 23 13 0 
54823 1974 1 17 10223 32766 32766 -19 27 -60 32 60 342 0 9 32766 8 30 12 43 12 70 
54823 1974 1 18 10183 32766 32766 1 43 -38 37 61 350 0 11 32766 23 63 9 122 9 52 
54823 1974 1 19 10189 32766 32766 19 77 -34 42 61 341 0 17 32766 15 30 10 60 9 72 
54823 1974 1 20 10140 32766 32766 11 31 2 55 85 358 31004 13 32766 18 40 5 63 3 0 
54823 1974 1 21 10142 32766 32766 6 38 0 58 91 382 32700 3 32766 3 30 12 30 12 0 
54823 1974 1 22 10174 32766 32766 -29 6 -60 35 73 334 0 15 32766 45 93 3 143 2 32 
54823 1974 1 23 10243 32766 32766 -51 -14 -86 26 65 335 0 12 32766 28 70 4 109 3 67 
54823 1974 1 24 10262 32766 32766 -47 15 -95 28 69 339 0 2 32766 10 37 4 61 13 76 
54823 1974 1 25 10251 32766 32766 -1 41 -33 29 48 338 0 18 32766 28 57 10 100 11 64 
54823 1974 1 26 10175 32766 32766 6 55 -22 30 47 341 0 26 32766 35 90 4 140 3 61 
54823 1974 1 27 10210 32766 32766 -24 -4 -44 20 39 328 0 33 32766 70 110 5 140 4 0 
54823 1974 1 28 10259 32766 32766 -52 -27 -75 23 56 347 0 18 32766 65 100 4 133 4 0 
54823 1974 1 29 10260 32766 32766 -49 -15 -61 22 52 340 32700 18 32766 48 80 4 118 3 59 
54823 1974 1 30 10243 32766 32766 -48 -6 -82 24 58 339 0 13 32766 25 43 4 67 4 71 
54823 1974 1 31 10264 32766 32766 -44 19 -83 26 62 335 0 14 32766 30 90 4 123 3 80 
54823 1974 2 1 10294 32766 32766 -42 10 -65 28 64 340 0 28 32766 48 87 5 118 3 80 
54823 1974 2 2 10273 32766 32766 -32 39 -76 29 62 342 0 2 32766 40 70 4 97 3 76 
54823 1974 2 3 10221 32766 32766 -6 46 -55 38 67 346 31006 1 32766 13 50 5 69 4 21 
54823 1974 2 4 10215 32766 32766 -20 10 -37 45 86 371 31026 12 32766 30 93 3 153 3 0 
54823 1974 2 5 10246 32766 32766 -61 -34 -93 27 70 357 31001 15 32766 88 120 3 186 2 61 
54823 1974 2 6 10230 32766 32766 -54 -33 -64 25 61 353 32700 9 32766 35 70 3 124 3 0 
54823 1974 2 7 10216 32766 32766 -51 18 -95 26 63 347 0 11 32766 18 83 14 119 14 87 
54823 1974 2 8 10264 32766 32766 -42 -11 -70 18 43 324 0 13 32766 10 37 3 50 2 30 
54823 1974 2 9 10246 32766 32766 -2 46 -40 24 40 330 0 26 32766 28 57 12 94 11 58 
54823 1974 2 10 10253 32766 32766 -18 44 -75 22 44 318 0 16 32766 15 60 12 98 12 85 
54823 1974 2 11 10187 32766 32766 24 75 -20 20 30 312 0 44 32766 33 90 11 145 11 88 
54823 1974 2 12 10205 32766 32766 18 74 -30 21 33 313 0 27 32766 20 60 10 113 9 81 
54823 1974 2 13 10186 32766 32766 75 120 45 33 32 326 0 66 32766 33 77 10 143 10 74 
54823 1974 2 14 10136 32766 32766 56 93 36 45 50 340 0 28 32766 23 47 10 74 10 0 
54823 1974 2 15 10094 32766 32766 80 141 35 57 56 338 0 44 32766 28 53 13 83 11 88 
54823 1974 2 16 10087 32766 32766 111 160 81 43 33 322 0 59 32766 28 50 10 85 9 86 
54823 1974 2 17 10078 32766 32766 122 162 94 31 22 317 0 55 32766 25 70 10 110 9 88 
54823 1974 2 18 10081 32766 32766 132 200 57 39 28 311 0 66 32766 30 73 10 116 10 80 
54823 1974 2 19 10139 32766 32766 71 146 28 47 47 325 0 51 32766 48 110 3 167 3 75 
54823 1974 2 20 10157 32766 32766 51 114 0 30 38 310 0 32 32766 15 50 10 101 10 52 
54823 1974 2 21 10037 32766 32766 65 117 38 61 63 355 32700 40 32766 23 60 9 104 9 6 
54823 1974 2 22 10163 32766 32766 -3 50 -37 36 55 331 10 24 32766 53 110 4 186 2 0 
54823 1974 2 23 10252 32766 32766 -45 -22 -61 11 26 309 0 20 32766 38 70 3 112 3 21 
54823 1974 2 24 10270 32766 32766 -57 -37 -69 9 23 316 0 13 32766 8 50 4 83 2 0 
54823 1974 2 25 10253 32766 32766 -50 -2 -87 9 20 313 0 23 32766 30 53 16 101 15 91 
54823 1974 2 26 10216 32766 32766 -13 36 -50 14 26 314 0 48 32766 23 47 10 107 15 81 
54823 1974 2 27 10255 32766 32766 6 71 -46 19 31 319 0 19 32766 10 37 13 53 14 86 
54823 1974 2 28 10216 32766 32766 49 93 14 18 21 315 0 56 32766 30 80 11 123 11 81 
54823 1974 3 1 10191 32766 32766 72 126 37 34 34 322 0 49 32766 28 57 10 128 9 93 
54823 1974 3 2 10191 32766 32766 84 128 38 43 41 329 0 32 32766 20 43 3 70 2 70 
54823 1974 3 3 10099 32766 32766 104 151 65 61 50 336 32700 50 32766 30 60 11 110 11 71 
54823 1974 3 4 10114 32766 32766 79 123 60 73 69 364 32700 28 32766 25 70 4 109 3 0 
54823 1974 3 5 10151 32766 32766 40 80 34 78 96 393 173 12 32766 43 60 4 97 1 0 
54823 1974 3 6 10169 32766 32766 44 73 30 56 69 329 5 23 32766 35 90 4 126 3 6 
54823 1974 3 7 10163 32766 32766 57 118 3 42 47 328 0 33 32766 28 57 11 86 10 76 
54823 1974 3 8 10154 32766 32766 59 87 43 44 47 344 0 30 32766 30 63 10 123 10 2 
54823 1974 3 9 10148 32766 32766 81 142 42 41 39 331 0 55 32766 45 80 3 141 2 70 
54823 1974 3 10 10198 32766 32766 31 77 0 19 26 315 0 49 32766 25 60 4 105 2 74 
54823 1974 3 11 10248 32766 32766 -20 41 -49 13 25 319 0 54 32766 63 110 3 170 2 98 
54823 1974 3 12 10248 32766 32766 2 61 -50 21 36 315 0 23 32766 18 43 13 84 12 90 
54823 1974 3 13 10223 32766 32766 45 88 8 28 34 321 0 52 32766 48 70 10 133 9 69 
54823 1974 3 14 10171 32766 32766 84 135 25 39 35 329 0 67 32766 45 73 11 128 9 98 
54823 1974 3 15 10138 32766 32766 101 154 59 57 49 315 0 65 32766 53 100 10 173 10 59 
54823 1974 3 16 10196 32766 32766 51 132 -10 41 51 329 0 45 32766 35 77 4 118 9 105 
54823 1974 3 17 10152 32766 32766 93 135 73 20 18 302 0 101 32766 53 97 15 188 15 98 
54823 1974 3 18 10160 32766 32766 75 145 0 22 22 310 0 70 32766 25 77 10 129 11 104 
54823 1974 3 19 10125 32766 32766 96 145 39 37 33 318 0 97 32766 65 90 4 180 8 97 
54823 1974 3 20 10158 32766 32766 44 104 -17 50 61 345 0 31 32766 30 120 2 233 1 70 
54823 1974 3 21 10172 32766 32766 6 74 -40 10 16 310 0 35 32766 43 83 16 130 15 102 
54823 1974 3 22 10181 32766 32766 33 86 -16 25 34 311 0 37 32766 18 47 11 79 11 79 
54823 1974 3 23 10129 32766 32766 66 112 22 36 36 324 2 55 32766 25 70 11 104 9 46 
54823 1974 3 24 10117 32766 32766 88 116 70 60 54 339 7 34 32766 5 47 16 82 16 0 
54823 1974 3 25 10187 32766 32766 67 91 54 75 77 361 23 2 32766 38 100 3 140 3 38 
54823 1974 3 26 10215 32766 32766 57 106 8 51 61 324 0 36 32766 15 47 12 61 12 13 
54823 1974 3 27 10122 32766 32766 114 171 60 32 27 304 0 85 32766 45 70 12 125 9 110 
54823 1974 3 28 10000 32766 32766 154 218 105 54 30 325 0 130 32766 65 110 10 190 9 106 
54823 1974 3 29 10005 32766 32766 168 242 95 75 41 328 0 88 32766 28 63 5 100 4 97 
54823 1974 3 30 10047 32766 32766 111 178 61 85 65 349 0 70 32766 48 90 4 110 3 91 
54823 1974 3 31 10124 32766 32766 81 120 35 43 43 309 0 85 32766 43 130 15 206 15 96 
54823 1974 4 1 10170 32766 32766 65 125 10 28 31 314 0 69 32766 20 77 15 127 15 109 
54823 1974 4 2 10074 32766 32766 139 202 74 16 10 308 0 165 32766 80 120 9 233 9 108 
54823 1974 4 3 9964 32766 32766 189 259 129 60 27 320 0 215 32766 73 120 10 221 9 102 
54823 1974 4 4 10017 32766 32766 157 235 105 51 30 321 0 145 32766 55 90 4 126 4 104 
54823 1974 4 5 10024 32766 32766 176 252 107 70 35 322 0 115 32766 18 87 8 152 7 97 
54823 1974 4 6 9979 32766 32766 154 220 93 134 78 351 11 55 32766 50 133 4 215 3 0 
54823 1974 4 7 10065 32766 32766 103 155 65 81 66 348 0 74 32766 70 140 4 203 3 99 
54823 1974 4 8 10105 32766 32766 131 199 55 77 55 329 0 80 32766 28 53 5 86 3 111 
54823 1974 4 9 10100 32766 32766 172 252 96 91 50 325 32700 84 32766 40 80 4 120 3 108 
54823 1974 4 10 10114 32766 32766 191 247 116 70 32 318 0 105 32766 23 90 10 177 9 104 
54823 1974 4 11 10049 32766 32766 225 287 180 74 29 314 0 207 32766 75 117 10 204 10 115 
54823 1974 4 12 10052 32766 32766 172 243 120 116 60 346 2 59 32766 25 50 8 73 7 26 
54823 1974 4 13 10036 32766 32766 164 233 105 117 66 341 0 78 32766 38 103 4 154 4 106 
54823 1974 4 14 10092 32766 32766 160 248 74 83 51 323 0 106 32766 63 97 10 185 10 112 
54823 1974 4 15 10025 32766 32766 178 201 157 115 57 339 2 102 32766 50 120 10 218 9 38 
54823 1974 4 16 10039 32766 32766 189 274 106 87 47 317 0 99 32766 20 70 8 161 8 85 
54823 1974 4 17 10010 32766 32766 202 232 151 137 59 347 0 71 32766 98 110 10 214 9 77 
54823 1974 4 18 10129 32766 32766 119 165 87 72 54 322 0 84 32766 73 120 4 202 4 25 
54823 1974 4 19 10119 32766 32766 141 207 65 62 39 328 0 85 32766 20 50 5 87 5 102 
54823 1974 4 20 10038 32766 32766 143 180 104 77 48 334 32700 60 32766 20 50 4 62 1 0 
54823 1974 4 21 10049 32766 32766 162 233 103 62 37 315 0 107 32766 38 70 10 129 9 113 
54823 1974 4 22 10039 32766 32766 171 225 111 63 35 312 32700 117 32766 35 73 4 150 2 120 
54823 1974 4 23 9984 32766 32766 204 252 145 120 50 344 57 116 32766 75 180 11 277 15 31 
54823 1974 4 24 10049 32766 32766 124 207 77 55 40 324 9 103 32766 53 140 16 256 16 76 
54823 1974 4 25 10088 32766 32766 118 207 65 56 44 317 0 97 32766 23 83 14 150 15 113 
54823 1974 4 26 10051 32766 32766 178 248 99 45 23 314 0 148 32766 53 103 10 208 11 118 
54823 1974 4 27 9951 32766 32766 200 249 166 93 40 332 2 144 32766 75 137 14 205 14 20 
54823 1974 4 28 10016 32766 32766 162 221 90 43 26 312 0 129 32766 53 80 13 135 12 119 
54823 1974 4 29 9921 32766 32766 206 257 169 56 22 312 0 174 32766 63 140 10 242 11 39 
54823 1974 4 30 10045 32766 32766 168 232 120 58 31 322 0 123 32766 35 90 16 178 16 113 
54823 1974 5 1 10069 32766 32766 196 247 150 51 23 316 0 167 32766 45 80 10 142 10 123 
54823 1974 5 2 10029 32766 32766 210 260 173 45 19 311 0 230 32766 83 140 10 248 9 117 
54823 1974 5 3 9992 32766 32766 237 296 192 72 24 318 0 212 32766 60 123 10 223 9 102 
54823 1974 5 4 10054 32766 32766 171 253 145 82 43 323 0 130 32766 80 140 4 194 3 109 
54823 1974 5 5 10102 32766 32766 173 239 88 62 33 318 0 116 32766 20 67 10 123 9 119 
54823 1974 5 6 10084 32766 32766 196 246 144 45 20 316 0 152 32766 48 60 10 110 10 119 
54823 1974 5 7 10071 32766 32766 204 254 135 60 26 319 0 99 32766 20 43 8 75 9 106 
54823 1974 5 8 10061 32766 32766 182 229 145 90 43 337 0 93 32766 40 73 2 149 2 14 
54823 1974 5 9 10083 32766 32766 184 268 96 77 42 319 0 113 32766 35 70 11 106 11 123 
54823 1974 5 10 10068 32766 32766 230 283 189 52 19 309 0 192 32766 55 97 10 188 9 85 
54823 1974 5 11 10073 32766 32766 239 293 192 89 30 326 0 199 32766 58 97 8 164 8 114 
54823 1974 5 12 10103 32766 32766 228 268 207 110 40 336 0 135 32766 45 107 9 162 7 23 
54823 1974 5 13 10071 32766 32766 196 235 164 129 57 347 0 80 32766 23 50 5 78 4 31 
54823 1974 5 14 10094 32766 32766 178 226 141 70 37 309 0 99 32766 28 70 2 130 2 96 
54823 1974 5 15 10054 32766 32766 241 307 164 75 26 308 0 186 32766 75 107 10 171 10 105 
54823 1974 5 16 10019 32766 32766 268 316 226 128 38 316 0 160 32766 40 90 10 154 10 97 
54823 1974 5 17 10005 32766 32766 240 276 219 202 68 361 2 66 32766 23 47 4 87 8 0 
54823 1974 5 18 10014 32766 32766 196 266 169 179 80 361 32700 42 32766 55 90 5 135 3 42 
54823 1974 5 19 10037 32766 32766 173 210 136 146 76 364 5 26 32766 25 80 3 132 1 35 
54823 1974 5 20 10048 32766 32766 212 290 168 124 52 330 0 103 32766 38 80 5 130 3 81 
54823 1974 5 21 10052 32766 32766 190 210 170 96 43 318 11 83 32766 18 50 11 62 11 0 
54823 1974 5 22 10008 32766 32766 237 330 150 135 50 326 0 105 32766 40 63 11 90 10 114 
54823 1974 5 23 10029 32766 32766 242 306 164 101 37 314 0 130 32766 30 63 4 102 2 129 
54823 1974 5 24 10009 32766 32766 285 357 207 152 41 330 0 148 32766 30 70 10 120 10 122 
54823 1974 5 25 9982 32766 32766 288 325 261 109 28 317 0 210 32766 58 80 4 127 9 127 
54823 1974 5 26 9975 32766 32766 313 385 226 107 24 317 0 220 32766 50 83 10 148 9 125 
54823 1974 5 27 9982 32766 32766 314 376 228 123 28 321 0 203 32766 38 80 11 130 11 123 
54823 1974 5 28 9968 32766 32766 313 370 262 136 31 316 0 97 32766 33 70 11 126 9 109 
54823 1974 5 29 9977 32766 32766 266 340 210 165 50 330 2 125 32766 13 80 11 133 10 108 
54823 1974 5 30 9981 32766 32766 169 275 130 156 81 373 135 49 32766 30 70 16 139 1 41 
54823 1974 5 31 9927 32766 32766 206 264 155 133 56 336 32700 98 32766 38 60 16 111 1 125 
54823 1974 6 1 9923 32766 32766 252 323 182 101 35 315 0 154 32766 38 70 13 109 11 128 
54823 1974 6 2 9904 32766 32766 252 280 234 106 33 325 0 155 32766 50 80 3 131 1 124 
54823 1974 6 3 9991 32766 32766 212 261 146 119 50 333 0 106 32766 23 63 4 92 3 118 
54823 1974 6 4 10038 32766 32766 199 247 157 125 56 336 4 103 32766 38 90 4 117 3 119 
54823 1974 6 5 10061 32766 32766 207 266 143 127 54 335 0 103 32766 13 47 4 63 2 125 
54823 1974 6 6 10014 32766 32766 216 265 200 152 60 340 32700 46 32766 33 70 11 110 10 47 
54823 1974 6 7 9977 32766 32766 280 355 201 110 34 313 0 129 32766 50 70 10 114 10 129 
54823 1974 6 8 9963 32766 32766 303 347 258 141 33 326 0 172 32766 50 80 11 151 12 106 
54823 1974 6 9 9970 32766 32766 234 317 174 187 70 338 299 96 32766 53 90 4 130 8 0 
54823 1974 6 10 10018 32766 32766 213 287 164 177 72 353 2 67 32766 18 40 11 55 10 96 
54823 1974 6 11 10011 32766 32766 265 323 209 121 36 323 0 160 32766 45 83 10 147 9 128 
54823 1974 6 12 10015 32766 32766 270 328 213 105 31 317 0 153 32766 40 63 10 141 9 119 
54823 1974 6 13 10040 32766 32766 259 321 202 136 42 330 0 148 32766 40 60 10 120 10 126 
54823 1974 6 14 10028 32766 32766 263 324 209 144 44 328 0 176 32766 65 107 10 174 9 133 
54823 1974 6 15 9965 32766 32766 276 323 225 141 39 324 0 195 32766 50 90 10 141 10 116 
54823 1974 6 16 9905 32766 32766 304 354 255 190 45 332 0 159 32766 43 60 10 133 8 129 
54823 1974 6 17 9925 32766 32766 272 350 219 225 62 358 32700 134 32766 53 103 4 178 1 117 
54823 1974 6 18 9995 32766 32766 244 305 173 104 38 316 0 124 32766 25 80 10 135 10 132 
54823 1974 6 19 9942 32766 32766 219 285 189 143 55 334 31 91 32766 40 80 10 150 10 0 
54823 1974 6 20 9880 32766 32766 253 342 186 155 55 316 32700 109 32766 28 67 12 113 16 91 
54823 1974 6 21 9938 32766 32766 227 293 180 162 60 344 0 101 32766 38 57 2 86 1 123 
54823 1974 6 22 9988 32766 32766 242 303 166 141 50 331 0 114 32766 25 50 5 63 3 133 
54823 1974 6 23 9985 32766 32766 287 346 201 129 33 324 0 167 32766 28 47 12 68 13 130 
54823 1974 6 24 9983 32766 32766 302 357 247 136 33 323 0 143 32766 38 60 12 85 10 111 
54823 1974 6 25 9966 32766 32766 308 350 270 106 25 315 0 184 32766 45 70 11 111 9 91 
54823 1974 6 26 9997 32766 32766 273 330 222 106 32 315 32700 145 32766 33 50 14 80 3 97 
54823 1974 6 27 10038 32766 32766 258 315 195 119 37 326 0 146 32766 25 67 4 82 3 125 
54823 1974 6 28 10024 32766 32766 279 338 214 127 35 323 0 127 32766 13 40 16 85 16 108 
54823 1974 6 29 10026 32766 32766 237 307 209 204 74 329 74 53 32766 35 63 10 97 9 0 
54823 1974 6 30 10024 32766 32766 261 316 219 209 65 339 1 78 32766 18 50 11 85 11 69 
54823 1974 7 1 9999 32766 32766 265 310 234 194 57 346 0 111 32766 33 60 9 100 8 72 
54823 1974 7 2 9973 32766 32766 270 316 239 195 56 342 32700 96 32766 35 70 10 98 9 50 
54823 1974 7 3 9989 32766 32766 266 322 216 215 64 346 1 104 32766 23 43 4 101 8 115 
54823 1974 7 4 10004 32766 32766 265 314 233 221 64 355 5 89 32766 23 50 2 63 2 71 
54823 1974 7 5 9993 32766 32766 276 330 217 213 61 340 0 113 32766 18 47 3 56 3 120 
54823 1974 7 6 9969 32766 32766 278 341 226 236 65 347 0 103 32766 15 40 5 58 14 107 
54823 1974 7 7 9959 32766 32766 254 303 226 274 85 374 150 37 32766 18 83 11 113 11 0 
54823 1974 7 8 9920 32766 32766 275 323 235 300 83 368 27 67 32766 10 37 12 33 11 80 
54823 1974 7 9 9903 32766 32766 299 367 266 285 69 349 72 111 32766 25 73 15 130 12 109 
54823 1974 7 10 9918 32766 32766 306 371 223 235 55 341 0 87 32766 20 47 10 60 11 129 
54823 1974 7 11 9921 32766 32766 319 370 283 230 49 335 0 145 32766 50 70 14 120 2 104 
54823 1974 7 12 9926 32766 32766 256 330 228 262 80 362 33 83 32766 18 70 5 88 9 64 
54823 1974 7 13 9934 32766 32766 262 328 207 247 76 347 32002 80 32766 15 37 4 33 3 97 
54823 1974 7 14 9957 32766 32766 290 331 249 243 61 347 0 96 32766 13 50 5 65 2 105 
54823 1974 7 15 9948 32766 32766 271 342 223 252 71 354 74 89 32766 28 113 1 220 1 83 
54823 1974 7 16 9938 32766 32766 244 282 188 247 81 369 323 97 32766 38 77 5 114 15 58 
54823 1974 7 17 9957 32766 32766 262 309 223 246 74 354 6 71 32766 13 57 10 101 10 84 
54823 1974 7 18 9978 32766 32766 269 312 238 278 80 359 0 60 32766 10 50 5 64 3 74 
54823 1974 7 19 9987 32766 32766 267 314 233 273 78 366 0 60 32766 5 50 4 50 4 64 
54823 1974 7 20 9977 32766 32766 251 276 239 286 89 384 152 32 32766 15 57 5 104 7 4 
54823 1974 7 21 9983 32766 32766 277 326 237 294 81 359 32700 60 32766 20 43 11 70 11 97 
54823 1974 7 22 9982 32766 32766 284 342 250 315 82 361 95 57 32766 15 80 7 150 7 58 
54823 1974 7 23 9975 32766 32766 243 296 219 286 94 388 594 32766 32766 45 110 9 148 9 27 
54823 1974 7 24 9956 32766 32766 273 306 250 275 76 366 2 67 32766 28 57 10 104 9 59 
54823 1974 7 25 9929 32766 32766 265 335 204 289 83 371 197 65 32766 25 87 1 177 2 72 
54823 1974 7 26 9956 32766 32766 268 310 225 284 81 370 32700 58 32766 18 53 4 60 4 71 
54823 1974 7 27 9981 32766 32766 277 312 254 322 87 377 32700 56 32766 18 43 4 73 2 59 
54823 1974 7 28 9989 32766 32766 271 305 240 291 82 366 17 68 32766 20 43 4 81 1 109 
54823 1974 7 29 9975 32766 32766 279 321 234 279 76 356 0 77 32766 23 40 5 43 2 111 
54823 1974 7 30 9956 32766 32766 291 330 245 299 75 358 0 80 32766 15 40 8 56 8 116 
54823 1974 7 31 9937 32766 32766 297 335 268 291 70 361 0 80 32766 30 60 11 108 9 111 
54823 1974 8 1 9936 32766 32766 274 312 247 303 83 378 54 102 32766 10 63 10 112 9 38 
54823 1974 8 2 9959 32766 32766 287 334 242 275 72 355 0 73 32766 13 37 14 33 15 126 
54823 1974 8 3 9977 32766 32766 294 338 210 300 74 358 18 63 32766 18 67 9 128 9 85 
54823 1974 8 4 9982 32766 32766 247 288 235 295 95 390 314 31 32766 13 53 9 127 9 0 
54823 1974 8 5 9982 32766 32766 250 288 226 290 92 381 458 53 32766 5 20 11 0 17 0 
54823 1974 8 6 9998 32766 32766 267 291 245 309 88 378 1 31 32766 15 53 5 68 3 4 
54823 1974 8 7 10001 32766 32766 265 305 246 295 86 378 83 44 32766 38 90 11 148 11 56 
54823 1974 8 8 9963 32766 32766 268 327 222 295 84 371 371 1 32766 30 57 10 89 8 53 
54823 1974 8 9 9935 32766 32766 257 305 235 283 87 370 231 46 32766 23 80 15 181 12 19 
54823 1974 8 10 9949 32766 32766 252 282 236 283 89 378 8 33 32766 25 57 4 82 3 26 
54823 1974 8 11 9977 32766 32766 234 257 228 267 93 387 47 14 32766 28 63 2 108 1 0 
54823 1974 8 12 10011 32766 32766 232 257 220 258 91 387 12 24 32766 43 67 3 98 3 14 
54823 1974 8 13 10003 32766 32766 223 245 217 259 96 395 115 5 32766 68 93 3 150 1 0 
54823 1974 8 14 9945 32766 32766 214 224 208 249 98 397 368 48 32766 58 90 16 164 16 0 
54823 1974 8 15 9966 32766 32766 238 292 203 247 85 364 16 53 32766 20 50 1 80 16 72 
54823 1974 8 16 9986 32766 32766 260 302 235 263 79 363 0 53 32766 25 50 3 83 3 77 
54823 1974 8 17 10019 32766 32766 249 281 227 279 89 379 32700 33 32766 25 53 5 75 4 11 
54823 1974 8 18 10032 32766 32766 266 313 234 289 84 368 0 50 32766 20 37 5 37 2 101 
54823 1974 8 19 10012 32766 32766 263 311 226 271 81 359 0 78 32766 28 50 4 74 2 110 
54823 1974 8 20 9986 32766 32766 258 307 204 267 81 368 0 60 32766 25 50 4 63 4 114 
54823 1974 8 21 9946 32766 32766 282 329 250 283 76 351 0 64 32766 8 40 13 60 14 111 
54823 1974 8 22 9975 32766 32766 222 292 195 233 87 379 121 12 32766 28 70 3 128 2 0 
54823 1974 8 23 10019 32766 32766 218 268 185 171 68 343 0 77 32766 28 57 1 113 16 119 
54823 1974 8 24 10011 32766 32766 235 297 166 174 61 344 0 75 32766 18 40 1 81 16 120 
54823 1974 8 25 10003 32766 32766 261 324 204 203 61 346 0 89 32766 25 40 10 51 11 116 
54823 1974 8 26 10023 32766 32766 270 317 229 214 61 346 0 87 32766 25 50 4 69 2 115 
54823 1974 8 27 10058 32766 32766 225 267 203 226 84 364 7 40 32766 20 70 4 130 3 8 
54823 1974 8 28 10066 32766 32766 208 257 188 210 86 376 24 35 32766 20 90 4 135 3 34 
54823 1974 8 29 10027 32766 32766 197 257 170 203 89 371 200 41 32766 13 80 3 157 2 25 
54823 1974 8 30 9944 32766 32766 215 258 170 186 73 360 21 53 32766 25 73 11 136 10 26 
54823 1974 8 31 9935 32766 32766 261 322 230 193 58 345 32700 111 32766 40 70 10 125 9 101 
54823 1974 9 1 9954 32766 32766 260 297 235 202 61 352 0 74 32766 13 40 12 61 12 95 
54823 1974 9 2 9971 32766 32766 247 293 195 214 69 354 0 63 32766 10 30 11 51 15 112 
54823 1974 9 3 9985 32766 32766 265 315 215 214 64 343 0 76 32766 18 37 15 47 15 112 
54823 1974 9 4 10021 32766 32766 267 316 225 244 71 352 0 56 32766 15 50 4 54 3 52 
54823 1974 9 5 10028 32766 32766 260 307 225 244 74 351 0 56 32766 23 40 12 73 11 28 
54823 1974 9 6 10022 32766 32766 231 276 211 225 80 367 61 36 32766 15 50 15 83 9 43 
54823 1974 9 7 10030 32766 32766 246 316 180 184 62 338 0 86 32766 38 60 11 92 10 115 
54823 1974 9 8 10081 32766 32766 238 290 185 163 56 337 0 85 32766 30 47 4 73 1 113 
54823 1974 9 9 10075 32766 32766 222 264 191 183 69 355 32700 39 32766 15 37 10 53 11 8 
54823 1974 9 10 10053 32766 32766 232 278 200 182 65 346 0 70 32766 20 60 9 100 11 79 
54823 1974 9 11 10050 32766 32766 232 277 185 184 65 349 0 51 32766 13 37 13 41 11 83 
54823 1974 9 12 10049 32766 32766 226 269 200 201 74 365 32700 50 32766 20 47 10 72 8 44 
54823 1974 9 13 10020 32766 32766 196 222 180 223 98 397 401 47 32766 23 80 16 90 15 0 
54823 1974 9 14 10075 32766 32766 184 208 160 134 64 338 0 45 32766 38 60 15 90 12 58 
54823 1974 9 15 10097 32766 32766 193 250 135 105 48 329 0 78 32766 33 60 12 90 12 113 
54823 1974 9 16 10071 32766 32766 212 257 185 114 46 339 0 108 32766 55 80 10 143 9 102 
54823 1974 9 17 10132 32766 32766 189 234 156 108 52 316 0 75 32766 28 50 4 90 3 100 
54823 1974 9 18 10161 32766 32766 182 232 114 91 46 324 0 68 32766 13 37 10 63 15 111 
54823 1974 9 19 10134 32766 32766 197 254 133 92 41 327 0 80 32766 25 57 12 70 11 104 
54823 1974 9 20 10101 32766 32766 212 256 178 102 41 326 0 102 32766 40 70 10 140 10 102 
54823 1974 9 21 10078 32766 32766 218 264 174 123 47 338 0 108 32766 53 77 11 137 9 110 
54823 1974 9 22 10066 32766 32766 245 290 211 130 44 328 0 159 32766 73 130 10 250 9 107 
54823 1974 9 23 10087 32766 32766 212 258 169 155 63 347 32700 90 32766 30 63 5 97 1 104 
54823 1974 9 24 10069 32766 32766 233 302 165 138 51 329 0 82 32766 23 53 13 98 10 106 
54823 1974 9 25 10073 32766 32766 263 310 196 140 42 330 0 117 32766 28 70 10 67 10 106 
54823 1974 9 26 10061 32766 32766 252 303 201 107 36 319 32700 167 32766 35 97 9 193 9 73 
54823 1974 9 27 10049 32766 32766 212 272 161 178 72 358 30 57 32766 20 43 10 67 10 97 
54823 1974 9 28 10056 32766 32766 218 257 170 121 48 327 0 80 32766 18 47 10 72 3 83 
54823 1974 9 29 10086 32766 32766 193 248 153 97 45 327 5 97 32766 33 90 4 126 4 29 
54823 1974 9 30 10091 32766 32766 134 178 120 146 95 389 464 28 32766 40 67 4 110 3 0 
54823 1974 10 1 10084 32766 32766 147 158 134 163 98 397 47 0 32766 13 40 2 77 2 0 
54823 1974 10 2 10082 32766 32766 154 169 144 164 94 390 28 3 32766 13 33 4 43 3 0 
54823 1974 10 3 10096 32766 32766 156 192 131 155 88 374 0 3 32766 13 33 11 33 10 3 
54823 1974 10 4 10115 32766 32766 162 217 130 146 80 357 0 30 32766 18 60 10 50 10 65 
54823 1974 10 5 10120 32766 32766 173 231 130 130 67 350 0 51 32766 23 60 11 90 11 105 
54823 1974 10 6 10121 32766 32766 182 243 123 118 58 344 0 45 32766 25 60 10 110 10 106 
54823 1974 10 7 10065 32766 32766 191 234 165 128 60 333 0 68 32766 45 73 10 140 10 91 
54823 1974 10 8 10096 32766 32766 171 235 124 89 49 320 0 68 32766 33 87 14 137 14 101 
54823 1974 10 9 10173 32766 32766 131 166 88 53 36 326 0 74 32766 28 70 4 111 3 107 
54823 1974 10 10 10157 32766 32766 141 204 70 68 45 321 0 52 32766 10 40 11 70 11 91 
54823 1974 10 11 10130 32766 32766 158 202 105 92 52 336 0 51 32766 28 60 13 83 11 100 
54823 1974 10 12 10136 32766 32766 149 219 76 77 47 325 0 46 32766 18 40 10 49 12 101 
54823 1974 10 13 10108 32766 32766 186 238 135 100 48 335 0 92 32766 48 100 10 166 9 101 
54823 1974 10 14 10164 32766 32766 147 198 100 112 67 351 32700 54 32766 73 127 4 192 3 12 
54823 1974 10 15 10185 32766 32766 119 181 65 78 60 328 0 49 32766 35 63 4 93 3 101 
54823 1974 10 16 10157 32766 32766 154 193 114 112 65 350 0 38 32766 13 40 9 74 9 20 
54823 1974 10 17 10133 32766 32766 132 154 119 140 92 386 83 5 32766 8 40 4 52 4 0 
54823 1974 10 18 10119 32766 32766 149 197 120 134 80 362 96 42 32766 28 50 11 74 9 79 
54823 1974 10 19 10122 32766 32766 170 218 118 91 49 331 0 69 32766 43 67 12 120 1 93 
54823 1974 10 20 10163 32766 32766 145 210 96 85 52 334 0 61 32766 43 93 4 127 4 88 
54823 1974 10 21 10144 32766 32766 158 221 95 94 51 334 0 65 32766 35 93 15 157 9 52 
54823 1974 10 22 10230 32766 32766 55 97 13 36 41 329 0 40 32766 20 47 3 98 16 99 
54823 1974 10 23 10171 32766 32766 102 171 43 34 29 315 0 64 32766 33 73 10 122 10 100 
54823 1974 10 24 10139 32766 32766 123 185 62 69 50 332 0 63 32766 25 80 10 137 10 53 
54823 1974 10 25 10139 32766 32766 147 203 107 114 69 353 32700 33 32766 13 27 5 31 2 61 
54823 1974 10 26 10141 32766 32766 139 171 129 143 90 382 42 4 32766 5 40 8 53 7 0 
54823 1974 10 27 10201 32766 32766 121 146 104 101 71 356 3 29 32766 30 90 4 139 2 13 
54823 1974 10 28 10195 32766 32766 100 151 47 65 57 327 0 33 32766 23 70 10 90 9 50 
54823 1974 10 29 10076 32766 32766 137 156 118 79 50 337 32700 65 32766 43 110 10 181 10 3 
54823 1974 10 30 10073 32766 32766 143 199 113 65 42 321 0 75 32766 50 67 5 111 3 87 
54823 1974 10 31 10197 32766 32766 65 113 35 37 39 323 0 60 32766 50 87 3 123 2 96 
54823 1974 11 1 10207 32766 32766 67 125 6 61 64 344 0 21 32766 8 40 8 70 7 34 
54823 1974 11 2 10178 32766 32766 146 186 89 76 46 337 0 61 32766 35 70 10 119 9 87 
54823 1974 11 3 10147 32766 32766 160 191 142 118 66 358 0 44 32766 35 73 10 137 9 13 
54823 1974 11 4 10154 32766 32766 146 208 101 129 80 354 0 30 32766 18 37 4 35 3 87 
54823 1974 11 5 10140 32766 32766 168 200 129 134 70 359 0 33 32766 30 70 10 122 10 43 
54823 1974 11 6 10113 32766 32766 165 237 126 139 75 357 0 40 32766 23 47 11 88 10 90 
54823 1974 11 7 10097 32766 32766 172 236 120 140 73 351 0 35 32766 18 57 10 96 9 88 
54823 1974 11 8 10162 32766 32766 90 173 46 104 89 381 150 23 32766 90 140 4 208 3 0 
54823 1974 11 9 10243 32766 32766 44 55 36 57 68 363 71 20 32766 83 107 4 160 3 0 
54823 1974 11 10 10233 32766 32766 41 53 26 62 75 371 2 12 32766 33 57 4 87 3 0 
54823 1974 11 11 10247 32766 32766 13 50 1 66 99 398 30173 9 32766 15 60 4 95 3 0 
54823 1974 11 12 10304 32766 32766 20 49 3 53 77 339 32700 16 32766 23 50 5 72 3 65 
54823 1974 11 13 10322 32766 32766 27 57 4 45 62 340 0 27 32766 25 33 4 50 2 47 
54823 1974 11 14 10325 32766 32766 41 86 5 49 60 339 0 29 32766 18 47 4 62 3 84 
54823 1974 11 15 10289 32766 32766 51 79 22 59 68 351 0 8 32766 10 20 4 20 4 0 
54823 1974 11 16 10233 32766 32766 73 100 52 80 78 369 1 20 32766 15 47 11 66 10 0 
54823 1974 11 17 10203 32766 32766 64 95 41 54 57 328 0 40 32766 33 97 15 150 15 87 
54823 1974 11 18 10205 32766 32766 62 118 2 38 43 325 0 38 32766 45 87 10 156 10 89 
54823 1974 11 19 10124 32766 32766 104 149 64 54 44 331 0 75 32766 53 93 10 150 10 87 
54823 1974 11 20 10115 32766 32766 93 128 75 43 38 324 0 59 32766 40 90 14 123 14 70 
54823 1974 11 21 10170 32766 32766 51 101 11 29 33 319 0 44 32766 25 60 5 75 4 87 
54823 1974 11 22 10116 32766 32766 104 147 28 55 43 336 0 63 32766 53 100 10 188 9 78 
54823 1974 11 23 10154 32766 32766 70 116 41 40 40 328 0 47 32766 33 67 16 87 16 89 
54823 1974 11 24 10146 32766 32766 87 145 15 36 34 321 0 52 32766 40 32766 32766 194 9 83 
54823 1974 11 25 10203 32766 32766 77 128 46 47 47 328 0 70 32766 38 32766 32766 175 8 61 
54823 1974 11 26 10212 32766 32766 49 117 -4 54 65 336 0 29 32766 13 32766 32766 59 9 86 
54823 1974 11 27 10132 32766 32766 87 142 23 66 58 350 0 34 32766 25 70 11 105 10 82 
54823 1974 11 28 10129 32766 32766 94 145 59 94 80 365 0 20 32766 15 57 3 73 5 54 
54823 1974 11 29 10161 32766 32766 63 93 46 84 88 377 1 13 32766 40 80 4 123 3 0 
54823 1974 11 30 10152 32766 32766 49 62 36 81 93 379 109 9 32766 33 60 3 82 2 0 
54823 1974 12 1 10121 32766 32766 58 67 50 92 100 400 104 1 32766 33 57 3 90 2 0 
54823 1974 12 2 10171 32766 32766 37 67 5 71 87 376 16 16 32766 85 110 4 148 2 0 
54823 1974 12 3 10244 32766 32766 -21 5 -36 35 66 355 32700 20 32766 68 120 4 168 2 51 
54823 1974 12 4 10198 32766 32766 -19 22 -49 34 63 357 0 5 32766 30 43 11 71 11 79 
54823 1974 12 5 10250 32766 32766 -10 16 -33 35 62 339 0 8 32766 15 47 3 73 1 84 
54823 1974 12 6 10252 32766 32766 -8 33 -43 33 57 341 0 11 32766 28 57 12 98 11 82 
54823 1974 12 7 10193 32766 32766 3 22 -24 41 67 357 0 7 32766 20 27 7 35 9 14 
54823 1974 12 8 10207 32766 32766 1 27 -19 45 74 357 0 7 32766 28 63 4 76 3 25 
54823 1974 12 9 10220 32766 32766 5 21 -3 56 89 384 31002 4 32766 15 43 3 71 2 0 
54823 1974 12 10 10261 32766 32766 -6 3 -14 45 77 360 32700 12 32766 38 60 3 107 2 0 
54823 1974 12 11 10275 32766 32766 -16 12 -35 41 76 355 0 20 32766 20 40 3 66 1 68 
54823 1974 12 12 10267 32766 32766 -13 10 -33 44 79 366 31001 5 32766 13 27 16 27 15 0 
54823 1974 12 13 10265 32766 32766 -21 -3 -34 43 82 364 31007 6 32766 13 43 3 67 2 22 
54823 1974 12 14 10294 32766 32766 -51 -17 -79 18 43 326 0 12 32766 20 33 14 61 13 71 
54823 1974 12 15 10264 32766 32766 -24 8 -61 22 44 334 0 10 32766 23 37 11 50 9 61 
54823 1974 12 16 10270 32766 32766 -14 -3 -28 36 65 361 0 8 32766 20 40 4 38 3 0 
54823 1974 12 17 10269 32766 32766 -16 2 -25 42 78 360 31003 5 32766 15 50 4 58 2 15 
54823 1974 12 18 10293 32766 32766 -23 18 -55 21 41 332 0 15 32766 15 37 15 53 14 78 
54823 1974 12 19 10277 32766 32766 -1 38 -33 26 43 333 0 15 32766 33 83 12 102 10 66 
54823 1974 12 20 10281 32766 32766 1 45 -31 23 37 328 0 16 32766 20 40 12 63 11 83 
54823 1974 12 21 10262 32766 32766 15 64 -21 27 40 321 0 31 32766 30 57 11 73 10 73 
54823 1974 12 22 10205 32766 32766 27 63 -4 33 45 336 0 33 32766 43 77 11 122 9 62 
54823 1974 12 23 10209 32766 32766 20 52 -9 46 65 361 0 17 32766 20 50 11 78 10 40 
54823 1974 12 24 10254 32766 32766 -3 47 -45 25 45 314 0 22 32766 28 53 11 90 9 74 
54823 1974 12 25 10240 32766 32766 30 72 4 34 46 332 0 29 32766 35 77 11 138 9 66 
54823 1974 12 26 10260 32766 32766 40 91 2 47 58 341 0 24 32766 20 40 11 81 8 63 
54823 1974 12 27 10247 32766 32766 36 71 -3 62 78 364 14 0 32766 13 30 5 26 4 0 
54823 1974 12 28 10213 32766 32766 24 36 14 71 97 396 51 5 32766 23 53 3 40 3 0 
54823 1974 12 29 10207 32766 32766 12 28 6 65 98 396 33 1 32766 13 40 15 49 14 0 
54823 1974 12 30 10247 32766 32766 0 27 -16 52 86 373 0 12 32766 15 37 3 46 2 71 
54823 1974 12 31 10220 32766 32766 -11 -1 -20 54 96 394 31045 11 32766 33 60 4 82 2 0 
54823 1975 1 1 10272 32766 32766 -21 -4 -40 43 82 365 31010 22 32766 45 63 4 90 3 83 
54823 1975 1 2 10257 32766 32766 -27 23 -74 41 81 367 0 13 32766 20 40 11 65 10 79 
54823 1975 1 3 10246 32766 32766 -24 17 -67 44 86 372 0 4 32766 10 33 12 41 11 61 
54823 1975 1 4 10204 32766 32766 -15 10 -49 46 85 372 0 5 32766 30 63 14 79 13 19 
54823 1975 1 5 10268 32766 32766 -29 -6 -58 36 73 360 0 6 32766 23 43 4 49 3 62 
54823 1975 1 6 10207 32766 32766 3 48 -29 49 79 359 0 5 32766 13 57 10 88 10 30 
54823 1975 1 7 10143 32766 32766 10 56 -14 56 86 376 0 4 32766 15 47 14 53 1 27 
